patient_id,timestamp,oxygen_saturation,heart_rate,temperature,blood_pressure,blood_glucose,weight,clinical_note,deterioration
PAT-00001,2024-01-01 10:07:01,96.6,98,36.2,137/88,104,91.5,Patient denies any symptoms or discomfort.,0
PAT-00001,2024-01-02 08:37:27,95.1,91,35.7,110/72,76,91.5,Patient describes mild coldness.,0
PAT-00001,2024-01-03 10:41:44,97.1,107,36.5,123/77,84,91.5,Notes anxiety.,0
PAT-00001,2024-01-04 08:48:51,98.9,95,37.0,123/80,108,91.5,Patient is feeling well with all parameters stable.,0
PAT-00001,2024-01-05 09:06:05,95.5,102,36.3,163/111,111,91.5,"Patient describes anxiety, headaches.",1
PAT-00001,2024-01-06 10:07:59,94.8,72,36.5,112/79,96,91.5,Patient denies any symptoms or discomfort.,0
PAT-00001,2024-01-07 08:45:04,95.4,50,37.1,117/79,72,91.5,Reports lightheadedness.,1
PAT-00001,2024-01-08 09:40:53,93.3,55,37.3,165/111,81,91.5,Notes chest tightness.,1
PAT-00001,2024-01-09 10:41:04,96.4,59,35.7,130/75,87,91.5,"This morning, mild coldness.",0
PAT-00001,2024-01-10 09:59:40,93.0,58,36.7,117/80,96,91.5,Patient is feeling well with all parameters stable.,0
PAT-00001,2024-01-11 08:51:20,94.6,56,36.3,138/86,76,91.5,Patient is feeling well with all parameters stable.,0
PAT-00001,2024-01-12 10:31:25,98.1,88,35.8,130/84,135,91.5,"Today, patient states lowered energy, blurred vision.",0
PAT-00001,2024-01-13 10:16:47,97.9,78,36.5,123/82,81,91.5,Patient is feeling well with all parameters stable.,0
PAT-00001,2024-01-14 10:31:05,97.6,50,36.5,133/87,120,91.5,Observes lightheadedness.,1
PAT-00001,2024-01-15 09:24:38,98.7,74,36.9,126/78,87,91.5,No symptoms reported. Vitals are within expected range.,0
PAT-00001,2024-01-16 10:56:34,96.2,84,37.3,118/80,73,91.5,Vitals remain within acceptable limits. No issues noted.,0
PAT-00001,2024-01-17 08:29:00,95.4,90,36.5,118/75,86,91.5,No significant complaints today.,0
PAT-00001,2024-01-18 10:32:38,97.8,53,36.2,114/81,124,91.5,Patient describes lightheadedness.,1
PAT-00001,2024-01-19 09:01:07,96.7,55,36.5,119/77,71,91.5,Patient denies any symptoms or discomfort.,0
PAT-00001,2024-01-20 08:05:46,96.6,105,36.8,112/74,74,91.5,Indicates anxiety.,0
PAT-00001,2024-01-21 08:16:33,96.5,87,38.0,129/83,106,91.5,"Notes severe discomfort, chills. immediate attention may be needed.",1
PAT-00001,2024-01-22 10:41:23,96.5,57,36.9,126/84,73,91.5,Patient is feeling well with all parameters stable.,0
PAT-00001,2024-01-23 08:21:01,95.9,108,36.9,127/77,88,91.5,Patient describes palpitations.,0
PAT-00001,2024-01-24 10:03:14,95.6,92,37.4,111/80,102,91.5,No significant complaints today.,0
PAT-00001,2024-01-25 10:31:13,96.6,77,37.1,114/85,107,91.5,Vitals remain within acceptable limits. No issues noted.,0
PAT-00001,2024-01-26 08:06:06,97.2,103,38.0,121/83,83,91.5,"Patient describes restlessness, fever, severe discomfort. immediate attention may be needed.",1
PAT-00001,2024-01-27 09:51:55,100.0,63,36.4,117/76,76,91.5,Patient is feeling well with all parameters stable.,0
PAT-00001,2024-01-28 09:11:17,93.9,74,37.3,117/72,84,91.5,No symptoms reported. Vitals are within expected range.,0
PAT-00001,2024-01-29 10:34:53,96.9,90,38.8,112/77,105,91.5,"Indicates headache, severe discomfort. immediate attention may be needed.",1
PAT-00001,2024-01-30 09:57:03,96.5,65,36.5,172/100,150,91.5,"Indicates headaches, severe blurred vision, dry mouth, frequent urination. immediate attention may be needed.",1
PAT-00002,2024-01-01 10:46:50,97.0,58,37.0,125/74,76,68.9,Patient is feeling well with all parameters stable.,0
PAT-00002,2024-01-02 08:37:47,96.6,58,36.4,111/80,101,68.9,Patient denies any symptoms or discomfort.,0
PAT-00002,2024-01-03 09:32:58,99.7,87,37.1,126/75,71,68.9,Patient is feeling well with all parameters stable.,0
PAT-00002,2024-01-04 08:38:04,96.9,81,37.2,137/91,73,68.9,Patient denies any symptoms or discomfort.,0
PAT-00002,2024-01-05 10:02:39,95.5,92,37.4,123/80,142,68.9,Patient notes that blurred vision.,0
PAT-00002,2024-01-06 09:08:42,94.5,80,36.9,119/84,80,68.9,No symptoms reported. Vitals are within expected range.,0
PAT-00002,2024-01-07 09:39:36,97.3,93,36.0,112/76,158,68.9,"Notes severe blurred vision, dry mouth, frequent urination. immediate attention may be needed.",0
PAT-00002,2024-01-08 09:56:04,94.3,53,38.1,121/79,136,68.9,"Patient describes fatigue, severe discomfort, muscle aches, frequent urination. worsening symptoms present.",1
PAT-00002,2024-01-09 10:19:59,96.9,60,37.9,113/74,142,68.9,"This morning, mild fever, blurred vision.",0
PAT-00002,2024-01-10 10:13:45,95.9,70,35.9,166/120,108,68.9,"Patient describes lowered energy, headaches.",0
PAT-00002,2024-01-11 09:53:17,94.2,61,37.7,110/80,175,68.9,"Notes mild fever, severe blurred vision, dry mouth, frequent urination. immediate attention may be needed.",0
PAT-00002,2024-01-12 09:35:45,96.3,73,37.1,127/70,73,68.9,Patient is feeling well with all parameters stable.,0
PAT-00002,2024-01-13 10:02:53,97.0,55,38.3,128/74,113,68.9,"Notes chills, fever.",1
PAT-00002,2024-01-14 08:57:22,97.0,66,37.2,181/107,91,68.9,"Reports chest pain, severe headache. immediate attention may be needed.",0
PAT-00002,2024-01-15 10:56:55,94.5,73,35.9,129/74,99,68.9,"This morning, mild coldness.",0
PAT-00002,2024-01-16 08:56:26,95.5,60,35.5,135/90,95,68.9,"Today, patient states lowered energy.",0
PAT-00002,2024-01-17 10:06:24,96.1,87,37.0,111/85,77,68.9,Vitals remain within acceptable limits. No issues noted.,0
PAT-00002,2024-01-18 09:19:52,93.8,85,37.0,137/88,127,68.9,"Today, patient states frequent urination.",0
PAT-00002,2024-01-19 09:55:04,91.9,90,36.8,118/81,90,68.9,Observes low energy.,0
PAT-00002,2024-01-20 10:21:01,96.4,51,38.5,118/75,88,68.9,"Observes fatigue, fever, severe discomfort. immediate attention may be needed.",0
PAT-00002,2024-01-21 09:27:38,95.1,76,37.1,113/82,162,68.9,"Today, patient states severe blurred vision, dry mouth, frequent urination. immediate attention may be needed.",1
PAT-00002,2024-01-22 10:27:00,94.7,76,37.0,127/76,81,68.9,No symptoms reported. Vitals are within expected range.,0
PAT-00002,2024-01-23 10:58:21,98.5,109,35.5,120/73,172,68.9,"Observes restlessness, lowered energy, severe blurred vision, dry mouth, frequent urination. immediate attention may be needed.",1
PAT-00002,2024-01-24 10:18:35,94.6,64,36.5,116/83,91,68.9,Patient is feeling well with all parameters stable.,0
PAT-00002,2024-01-25 10:36:19,95.5,72,37.0,127/70,79,68.9,Patient is feeling well with all parameters stable.,0
PAT-00002,2024-01-26 09:50:37,93.5,79,37.3,150/90,84,68.9,Vitals remain within acceptable limits. No issues noted.,0
PAT-00002,2024-01-27 10:13:32,96.4,105,37.3,115/72,79,68.9,Patient notes that anxiety.,1
PAT-00002,2024-01-28 08:43:19,94.8,67,36.9,185/106,74,68.9,"Patient describes chest pain, severe headache. immediate attention may be needed.",0
PAT-00002,2024-01-29 09:39:54,96.6,92,37.2,124/83,120,68.9,Vitals remain within acceptable limits. No issues noted.,0
PAT-00002,2024-01-30 09:25:15,94.8,94,36.1,150/85,174,68.9,"Reports severe blurred vision, dry mouth, frequent urination. worsening symptoms present.",0
PAT-00003,2024-01-01 08:11:51,94.6,58,38.1,124/71,117,100.7,"Indicates chills, fever.",0
PAT-00003,2024-01-02 09:42:33,97.1,58,37.2,149/90,94,100.7,Patient denies any symptoms or discomfort.,0
PAT-00003,2024-01-03 10:57:32,95.6,56,37.2,127/84,136,100.7,Indicates frequent urination.,0
PAT-00003,2024-01-04 08:53:40,96.6,54,37.0,126/85,90,100.7,Notes lightheadedness.,0
PAT-00003,2024-01-05 10:18:15,95.7,68,37.2,140/90,117,100.7,Patient is feeling well with all parameters stable.,0
PAT-00003,2024-01-06 08:14:24,96.0,94,36.8,182/106,72,100.7,"Observes chest pain, severe headache. immediate attention may be needed.",1
PAT-00003,2024-01-07 10:29:26,94.2,91,36.1,136/91,82,100.7,Patient denies any symptoms or discomfort.,0
PAT-00003,2024-01-08 09:30:00,96.5,101,38.6,119/82,97,100.7,"Indicates restlessness, severe discomfort, chills. immediate attention may be needed.",1
PAT-00003,2024-01-09 09:31:01,95.0,56,36.8,140/95,169,100.7,"Observes severe blurred vision, dry mouth, frequent urination. worsening symptoms present.",0
PAT-00003,2024-01-10 09:58:08,94.6,79,36.8,177/100,99,100.7,Patient describes headaches.,0
PAT-00003,2024-01-11 09:08:55,95.6,74,35.9,115/71,78,100.7,Patient notes that lowered energy.,0
PAT-00003,2024-01-12 09:21:48,96.6,88,37.4,122/78,94,100.7,No significant complaints today.,0
PAT-00003,2024-01-13 08:30:01,94.3,58,37.4,111/81,140,100.7,Reports frequent urination.,0
PAT-00003,2024-01-14 10:02:48,96.4,90,37.4,117/76,100,100.7,Patient is feeling well with all parameters stable.,0
PAT-00003,2024-01-15 08:30:42,96.0,63,37.0,128/76,155,100.7,"Notes severe blurred vision, dry mouth, frequent urination. worsening symptoms present.",0
PAT-00003,2024-01-16 08:38:38,100.0,93,35.9,115/79,73,100.7,Notes mild coldness.,0
PAT-00003,2024-01-17 09:25:45,94.4,96,39.0,132/94,92,100.7,"Notes chills, fever.",0
PAT-00003,2024-01-18 10:51:07,97.9,85,36.2,148/85,148,100.7,Observes frequent urination.,0
PAT-00003,2024-01-19 08:32:41,94.8,70,36.8,160/113,178,100.7,"Reports headaches, severe blurred vision, dry mouth, frequent urination. immediate attention may be needed.",0
PAT-00003,2024-01-20 09:40:57,98.4,57,36.0,114/83,137,100.7,Notes frequent urination.,0
PAT-00003,2024-01-21 10:49:30,95.1,57,38.2,123/78,80,100.7,"Notes chills, fever.",1
PAT-00003,2024-01-22 08:48:29,96.0,78,38.8,129/82,80,100.7,"Patient notes that fever, headache.",1
PAT-00003,2024-01-23 08:22:51,96.1,98,38.4,120/78,119,100.7,"Today, patient states muscle aches, fever.",1
PAT-00003,2024-01-24 10:26:31,92.9,107,36.9,137/92,90,100.7,Indicates anxiety.,0
PAT-00003,2024-01-25 08:05:18,98.6,53,37.0,172/107,79,100.7,"Patient notes that slow pulse, vision issues.",1
PAT-00003,2024-01-26 10:22:27,97.3,83,36.5,127/80,81,100.7,No significant complaints today.,0
PAT-00003,2024-01-27 09:16:14,98.7,63,36.8,183/106,80,100.7,"Reports chest pain, severe headache. worsening symptoms present.",0
PAT-00003,2024-01-28 10:11:12,99.0,66,37.3,183/115,78,100.7,"Notes chest pain, severe headache. worsening symptoms present.",1
PAT-00003,2024-01-29 08:18:14,96.1,55,36.7,115/79,126,100.7,"This morning, frequent urination.",0
PAT-00003,2024-01-30 08:35:18,91.9,82,36.5,114/85,73,100.7,Notes shortness of breath.,0
PAT-00004,2024-01-01 09:21:11,95.0,50,37.1,118/85,73,57.4,Observes lightheadedness.,1
PAT-00004,2024-01-02 10:40:43,93.9,91,35.7,114/74,95,57.4,Reports lowered energy.,0
PAT-00004,2024-01-03 08:35:48,95.8,103,36.9,149/94,95,57.4,"Today, patient states anxiety.",0
PAT-00004,2024-01-04 09:28:58,93.9,74,36.5,169/118,153,57.4,"Patient describes headaches, severe blurred vision, dry mouth, frequent urination. worsening symptoms present.",0
PAT-00004,2024-01-05 10:06:48,95.8,53,36.6,130/76,78,57.4,Reports slow pulse.,0
PAT-00004,2024-01-06 08:35:04,95.6,65,36.8,110/83,114,57.4,No significant complaints today.,0
PAT-00004,2024-01-07 08:14:18,97.2,82,36.5,119/84,72,57.4,No significant complaints today.,0
PAT-00004,2024-01-08 10:37:42,96.6,96,36.8,123/73,87,57.4,Patient is feeling well with all parameters stable.,0
PAT-00004,2024-01-09 09:52:09,94.7,92,38.4,131/87,125,57.4,"Indicates muscle aches, severe discomfort. immediate attention may be needed.",1
PAT-00004,2024-01-10 10:19:44,93.8,72,35.9,118/85,114,57.4,Patient describes mild coldness.,0
PAT-00004,2024-01-11 10:20:38,93.9,98,37.0,110/72,77,57.4,No significant complaints today.,0
PAT-00004,2024-01-12 10:02:48,95.6,52,36.6,125/84,99,57.4,"This morning, fatigue.",0
PAT-00004,2024-01-13 09:40:52,94.7,105,36.6,162/115,81,57.4,"Patient notes that restlessness, headaches.",0
PAT-00004,2024-01-14 08:21:26,95.0,82,37.4,125/79,91,57.4,Patient denies any symptoms or discomfort.,0
PAT-00004,2024-01-15 08:29:05,94.8,100,37.3,118/80,73,57.4,Patient denies any symptoms or discomfort.,0
PAT-00004,2024-01-16 08:42:55,97.5,107,36.6,124/83,71,57.4,Patient notes that palpitations.,0
PAT-00004,2024-01-17 09:40:28,92.7,91,36.7,116/78,87,57.4,No significant complaints today.,0
PAT-00004,2024-01-18 09:56:44,96.1,75,36.5,113/70,90,57.4,Patient is feeling well with all parameters stable.,0
PAT-00004,2024-01-19 09:35:00,98.0,107,37.2,123/72,77,57.4,Indicates palpitations.,0
PAT-00004,2024-01-20 10:53:09,94.8,75,37.3,139/93,171,57.4,"Notes severe blurred vision, dry mouth, frequent urination. immediate attention may be needed.",0
PAT-00004,2024-01-21 09:30:15,96.7,57,35.6,147/87,82,57.4,"This morning, mild coldness.",0
PAT-00004,2024-01-22 09:49:50,94.8,56,36.1,120/78,96,57.4,No significant complaints today.,0
PAT-00004,2024-01-23 10:19:53,96.8,78,36.8,178/115,97,57.4,Indicates chest tightness.,0
PAT-00004,2024-01-24 09:21:35,95.2,58,36.8,122/84,99,57.4,Patient is feeling well with all parameters stable.,0
PAT-00004,2024-01-25 10:15:36,96.0,102,38.1,117/83,128,57.4,"This morning, restlessness, headache, severe discomfort, dry mouth. immediate attention may be needed.",1
PAT-00004,2024-01-26 08:08:32,99.4,90,36.3,148/90,97,57.4,Vitals remain within acceptable limits. No issues noted.,0
PAT-00004,2024-01-27 08:33:58,96.7,74,37.3,130/87,83,57.4,No symptoms reported. Vitals are within expected range.,0
PAT-00004,2024-01-28 09:50:16,95.2,70,37.1,129/82,90,57.4,No significant complaints today.,0
PAT-00004,2024-01-29 10:54:34,97.0,72,37.7,140/95,92,57.4,Patient describes night sweats.,0
PAT-00004,2024-01-30 08:40:43,96.7,89,36.5,119/77,123,57.4,Vitals remain within acceptable limits. No issues noted.,0
PAT-00005,2024-01-01 08:48:40,96.6,82,36.2,113/84,75,90.9,No symptoms reported. Vitals are within expected range.,0
PAT-00005,2024-01-02 08:20:50,97.3,91,36.9,139/90,81,90.9,Patient is feeling well with all parameters stable.,0
PAT-00005,2024-01-03 08:33:26,95.9,59,38.3,135/87,137,90.9,"Today, patient states fever, headache, frequent urination.",1
PAT-00005,2024-01-04 10:09:14,94.4,74,36.8,150/89,155,90.9,"Notes severe blurred vision, dry mouth, frequent urination. worsening symptoms present.",1
PAT-00005,2024-01-05 09:57:18,96.9,60,36.5,177/105,102,90.9,Patient notes that headaches.,0
PAT-00005,2024-01-06 09:40:27,96.1,82,36.5,118/84,109,90.9,Vitals remain within acceptable limits. No issues noted.,0
PAT-00005,2024-01-07 09:06:15,98.2,102,36.8,128/81,162,90.9,"Notes restlessness, severe blurred vision, dry mouth, frequent urination. immediate attention may be needed.",0
PAT-00005,2024-01-08 10:25:17,93.4,60,36.6,128/71,99,90.9,No significant complaints today.,0
PAT-00005,2024-01-09 08:38:51,93.4,101,36.8,167/120,76,90.9,"This morning, anxiety, headaches.",0
PAT-00005,2024-01-10 10:41:02,99.7,99,36.6,185/114,71,90.9,"Patient notes that chest pain, severe headache. worsening symptoms present.",0
PAT-00005,2024-01-11 08:58:18,98.3,70,36.3,123/75,76,90.9,Patient denies any symptoms or discomfort.,0
PAT-00005,2024-01-12 09:33:32,96.0,98,37.8,115/78,99,90.9,Notes night sweats.,0
PAT-00005,2024-01-13 09:51:07,96.0,74,36.5,132/87,94,90.9,Vitals remain within acceptable limits. No issues noted.,0
PAT-00005,2024-01-14 10:23:05,90.7,85,36.6,122/70,142,90.9,"Indicates low energy, blurred vision.",1
PAT-00005,2024-01-15 10:43:16,98.2,59,36.7,142/95,81,90.9,Patient is feeling well with all parameters stable.,0
PAT-00005,2024-01-16 09:01:39,97.9,107,36.6,140/94,77,90.9,Reports anxiety.,0
PAT-00005,2024-01-17 09:58:44,98.5,99,36.6,150/91,73,90.9,No symptoms reported. Vitals are within expected range.,0
PAT-00005,2024-01-18 08:19:31,95.5,63,38.7,113/77,117,90.9,"Indicates chills, headache.",0
PAT-00005,2024-01-19 10:44:34,95.3,103,37.3,128/74,98,90.9,Reports restlessness.,0
PAT-00005,2024-01-20 10:26:17,96.7,61,38.7,121/76,84,90.9,"Patient notes that headache, chills.",1
PAT-00005,2024-01-21 10:23:34,93.5,88,36.7,150/90,71,90.9,No significant complaints today.,0
PAT-00005,2024-01-22 08:07:54,91.8,104,38.6,112/76,167,90.9,"Patient notes that low energy, anxiety, fever, severe discomfort, severe blurred vision, dry mouth, frequent urination. immediate attention may be needed.",0
PAT-00005,2024-01-23 08:50:36,99.4,66,38.7,112/76,88,90.9,"Patient notes that chills, severe discomfort. worsening symptoms present.",1
PAT-00005,2024-01-24 10:00:17,96.6,87,36.5,134/87,160,90.9,"Notes severe blurred vision, dry mouth, frequent urination. worsening symptoms present.",0
PAT-00005,2024-01-25 08:42:55,92.6,60,35.7,114/70,148,90.9,"Patient notes that mild coldness, frequent urination.",0
PAT-00005,2024-01-26 09:03:08,96.4,103,37.1,146/86,93,90.9,Indicates palpitations.,0
PAT-00005,2024-01-27 09:32:37,94.0,93,36.2,174/116,77,90.9,Patient describes vision issues.,0
PAT-00005,2024-01-28 10:33:19,99.3,104,38.1,130/70,71,90.9,"Reports restlessness, headache, severe discomfort. immediate attention may be needed.",0
PAT-00005,2024-01-29 09:04:57,98.0,92,36.1,120/74,102,90.9,No significant complaints today.,0
PAT-00005,2024-01-30 10:40:37,94.8,107,37.1,120/82,89,90.9,Notes anxiety.,0
PAT-00006,2024-01-01 10:27:06,94.3,93,37.0,130/76,83,84.5,Patient is feeling well with all parameters stable.,0
PAT-00006,2024-01-02 09:21:52,97.4,74,37.2,122/83,93,84.5,No significant complaints today.,0
PAT-00006,2024-01-03 09:20:42,95.9,68,36.6,141/87,121,84.5,No symptoms reported. Vitals are within expected range.,0
PAT-00006,2024-01-04 08:53:05,99.5,62,37.0,123/73,93,84.5,Patient is feeling well with all parameters stable.,0
PAT-00006,2024-01-05 10:03:37,95.9,107,37.3,147/90,121,84.5,Observes palpitations.,1
PAT-00006,2024-01-06 10:48:27,97.2,87,37.2,111/79,89,84.5,No significant complaints today.,0
PAT-00006,2024-01-07 08:36:32,96.9,96,37.3,114/85,107,84.5,No significant complaints today.,0
PAT-00006,2024-01-08 10:23:07,96.4,98,39.0,178/107,95,84.5,"Notes headache, fever, vision issues.",0
PAT-00006,2024-01-09 09:44:48,96.1,69,37.6,120/81,70,84.5,"This morning, mild fever.",0
PAT-00006,2024-01-10 09:04:09,96.1,110,36.1,110/72,123,84.5,"Today, patient states anxiety.",1
PAT-00006,2024-01-11 09:21:10,95.6,71,36.7,139/90,175,84.5,"Reports severe blurred vision, dry mouth, frequent urination. worsening symptoms present.",0
PAT-00006,2024-01-12 08:10:48,95.1,79,36.4,161/102,78,84.5,Observes headaches.,0
PAT-00006,2024-01-13 09:26:17,96.2,53,37.4,126/73,111,84.5,Reports fatigue.,1
PAT-00006,2024-01-14 10:37:31,98.1,76,37.0,181/109,128,84.5,"Observes chest pain, severe headache, blurred vision. worsening symptoms present.",1
PAT-00006,2024-01-15 08:00:13,95.1,69,36.6,116/74,94,84.5,No significant complaints today.,0
PAT-00006,2024-01-16 09:07:00,98.9,105,36.6,123/75,74,84.5,"Today, patient states restlessness.",0
PAT-00006,2024-01-17 10:51:22,95.9,62,36.6,172/101,113,84.5,Indicates chest tightness.,0
PAT-00006,2024-01-18 09:36:27,96.5,108,37.3,172/120,83,84.5,"Observes restlessness, chest tightness.",0
PAT-00006,2024-01-19 09:10:51,93.8,59,37.3,144/90,102,84.5,No symptoms reported. Vitals are within expected range.,0
PAT-00006,2024-01-20 08:27:37,96.8,72,36.6,126/72,82,84.5,No significant complaints today.,0
PAT-00006,2024-01-21 08:21:49,94.7,95,38.8,162/116,166,84.5,"Patient notes that fever, chills, headaches, severe blurred vision, dry mouth, frequent urination. worsening symptoms present.",0
PAT-00006,2024-01-22 10:52:09,98.4,97,37.2,133/87,78,84.5,Patient is feeling well with all parameters stable.,0
PAT-00006,2024-01-23 10:09:48,94.9,110,37.0,112/75,94,84.5,Indicates anxiety.,0
PAT-00006,2024-01-24 10:48:37,97.3,57,36.5,181/118,167,84.5,"Patient notes that chest pain, severe headache, severe blurred vision, dry mouth, frequent urination. worsening symptoms present.",0
PAT-00006,2024-01-25 10:20:09,96.6,74,36.5,112/85,84,84.5,No significant complaints today.,0
PAT-00006,2024-01-26 10:03:22,96.7,106,36.9,112/79,84,84.5,Patient describes restlessness.,0
PAT-00006,2024-01-27 09:04:41,95.0,51,36.9,129/82,114,84.5,Patient describes slow pulse.,0
PAT-00006,2024-01-28 10:41:12,96.4,70,37.0,129/85,158,84.5,"This morning, severe blurred vision, dry mouth, frequent urination. worsening symptoms present.",0
PAT-00006,2024-01-29 09:06:51,97.2,55,38.6,132/93,120,84.5,"Today, patient states chills, fever.",0
PAT-00006,2024-01-30 09:33:33,98.2,79,37.2,115/81,149,84.5,Observes dry mouth.,0
PAT-00007,2024-01-01 09:43:38,94.3,61,36.2,150/95,80,69.4,No significant complaints today.,0
PAT-00007,2024-01-02 08:35:43,96.4,72,37.0,119/78,123,69.4,No significant complaints today.,0
PAT-00007,2024-01-03 08:37:42,96.1,94,36.9,189/111,79,69.4,"Observes chest pain, severe headache. immediate attention may be needed.",1
PAT-00007,2024-01-04 10:05:19,97.2,107,38.5,122/80,96,69.4,"Observes palpitations, severe discomfort, fever. worsening symptoms present.",0
PAT-00007,2024-01-05 08:23:19,96.4,65,36.0,116/80,124,69.4,Patient is feeling well with all parameters stable.,0
PAT-00007,2024-01-06 08:08:09,94.9,62,35.5,119/73,86,69.4,Patient notes that mild coldness.,0
PAT-00007,2024-01-07 10:08:38,96.8,72,36.8,114/75,137,69.4,"This morning, frequent urination.",0
PAT-00007,2024-01-08 08:26:23,93.1,97,37.1,124/79,94,69.4,Patient is feeling well with all parameters stable.,0
PAT-00007,2024-01-09 10:15:19,91.6,90,36.7,185/115,98,69.4,"Patient notes that shortness of breath, chest pain, severe headache. worsening symptoms present.",0
PAT-00007,2024-01-10 10:28:29,97.3,84,36.8,119/82,158,69.4,"Observes severe blurred vision, dry mouth, frequent urination. worsening symptoms present.",0
PAT-00007,2024-01-11 08:51:38,95.8,64,37.8,118/71,90,69.4,Patient notes that night sweats.,0
PAT-00007,2024-01-12 08:45:54,93.5,58,37.4,113/79,131,69.4,Notes blurred vision.,0
PAT-00007,2024-01-13 10:09:53,98.9,73,37.2,132/88,114,69.4,No symptoms reported. Vitals are within expected range.,0
PAT-00007,2024-01-14 09:03:25,96.4,76,36.5,121/77,112,69.4,No significant complaints today.,0
PAT-00007,2024-01-15 08:01:20,97.4,89,36.9,113/80,95,69.4,Patient is feeling well with all parameters stable.,0
PAT-00007,2024-01-16 08:18:58,97.7,86,36.4,125/74,94,69.4,Vitals remain within acceptable limits. No issues noted.,0
PAT-00007,2024-01-17 10:00:57,94.7,62,36.7,130/89,139,69.4,Observes blurred vision.,0
PAT-00007,2024-01-18 09:15:19,94.1,93,37.7,111/77,113,69.4,Indicates body aches.,0
PAT-00007,2024-01-19 09:38:34,95.9,60,36.4,130/77,92,69.4,No significant complaints today.,0
PAT-00007,2024-01-20 09:00:39,95.5,101,35.8,117/83,75,69.4,"Patient notes that anxiety, mild coldness.",0
PAT-00007,2024-01-21 10:34:32,94.6,85,37.8,126/70,82,69.4,Patient describes night sweats.,0
PAT-00007,2024-01-22 09:16:47,98.8,90,37.6,121/72,111,69.4,Reports mild fever.,0
PAT-00007,2024-01-23 10:48:21,97.8,52,37.2,111/81,117,69.4,"This morning, fatigue.",1
PAT-00007,2024-01-24 10:29:44,98.6,75,36.9,150/87,95,69.4,No symptoms reported. Vitals are within expected range.,0
PAT-00007,2024-01-25 10:49:29,96.4,91,36.6,169/106,71,69.4,Patient describes chest tightness.,0
PAT-00007,2024-01-26 09:32:25,97.0,86,37.0,147/92,78,69.4,Patient is feeling well with all parameters stable.,0
PAT-00007,2024-01-27 09:22:55,94.9,50,38.5,130/80,108,69.4,"Observes lightheadedness, muscle aches, headache.",0
PAT-00007,2024-01-28 09:21:11,95.5,57,37.1,125/81,99,69.4,No symptoms reported. Vitals are within expected range.,0
PAT-00007,2024-01-29 10:27:05,92.7,73,37.6,179/105,87,69.4,"Reports night sweats, headaches.",1
PAT-00007,2024-01-30 10:18:19,99.4,74,38.9,129/83,75,69.4,"Indicates headache, muscle aches.",1
PAT-00008,2024-01-01 09:39:27,99.0,68,36.1,180/101,72,94.0,Observes vision issues.,0
PAT-00008,2024-01-02 10:43:10,98.8,90,37.8,164/119,91,94.0,"This morning, night sweats, chest tightness.",0
PAT-00008,2024-01-03 10:23:23,97.1,72,36.8,128/71,89,94.0,Vitals remain within acceptable limits. No issues noted.,0
PAT-00008,2024-01-04 09:23:28,95.3,84,37.9,132/94,74,94.0,Patient notes that body aches.,0
PAT-00008,2024-01-05 10:17:15,95.1,51,36.6,110/75,85,94.0,Observes slow pulse.,0
PAT-00008,2024-01-06 08:16:49,96.7,68,37.2,124/76,89,94.0,Vitals remain within acceptable limits. No issues noted.,0
PAT-00008,2024-01-07 08:07:08,99.0,92,35.5,144/87,122,94.0,Reports lowered energy.,0
PAT-00008,2024-01-08 09:42:22,97.7,82,38.7,112/79,145,94.0,"Today, patient states chills, severe discomfort, dry mouth. immediate attention may be needed.",0
PAT-00008,2024-01-09 08:50:08,95.5,97,35.9,185/115,70,94.0,"Patient notes that lowered energy, chest pain, severe headache. immediate attention may be needed.",0
PAT-00008,2024-01-10 10:08:39,95.6,92,37.3,112/79,82,94.0,Patient denies any symptoms or discomfort.,0
PAT-00008,2024-01-11 09:49:26,97.8,86,36.9,148/86,74,94.0,No symptoms reported. Vitals are within expected range.,0
PAT-00008,2024-01-12 09:29:43,96.7,106,37.1,121/74,124,94.0,"This morning, anxiety.",0
PAT-00008,2024-01-13 08:27:32,94.8,50,36.1,133/93,135,94.0,"This morning, fatigue, blurred vision.",1
PAT-00008,2024-01-14 10:14:22,99.8,90,37.0,190/116,98,94.0,"Notes chest pain, severe headache. worsening symptoms present.",0
PAT-00008,2024-01-15 09:12:40,98.2,107,36.8,138/87,90,94.0,Reports restlessness.,0
PAT-00008,2024-01-16 08:37:37,98.4,64,37.6,165/119,93,94.0,"Patient describes body aches, headaches.",0
PAT-00008,2024-01-17 08:05:02,96.6,90,37.3,130/78,90,94.0,Patient denies any symptoms or discomfort.,0
PAT-00008,2024-01-18 09:39:40,96.8,60,38.6,145/95,87,94.0,"Indicates muscle aches, severe discomfort. immediate attention may be needed.",0
PAT-00008,2024-01-19 10:25:19,95.7,74,35.8,112/71,75,94.0,Observes lowered energy.,0
PAT-00008,2024-01-20 08:21:38,96.3,64,36.8,120/80,93,94.0,Vitals remain within acceptable limits. No issues noted.,0
PAT-00008,2024-01-21 08:48:23,99.3,76,36.8,177/103,80,94.0,Indicates chest tightness.,0
PAT-00008,2024-01-22 09:15:09,98.0,63,35.8,111/79,82,94.0,"Today, patient states lowered energy.",0
PAT-00008,2024-01-23 08:52:20,98.0,89,37.2,148/90,138,94.0,Indicates blurred vision.,0
PAT-00008,2024-01-24 09:31:56,100.0,99,35.5,145/85,131,94.0,"Indicates lowered energy, frequent urination.",0
PAT-00008,2024-01-25 08:37:22,96.2,91,38.0,111/79,85,94.0,"Notes severe discomfort, headache. worsening symptoms present.",0
PAT-00008,2024-01-26 08:27:08,95.9,98,36.7,141/91,81,94.0,Vitals remain within acceptable limits. No issues noted.,0
PAT-00008,2024-01-27 08:36:35,97.8,66,36.8,121/79,72,94.0,Patient denies any symptoms or discomfort.,0
PAT-00008,2024-01-28 09:48:35,92.9,68,35.9,149/95,89,94.0,"This morning, mild coldness.",0
PAT-00008,2024-01-29 09:23:50,92.8,55,37.2,127/81,94,94.0,Patient is feeling well with all parameters stable.,0
PAT-00008,2024-01-30 10:32:25,96.9,76,38.4,131/85,128,94.0,"Indicates chills, muscle aches, dry mouth.",0
PAT-00009,2024-01-01 10:08:20,95.4,59,36.6,140/87,82,59.4,Patient denies any symptoms or discomfort.,0
PAT-00009,2024-01-02 09:32:53,95.4,76,36.0,127/85,92,59.4,Vitals remain within acceptable limits. No issues noted.,0
PAT-00009,2024-01-03 08:23:21,98.5,93,37.3,123/79,95,59.4,Patient denies any symptoms or discomfort.,0
PAT-00009,2024-01-04 09:16:41,96.1,85,36.6,128/77,93,59.4,Patient denies any symptoms or discomfort.,0
PAT-00009,2024-01-05 09:10:33,95.7,80,37.7,149/91,74,59.4,"Today, patient states body aches.",0
PAT-00009,2024-01-06 10:07:12,99.4,60,37.7,124/80,113,59.4,Observes mild fever.,0
PAT-00009,2024-01-07 09:32:49,94.9,79,36.5,125/71,171,59.4,"This morning, severe blurred vision, dry mouth, frequent urination. worsening symptoms present.",0
PAT-00009,2024-01-08 10:20:42,94.8,105,36.5,126/82,80,59.4,Indicates palpitations.,1
PAT-00009,2024-01-09 09:34:22,94.0,60,36.9,184/120,125,59.4,"Notes chest pain, severe headache. worsening symptoms present.",0
PAT-00009,2024-01-10 08:15:17,92.0,77,37.4,139/88,79,59.4,Patient is feeling well with all parameters stable.,0
PAT-00009,2024-01-11 10:45:31,96.7,70,36.5,125/81,161,59.4,"Notes severe blurred vision, dry mouth, frequent urination. immediate attention may be needed.",1
PAT-00009,2024-01-12 10:43:34,97.1,102,36.5,122/81,124,59.4,Notes palpitations.,1
PAT-00009,2024-01-13 10:05:22,94.2,89,37.2,174/120,78,59.4,Indicates vision issues.,0
PAT-00009,2024-01-14 10:17:59,93.8,58,38.3,138/87,73,59.4,"Today, patient states severe discomfort, chills. immediate attention may be needed.",1
PAT-00009,2024-01-15 10:14:40,95.4,67,36.1,111/73,113,59.4,Vitals remain within acceptable limits. No issues noted.,0
PAT-00009,2024-01-16 08:43:49,97.4,94,36.7,110/75,83,59.4,Vitals remain within acceptable limits. No issues noted.,0
PAT-00009,2024-01-17 10:12:48,97.9,54,36.7,120/79,90,59.4,Reports lightheadedness.,0
PAT-00009,2024-01-18 08:34:47,96.8,50,37.4,189/105,83,59.4,"Patient describes lightheadedness, chest pain, severe headache. worsening symptoms present.",0
PAT-00009,2024-01-19 09:50:31,100.0,52,36.2,119/71,126,59.4,"Reports fatigue, frequent urination.",0
PAT-00009,2024-01-20 09:18:29,96.5,80,36.5,127/85,98,59.4,Patient denies any symptoms or discomfort.,0
PAT-00009,2024-01-21 09:17:12,96.6,85,37.4,133/90,105,59.4,No significant complaints today.,0
PAT-00009,2024-01-22 10:11:00,95.9,83,36.6,120/79,88,59.4,Patient is feeling well with all parameters stable.,0
PAT-00009,2024-01-23 10:54:40,97.6,102,36.5,123/80,72,59.4,Reports restlessness.,0
PAT-00009,2024-01-24 08:30:20,96.1,53,36.7,110/78,82,59.4,Indicates lightheadedness.,0
PAT-00009,2024-01-25 09:19:37,97.1,108,36.6,130/89,120,59.4,"Today, patient states restlessness.",1
PAT-00009,2024-01-26 08:29:19,95.6,95,37.6,142/95,158,59.4,"Notes body aches, severe blurred vision, dry mouth, frequent urination. worsening symptoms present.",1
PAT-00009,2024-01-27 10:58:18,99.0,101,35.6,129/77,77,59.4,"This morning, palpitations, lowered energy.",1
PAT-00009,2024-01-28 10:23:26,95.2,82,38.7,147/92,94,59.4,"Today, patient states severe discomfort, chills. worsening symptoms present.",1
PAT-00009,2024-01-29 10:55:50,96.3,62,36.8,126/84,159,59.4,"Patient notes that severe blurred vision, dry mouth, frequent urination. immediate attention may be needed.",1
PAT-00009,2024-01-30 10:07:03,93.3,86,37.2,147/93,106,59.4,Patient is feeling well with all parameters stable.,0
PAT-00010,2024-01-01 09:54:33,94.9,74,36.4,113/76,171,51.5,"Indicates severe blurred vision, dry mouth, frequent urination. immediate attention may be needed.",1
PAT-00010,2024-01-02 10:28:51,96.8,50,38.2,124/74,86,51.5,"Indicates fatigue, headache, fever.",0
PAT-00010,2024-01-03 09:46:01,98.4,102,36.6,118/70,123,51.5,Reports palpitations.,0
PAT-00010,2024-01-04 09:44:04,95.7,77,36.8,111/72,115,51.5,No significant complaints today.,0
PAT-00010,2024-01-05 09:11:49,94.7,64,36.7,150/95,83,51.5,Vitals remain within acceptable limits. No issues noted.,0
PAT-00010,2024-01-06 09:55:58,98.1,56,37.0,142/86,169,51.5,"This morning, severe blurred vision, dry mouth, frequent urination. worsening symptoms present.",1
PAT-00010,2024-01-07 09:07:11,98.6,107,36.6,142/93,74,51.5,"Today, patient states anxiety.",0
PAT-00010,2024-01-08 08:19:29,99.1,81,35.6,147/91,87,51.5,"Today, patient states lowered energy.",0
PAT-00010,2024-01-09 09:09:17,93.3,66,37.1,113/71,95,51.5,Patient denies any symptoms or discomfort.,0
PAT-00010,2024-01-10 08:15:13,94.1,92,37.2,113/71,84,51.5,Patient is feeling well with all parameters stable.,0
PAT-00010,2024-01-11 10:02:25,98.0,74,36.6,117/76,124,51.5,Patient is feeling well with all parameters stable.,0
PAT-00010,2024-01-12 10:18:14,94.5,86,36.9,128/80,162,51.5,"Patient notes that severe blurred vision, dry mouth, frequent urination. immediate attention may be needed.",0
PAT-00010,2024-01-13 08:42:33,94.7,53,37.0,143/89,108,51.5,"This morning, lightheadedness.",0
PAT-00010,2024-01-14 09:35:31,97.9,61,35.8,171/120,91,51.5,"Patient notes that lowered energy, vision issues.",1
PAT-00010,2024-01-15 09:09:19,93.9,72,37.3,115/85,77,51.5,No significant complaints today.,0
PAT-00010,2024-01-16 10:09:51,92.1,104,38.5,111/83,113,51.5,"Observes anxiety, severe discomfort, chills. immediate attention may be needed.",0
PAT-00010,2024-01-17 08:21:41,95.7,62,37.2,144/90,102,51.5,No symptoms reported. Vitals are within expected range.,0
PAT-00010,2024-01-18 09:24:43,96.6,79,35.9,179/101,130,51.5,"Today, patient states mild coldness, vision issues, frequent urination.",0
PAT-00010,2024-01-19 09:19:58,96.8,50,36.9,136/88,123,51.5,Indicates lightheadedness.,1
PAT-00010,2024-01-20 10:38:45,94.7,66,36.9,122/77,87,51.5,No significant complaints today.,0
PAT-00010,2024-01-21 09:29:34,97.5,80,36.6,121/79,78,51.5,Patient denies any symptoms or discomfort.,0
PAT-00010,2024-01-22 09:29:06,96.8,105,37.4,120/76,81,51.5,Observes restlessness.,0
PAT-00010,2024-01-23 08:47:09,94.8,60,37.0,118/83,79,51.5,Patient is feeling well with all parameters stable.,0
PAT-00010,2024-01-24 09:14:24,97.2,78,36.4,137/92,87,51.5,No significant complaints today.,0
PAT-00010,2024-01-25 09:46:41,94.4,57,36.7,124/75,93,51.5,Patient is feeling well with all parameters stable.,0
PAT-00010,2024-01-26 08:46:34,97.3,57,38.1,115/71,116,51.5,"Patient describes fever, severe discomfort. worsening symptoms present.",0
PAT-00010,2024-01-27 09:08:53,96.4,80,37.1,117/72,122,51.5,No symptoms reported. Vitals are within expected range.,0
PAT-00010,2024-01-28 08:32:29,97.9,71,36.5,111/85,91,51.5,No symptoms reported. Vitals are within expected range.,0
PAT-00010,2024-01-29 08:34:35,94.9,73,37.0,130/85,116,51.5,Patient denies any symptoms or discomfort.,0
PAT-00010,2024-01-30 09:01:32,96.4,60,37.2,123/75,73,51.5,Patient denies any symptoms or discomfort.,0
PAT-00011,2024-01-01 08:15:12,97.4,79,36.5,126/78,96,55.9,No significant complaints today.,0
PAT-00011,2024-01-02 09:05:23,95.8,90,37.4,172/114,118,55.9,"Today, patient states chest tightness.",1
PAT-00011,2024-01-03 08:41:54,95.8,80,37.2,111/72,82,55.9,Vitals remain within acceptable limits. No issues noted.,0
PAT-00011,2024-01-04 10:30:03,95.3,80,36.6,110/75,72,55.9,Vitals remain within acceptable limits. No issues noted.,0
PAT-00011,2024-01-05 10:50:21,98.2,108,36.2,113/71,77,55.9,Indicates palpitations.,0
PAT-00011,2024-01-06 08:43:59,96.6,98,37.3,147/94,91,55.9,Patient is feeling well with all parameters stable.,0
PAT-00011,2024-01-07 09:01:13,95.7,59,36.9,114/82,99,55.9,No significant complaints today.,0
PAT-00011,2024-01-08 08:36:15,95.9,78,37.2,122/80,112,55.9,No symptoms reported. Vitals are within expected range.,0
PAT-00011,2024-01-09 10:47:22,99.5,91,37.1,163/113,77,55.9,Patient notes that chest tightness.,1
PAT-00011,2024-01-10 10:38:25,95.8,100,37.3,110/78,95,55.9,Vitals remain within acceptable limits. No issues noted.,0
PAT-00011,2024-01-11 08:22:35,95.6,90,37.2,122/83,75,55.9,No symptoms reported. Vitals are within expected range.,0
PAT-00011,2024-01-12 10:18:51,91.2,67,37.5,132/86,143,55.9,"This morning, shortness of breath, night sweats, frequent urination.",1
PAT-00011,2024-01-13 09:23:06,97.8,62,37.6,110/79,84,55.9,Notes night sweats.,0
PAT-00011,2024-01-14 08:11:27,97.6,104,36.9,177/117,116,55.9,"Patient describes restlessness, chest tightness.",1
PAT-00011,2024-01-15 10:05:38,93.5,79,35.6,120/82,70,55.9,Observes lowered energy.,0
PAT-00011,2024-01-16 08:46:57,96.4,77,36.2,137/94,86,55.9,Vitals remain within acceptable limits. No issues noted.,0
PAT-00011,2024-01-17 08:08:17,98.3,69,36.5,118/85,74,55.9,Patient is feeling well with all parameters stable.,0
PAT-00011,2024-01-18 09:17:26,96.9,69,37.1,125/72,81,55.9,Patient is feeling well with all parameters stable.,0
PAT-00011,2024-01-19 10:40:31,97.8,79,38.2,129/76,114,55.9,"Notes fever, chills.",1
PAT-00011,2024-01-20 09:21:53,94.7,109,37.2,122/80,84,55.9,Observes restlessness.,0
PAT-00011,2024-01-21 10:38:08,94.4,54,38.8,120/76,85,55.9,"Patient notes that fatigue, chills, headache.",0
PAT-00011,2024-01-22 10:40:31,97.8,90,36.5,148/88,110,55.9,No significant complaints today.,0
PAT-00011,2024-01-23 09:23:07,95.8,89,37.4,128/76,88,55.9,Patient denies any symptoms or discomfort.,0
PAT-00011,2024-01-24 08:46:29,97.8,90,37.2,116/84,177,55.9,"Notes severe blurred vision, dry mouth, frequent urination. worsening symptoms present.",0
PAT-00011,2024-01-25 08:52:54,94.7,85,36.1,143/95,85,55.9,No significant complaints today.,0
PAT-00011,2024-01-26 08:16:42,95.3,94,38.5,123/82,72,55.9,"Observes headache, severe discomfort. worsening symptoms present.",0
PAT-00011,2024-01-27 10:26:34,95.2,61,36.2,141/93,89,55.9,No symptoms reported. Vitals are within expected range.,0
PAT-00011,2024-01-28 08:42:42,95.8,55,37.0,115/71,162,55.9,"Observes severe blurred vision, dry mouth, frequent urination. worsening symptoms present.",1
PAT-00011,2024-01-29 09:50:27,96.9,63,35.5,110/73,78,55.9,"Today, patient states mild coldness.",0
PAT-00011,2024-01-30 09:29:49,97.2,108,36.6,182/116,104,55.9,"Patient describes restlessness, chest pain, severe headache. immediate attention may be needed.",1
PAT-00012,2024-01-01 09:26:58,98.6,90,36.9,132/86,96,78.8,No significant complaints today.,0
PAT-00012,2024-01-02 09:21:29,95.8,96,37.2,126/85,81,78.8,No symptoms reported. Vitals are within expected range.,0
PAT-00012,2024-01-03 09:46:44,95.2,74,37.1,140/86,79,78.8,No symptoms reported. Vitals are within expected range.,0
PAT-00012,2024-01-04 08:54:21,94.2,60,37.4,133/95,95,78.8,Patient is feeling well with all parameters stable.,0
PAT-00012,2024-01-05 10:11:35,93.6,65,35.6,170/117,83,78.8,"Observes lowered energy, chest tightness.",0
PAT-00012,2024-01-06 08:40:42,98.4,56,37.0,142/85,93,78.8,Vitals remain within acceptable limits. No issues noted.,0
PAT-00012,2024-01-07 10:27:24,94.0,90,37.1,182/106,139,78.8,"Reports chest pain, severe headache, dry mouth. worsening symptoms present.",0
PAT-00012,2024-01-08 10:11:23,94.6,70,37.1,116/84,133,78.8,Indicates dry mouth.,0
PAT-00012,2024-01-09 10:20:38,97.3,102,36.9,179/112,88,78.8,"Patient notes that palpitations, headaches.",0
PAT-00012,2024-01-10 10:11:52,99.8,81,37.7,119/72,91,78.8,Patient notes that mild fever.,0
PAT-00012,2024-01-11 09:07:11,96.7,101,37.9,182/104,116,78.8,"This morning, restlessness, night sweats, chest pain, severe headache. worsening symptoms present.",1
PAT-00012,2024-01-12 09:11:31,96.4,60,36.3,147/95,99,78.8,Patient denies any symptoms or discomfort.,0
PAT-00012,2024-01-13 08:31:18,94.9,52,36.1,115/80,96,78.8,Patient describes fatigue.,0
PAT-00012,2024-01-14 08:31:08,97.6,96,35.9,122/85,83,78.8,Observes lowered energy.,0
PAT-00012,2024-01-15 09:31:10,93.9,62,36.2,178/100,125,78.8,Notes chest tightness.,1
PAT-00012,2024-01-16 08:34:18,93.9,65,37.8,124/85,87,78.8,Reports body aches.,0
PAT-00012,2024-01-17 09:49:34,96.1,101,38.4,127/71,94,78.8,"Observes anxiety, headache, chills.",1
PAT-00012,2024-01-18 10:48:15,98.3,54,37.2,187/101,84,78.8,"Patient notes that fatigue, chest pain, severe headache. worsening symptoms present.",1
PAT-00012,2024-01-19 08:28:55,90.6,63,37.2,137/88,177,78.8,"Patient notes that low energy, severe blurred vision, dry mouth, frequent urination. worsening symptoms present.",1
PAT-00012,2024-01-20 10:40:27,97.4,65,37.0,129/74,125,78.8,Patient is feeling well with all parameters stable.,0
PAT-00012,2024-01-21 08:36:22,96.2,107,36.9,138/94,160,78.8,"Patient notes that palpitations, severe blurred vision, dry mouth, frequent urination. worsening symptoms present.",1
PAT-00012,2024-01-22 09:18:36,92.8,68,36.9,146/95,96,78.8,Patient is feeling well with all parameters stable.,0
PAT-00012,2024-01-23 09:58:03,94.5,68,35.6,130/74,170,78.8,"Today, patient states mild coldness, severe blurred vision, dry mouth, frequent urination. immediate attention may be needed.",1
PAT-00012,2024-01-24 09:53:15,93.4,84,36.6,142/92,74,78.8,Vitals remain within acceptable limits. No issues noted.,0
PAT-00012,2024-01-25 09:28:04,96.2,110,35.7,112/82,86,78.8,"Patient notes that anxiety, lowered energy.",0
PAT-00012,2024-01-26 09:20:37,93.1,60,38.4,112/84,90,78.8,"Observes muscle aches, fever.",0
PAT-00012,2024-01-27 09:52:13,95.7,105,36.5,118/80,96,78.8,Patient notes that restlessness.,0
PAT-00012,2024-01-28 08:36:54,97.3,57,37.1,185/110,98,78.8,"Patient describes chest pain, severe headache. immediate attention may be needed.",0
PAT-00012,2024-01-29 10:50:53,94.6,74,37.3,130/86,105,78.8,Vitals remain within acceptable limits. No issues noted.,0
PAT-00012,2024-01-30 08:27:12,93.0,82,38.9,134/95,79,78.8,"Reports chills, muscle aches.",0
PAT-00013,2024-01-01 09:05:23,94.8,81,35.8,130/75,71,55.2,Notes lowered energy.,0
PAT-00013,2024-01-02 08:27:41,95.6,62,35.6,113/70,139,55.2,"This morning, lowered energy, blurred vision.",0
PAT-00013,2024-01-03 10:43:28,94.0,60,36.8,110/80,96,55.2,Vitals remain within acceptable limits. No issues noted.,0
PAT-00013,2024-01-04 10:08:30,97.4,62,38.6,117/82,131,55.2,"Patient notes that fever, severe discomfort, dry mouth. worsening symptoms present.",1
PAT-00013,2024-01-05 08:24:49,96.5,94,36.5,130/74,72,55.2,Patient denies any symptoms or discomfort.,0
PAT-00013,2024-01-06 10:10:28,95.7,71,35.6,116/74,99,55.2,Indicates lowered energy.,0
PAT-00013,2024-01-07 08:57:06,92.2,64,37.2,133/94,93,55.2,No significant complaints today.,0
PAT-00013,2024-01-08 09:20:50,93.6,64,36.8,137/89,120,55.2,Patient is feeling well with all parameters stable.,0
PAT-00013,2024-01-09 10:38:38,97.8,59,38.1,119/70,97,55.2,"Today, patient states muscle aches, chills.",0
PAT-00013,2024-01-10 09:41:03,98.6,85,36.8,117/85,82,55.2,Patient is feeling well with all parameters stable.,0
PAT-00013,2024-01-11 09:40:38,92.7,92,38.0,126/70,81,55.2,"Observes muscle aches, chills.",0
PAT-00013,2024-01-12 10:26:23,98.6,77,35.8,115/85,124,55.2,Patient describes mild coldness.,0
PAT-00013,2024-01-13 08:16:13,98.8,61,36.6,189/101,95,55.2,"Observes chest pain, severe headache. worsening symptoms present.",0
PAT-00013,2024-01-14 10:45:32,94.4,84,35.9,173/113,92,55.2,"This morning, lowered energy, chest tightness.",0
PAT-00013,2024-01-15 09:05:32,96.8,96,35.8,114/80,82,55.2,Notes mild coldness.,0
PAT-00013,2024-01-16 10:54:15,95.5,91,37.7,167/102,99,55.2,"Indicates night sweats, chest tightness.",0
PAT-00013,2024-01-17 08:19:42,99.2,60,37.2,183/105,73,55.2,"Patient describes chest pain, severe headache. worsening symptoms present.",0
PAT-00013,2024-01-18 10:00:10,95.8,75,36.9,121/78,75,55.2,Patient is feeling well with all parameters stable.,0
PAT-00013,2024-01-19 10:49:55,96.9,68,37.2,113/70,80,55.2,No significant complaints today.,0
PAT-00013,2024-01-20 10:04:16,94.4,108,36.7,180/102,85,55.2,"Patient notes that restlessness, vision issues.",0
PAT-00013,2024-01-21 10:10:23,94.8,65,36.5,118/73,118,55.2,Patient is feeling well with all parameters stable.,0
PAT-00013,2024-01-22 10:32:00,90.9,50,38.4,110/77,101,55.2,"This morning, dizziness, fatigue, headache, chills.",0
PAT-00013,2024-01-23 08:35:51,95.4,110,36.4,123/77,80,55.2,Observes palpitations.,0
PAT-00013,2024-01-24 09:17:52,96.5,62,37.7,148/90,73,55.2,Patient describes body aches.,0
PAT-00013,2024-01-25 10:02:25,96.9,62,37.3,188/114,97,55.2,"Notes chest pain, severe headache. worsening symptoms present.",0
PAT-00013,2024-01-26 09:20:05,96.8,77,38.4,124/70,81,55.2,"Notes chills, muscle aches.",0
PAT-00013,2024-01-27 08:29:23,95.9,108,36.8,125/76,93,55.2,"Today, patient states anxiety.",0
PAT-00013,2024-01-28 09:01:14,98.1,58,37.2,141/95,96,55.2,No significant complaints today.,0
PAT-00013,2024-01-29 08:48:42,96.4,56,36.5,187/109,73,55.2,"Today, patient states chest pain, severe headache. worsening symptoms present.",0
PAT-00013,2024-01-30 08:26:31,97.2,90,37.5,111/74,122,55.2,Reports night sweats.,0
PAT-00014,2024-01-01 08:57:54,94.1,58,36.6,173/111,84,81.6,Reports vision issues.,0
PAT-00014,2024-01-02 10:08:40,93.2,56,37.2,112/71,83,81.6,Patient is feeling well with all parameters stable.,0
PAT-00014,2024-01-03 09:16:54,97.5,70,36.1,142/90,110,81.6,No significant complaints today.,0
PAT-00014,2024-01-04 08:04:12,97.0,64,38.4,128/73,74,81.6,"Indicates fever, chills.",1
PAT-00014,2024-01-05 09:07:34,95.7,71,35.8,116/84,109,81.6,Notes lowered energy.,0
PAT-00014,2024-01-06 08:10:51,94.5,60,36.3,119/71,76,81.6,Patient is feeling well with all parameters stable.,0
PAT-00014,2024-01-07 08:45:15,96.0,90,36.5,121/82,86,81.6,No significant complaints today.,0
PAT-00014,2024-01-08 09:52:11,94.4,90,36.7,142/92,161,81.6,"Today, patient states severe blurred vision, dry mouth, frequent urination. immediate attention may be needed.",0
PAT-00014,2024-01-09 08:51:50,97.7,64,36.6,133/85,129,81.6,"This morning, blurred vision.",0
PAT-00014,2024-01-10 09:23:43,95.6,80,37.0,130/72,163,81.6,"Notes severe blurred vision, dry mouth, frequent urination. worsening symptoms present.",0
PAT-00014,2024-01-11 08:01:04,90.0,66,36.5,150/92,95,81.6,Reports shortness of breath.,1
PAT-00014,2024-01-12 09:07:02,96.4,90,38.7,124/71,75,81.6,"Observes severe discomfort, headache. immediate attention may be needed.",1
PAT-00014,2024-01-13 09:43:27,96.8,95,36.7,121/76,105,81.6,No significant complaints today.,0
PAT-00014,2024-01-14 09:56:09,95.0,91,36.7,129/77,90,81.6,Vitals remain within acceptable limits. No issues noted.,0
PAT-00014,2024-01-15 09:56:35,95.3,57,35.7,131/86,78,81.6,"This morning, lowered energy.",0
PAT-00014,2024-01-16 10:56:51,96.3,106,36.7,137/95,95,81.6,Patient describes anxiety.,0
PAT-00014,2024-01-17 10:22:30,96.5,77,38.1,185/115,81,81.6,"Observes severe discomfort, muscle aches, chest pain, severe headache. immediate attention may be needed.",0
PAT-00014,2024-01-18 08:20:38,96.4,67,36.8,130/89,101,81.6,Patient denies any symptoms or discomfort.,0
PAT-00014,2024-01-19 09:49:37,97.9,53,37.4,135/86,77,81.6,"Today, patient states slow pulse.",0
PAT-00014,2024-01-20 10:03:48,98.5,97,37.0,128/82,81,81.6,Patient is feeling well with all parameters stable.,0
PAT-00014,2024-01-21 08:37:20,96.0,85,36.6,121/70,92,81.6,Patient denies any symptoms or discomfort.,0
PAT-00014,2024-01-22 10:09:36,97.2,96,36.8,145/93,145,81.6,Indicates blurred vision.,0
PAT-00014,2024-01-23 08:14:38,97.2,67,37.8,130/93,115,81.6,Patient notes that mild fever.,0
PAT-00014,2024-01-24 08:51:08,93.7,100,36.0,135/90,71,81.6,Patient is feeling well with all parameters stable.,0
PAT-00014,2024-01-25 10:45:58,93.6,64,36.2,113/81,72,81.6,Vitals remain within acceptable limits. No issues noted.,0
PAT-00014,2024-01-26 10:06:21,99.3,99,35.9,120/74,105,81.6,Indicates lowered energy.,0
PAT-00014,2024-01-27 08:45:35,95.5,82,36.9,129/81,77,81.6,Vitals remain within acceptable limits. No issues noted.,0
PAT-00014,2024-01-28 09:46:44,94.0,69,38.3,134/87,93,81.6,"Patient describes fever, headache.",0
PAT-00014,2024-01-29 09:58:51,97.4,90,37.7,129/77,120,81.6,Reports body aches.,0
PAT-00014,2024-01-30 08:21:47,97.4,51,35.7,117/81,80,81.6,"Patient notes that lightheadedness, mild coldness.",0
PAT-00015,2024-01-01 09:13:15,93.3,51,37.5,171/108,125,87.7,"Patient describes lightheadedness, body aches, chest tightness.",0
PAT-00015,2024-01-02 10:26:10,95.6,88,36.5,123/85,98,87.7,No significant complaints today.,0
PAT-00015,2024-01-03 10:24:06,99.0,86,36.9,125/77,136,87.7,Reports dry mouth.,0
PAT-00015,2024-01-04 08:18:01,96.0,55,35.8,118/73,72,87.7,"This morning, lowered energy.",0
PAT-00015,2024-01-05 08:46:04,96.5,107,37.2,112/80,89,87.7,Indicates anxiety.,1
PAT-00015,2024-01-06 09:41:10,97.0,79,36.7,123/75,129,87.7,Patient notes that blurred vision.,0
PAT-00015,2024-01-07 08:26:44,98.3,107,37.3,147/89,91,87.7,Notes restlessness.,0
PAT-00015,2024-01-08 08:25:36,94.3,107,38.3,125/74,71,87.7,"Reports restlessness, fever, headache.",0
PAT-00015,2024-01-09 10:40:38,100.0,75,35.7,136/86,70,87.7,"This morning, mild coldness.",0
PAT-00015,2024-01-10 08:30:54,91.6,93,35.9,119/82,85,87.7,"Reports dizziness, lowered energy.",1
PAT-00015,2024-01-11 09:11:23,99.1,56,38.7,171/105,84,87.7,"Indicates fever, muscle aches, headaches.",1
PAT-00015,2024-01-12 09:36:03,92.8,64,36.5,133/86,168,87.7,"Patient notes that severe blurred vision, dry mouth, frequent urination. worsening symptoms present.",1
PAT-00015,2024-01-13 09:48:37,96.9,97,37.3,177/101,179,87.7,"Observes headaches, severe blurred vision, dry mouth, frequent urination. worsening symptoms present.",0
PAT-00015,2024-01-14 10:55:59,96.9,75,35.9,148/88,85,87.7,Reports lowered energy.,0
PAT-00015,2024-01-15 10:02:32,96.0,78,36.6,126/74,103,87.7,Patient is feeling well with all parameters stable.,0
PAT-00015,2024-01-16 08:13:51,95.4,96,37.3,114/71,113,87.7,Vitals remain within acceptable limits. No issues noted.,0
PAT-00015,2024-01-17 08:52:40,96.0,94,37.2,149/89,80,87.7,No symptoms reported. Vitals are within expected range.,0
PAT-00015,2024-01-18 09:35:25,95.1,77,36.5,120/78,86,87.7,No symptoms reported. Vitals are within expected range.,0
PAT-00015,2024-01-19 10:39:37,95.9,58,37.6,143/86,83,87.7,"This morning, mild fever.",0
PAT-00015,2024-01-20 10:48:06,98.8,51,38.4,128/73,125,87.7,"Observes fatigue, severe discomfort, muscle aches. immediate attention may be needed.",1
PAT-00015,2024-01-21 10:31:36,94.8,109,36.8,145/85,75,87.7,Observes restlessness.,0
PAT-00015,2024-01-22 10:43:44,96.0,102,35.5,111/82,147,87.7,"Indicates anxiety, mild coldness, blurred vision.",1
PAT-00015,2024-01-23 09:01:21,94.1,99,38.4,119/78,96,87.7,"Today, patient states headache, fever.",1
PAT-00015,2024-01-24 10:28:49,99.2,100,37.3,168/113,164,87.7,"Reports vision issues, severe blurred vision, dry mouth, frequent urination. immediate attention may be needed.",0
PAT-00015,2024-01-25 08:58:52,96.2,73,36.9,125/81,96,87.7,Patient denies any symptoms or discomfort.,0
PAT-00015,2024-01-26 08:04:19,93.5,82,37.8,126/82,74,87.7,Patient describes body aches.,0
PAT-00015,2024-01-27 08:53:03,96.7,53,36.8,131/92,101,87.7,"Today, patient states fatigue.",0
PAT-00015,2024-01-28 09:32:25,98.5,80,36.6,189/103,91,87.7,"Patient describes chest pain, severe headache. immediate attention may be needed.",0
PAT-00015,2024-01-29 09:38:28,93.9,95,36.4,125/81,111,87.7,No significant complaints today.,0
PAT-00015,2024-01-30 10:53:44,94.6,51,36.7,119/70,82,87.7,"This morning, lightheadedness.",0
PAT-00016,2024-01-01 08:54:14,97.4,80,38.1,117/76,78,67.1,"Patient describes headache, fever.",0
PAT-00016,2024-01-02 08:41:11,93.7,79,37.8,110/77,142,67.1,"Notes body aches, dry mouth.",0
PAT-00016,2024-01-03 09:54:22,94.8,74,36.5,118/76,114,67.1,Patient denies any symptoms or discomfort.,0
PAT-00016,2024-01-04 10:25:37,98.8,93,37.0,160/116,91,67.1,Notes headaches.,1
PAT-00016,2024-01-05 08:30:04,97.3,100,37.2,118/80,97,67.1,No significant complaints today.,0
PAT-00016,2024-01-06 10:45:57,93.0,80,37.3,139/88,104,67.1,No symptoms reported. Vitals are within expected range.,0
PAT-00016,2024-01-07 10:25:42,95.4,55,37.1,181/104,93,67.1,"Patient describes chest pain, severe headache. worsening symptoms present.",0
PAT-00016,2024-01-08 09:16:58,99.6,56,35.8,122/82,173,67.1,"Today, patient states mild coldness, severe blurred vision, dry mouth, frequent urination. immediate attention may be needed.",1
PAT-00016,2024-01-09 10:14:43,96.9,77,37.3,130/85,99,67.1,Patient denies any symptoms or discomfort.,0
PAT-00016,2024-01-10 09:54:10,97.6,107,37.1,115/79,73,67.1,"This morning, restlessness.",0
PAT-00016,2024-01-11 10:51:35,93.0,84,38.3,189/105,91,67.1,"Today, patient states muscle aches, fever, chest pain, severe headache. immediate attention may be needed.",0
PAT-00016,2024-01-12 10:55:19,95.3,73,37.3,120/81,108,67.1,Vitals remain within acceptable limits. No issues noted.,0
PAT-00016,2024-01-13 08:30:03,91.7,110,37.7,128/72,85,67.1,"Observes shortness of breath, anxiety, mild fever.",0
PAT-00016,2024-01-14 09:03:55,98.2,52,37.2,114/76,110,67.1,Indicates fatigue.,0
PAT-00016,2024-01-15 10:11:49,98.4,51,36.0,125/80,90,67.1,Patient notes that lightheadedness.,0
PAT-00016,2024-01-16 08:28:17,96.5,96,36.8,135/94,94,67.1,Vitals remain within acceptable limits. No issues noted.,0
PAT-00016,2024-01-17 08:08:39,94.7,103,36.7,130/83,112,67.1,Indicates restlessness.,0
PAT-00016,2024-01-18 08:34:12,99.1,83,35.8,171/100,110,67.1,"Patient describes mild coldness, chest tightness.",0
PAT-00016,2024-01-19 08:14:44,98.2,101,37.2,119/74,73,67.1,Notes restlessness.,1
PAT-00016,2024-01-20 08:19:18,98.9,104,37.4,126/80,83,67.1,"This morning, anxiety.",1
PAT-00016,2024-01-21 09:22:48,95.5,66,36.8,115/82,70,67.1,Patient is feeling well with all parameters stable.,0
PAT-00016,2024-01-22 10:08:13,94.2,90,36.9,128/75,73,67.1,No symptoms reported. Vitals are within expected range.,0
PAT-00016,2024-01-23 09:56:40,96.4,68,35.6,184/117,89,67.1,"Patient describes mild coldness, chest pain, severe headache. worsening symptoms present.",1
PAT-00016,2024-01-24 10:53:01,96.1,91,37.0,133/91,84,67.1,No symptoms reported. Vitals are within expected range.,0
PAT-00016,2024-01-25 10:16:30,97.6,82,36.7,114/76,92,67.1,No significant complaints today.,0
PAT-00016,2024-01-26 09:42:06,93.7,60,37.7,126/78,165,67.1,"This morning, body aches, severe blurred vision, dry mouth, frequent urination. immediate attention may be needed.",1
PAT-00016,2024-01-27 08:32:46,97.1,109,37.1,133/89,73,67.1,Indicates palpitations.,0
PAT-00016,2024-01-28 08:49:16,96.7,106,36.7,116/81,171,67.1,"Notes restlessness, severe blurred vision, dry mouth, frequent urination. immediate attention may be needed.",0
PAT-00016,2024-01-29 10:31:58,98.2,96,37.4,125/80,77,67.1,No symptoms reported. Vitals are within expected range.,0
PAT-00016,2024-01-30 10:05:58,95.3,63,36.1,186/118,91,67.1,"Indicates chest pain, severe headache. immediate attention may be needed.",0
PAT-00017,2024-01-01 08:49:32,95.8,62,36.6,133/89,90,61.2,Vitals remain within acceptable limits. No issues noted.,0
PAT-00017,2024-01-02 09:16:29,96.6,61,35.7,113/75,97,61.2,Notes mild coldness.,0
PAT-00017,2024-01-03 10:20:27,95.5,93,35.9,133/85,100,61.2,"This morning, mild coldness.",0
PAT-00017,2024-01-04 09:39:17,94.8,51,38.7,141/90,137,61.2,"Notes lightheadedness, headache, severe discomfort, dry mouth. worsening symptoms present.",0
PAT-00017,2024-01-05 10:54:30,96.5,85,37.0,143/95,125,61.2,No symptoms reported. Vitals are within expected range.,0
PAT-00017,2024-01-06 08:44:46,94.5,61,38.4,115/73,83,61.2,"Indicates severe discomfort, headache. immediate attention may be needed.",0
PAT-00017,2024-01-07 09:49:22,96.1,79,38.5,130/95,98,61.2,"Indicates chills, headache.",1
PAT-00017,2024-01-08 09:28:02,93.3,62,36.8,138/95,146,61.2,"Today, patient states blurred vision.",0
PAT-00017,2024-01-09 10:55:21,97.4,106,37.9,126/73,83,61.2,"Today, patient states anxiety, body aches.",0
PAT-00017,2024-01-10 10:43:41,96.1,102,37.3,114/71,100,61.2,"This morning, anxiety.",0
PAT-00017,2024-01-11 09:54:31,92.2,87,36.7,115/72,94,61.2,No significant complaints today.,0
PAT-00017,2024-01-12 08:21:17,97.6,50,36.5,126/77,87,61.2,Observes slow pulse.,1
PAT-00017,2024-01-13 08:05:29,96.7,104,36.9,128/84,72,61.2,Indicates restlessness.,1
PAT-00017,2024-01-14 09:47:41,97.0,60,38.9,113/82,83,61.2,"Reports fever, severe discomfort. worsening symptoms present.",1
PAT-00017,2024-01-15 10:40:19,97.1,88,38.8,126/76,90,61.2,"Patient notes that headache, muscle aches.",0
PAT-00017,2024-01-16 08:54:29,96.4,100,38.5,147/94,164,61.2,"Indicates headache, muscle aches, severe blurred vision, dry mouth, frequent urination. immediate attention may be needed.",0
PAT-00017,2024-01-17 10:14:00,100.0,70,37.0,121/79,117,61.2,No symptoms reported. Vitals are within expected range.,0
PAT-00017,2024-01-18 08:57:10,97.1,105,35.6,114/83,103,61.2,"Today, patient states restlessness, mild coldness.",0
PAT-00017,2024-01-19 09:13:29,94.2,86,36.6,116/80,73,61.2,No symptoms reported. Vitals are within expected range.,0
PAT-00017,2024-01-20 10:53:43,94.6,108,36.9,133/92,84,61.2,"This morning, anxiety.",1
PAT-00017,2024-01-21 08:33:47,93.5,91,36.6,127/83,179,61.2,"Indicates severe blurred vision, dry mouth, frequent urination. worsening symptoms present.",1
PAT-00017,2024-01-22 08:44:37,98.0,65,36.9,134/86,112,61.2,Patient denies any symptoms or discomfort.,0
PAT-00017,2024-01-23 09:26:38,100.0,97,36.8,168/112,110,61.2,Indicates headaches.,1
PAT-00017,2024-01-24 08:26:38,94.0,82,35.8,126/79,122,61.2,"Today, patient states lowered energy.",0
PAT-00017,2024-01-25 10:45:18,96.2,101,37.3,114/75,86,61.2,Patient notes that anxiety.,1
PAT-00017,2024-01-26 09:35:30,95.4,78,35.9,128/83,121,61.2,Observes lowered energy.,0
PAT-00017,2024-01-27 10:06:01,95.9,72,36.4,134/85,91,61.2,Patient is feeling well with all parameters stable.,0
PAT-00017,2024-01-28 09:48:50,96.7,52,36.7,139/95,78,61.2,Patient describes lightheadedness.,0
PAT-00017,2024-01-29 09:13:48,96.8,107,38.8,111/81,96,61.2,"Observes restlessness, fever, chills.",0
PAT-00017,2024-01-30 10:18:44,98.5,60,36.5,161/112,82,61.2,Patient notes that headaches.,0
PAT-00018,2024-01-01 08:00:47,94.8,68,38.2,166/119,97,89.5,"Patient notes that headache, chills, vision issues.",0
PAT-00018,2024-01-02 10:47:38,96.4,66,36.8,116/79,84,89.5,No symptoms reported. Vitals are within expected range.,0
PAT-00018,2024-01-03 08:11:47,94.8,76,37.1,113/82,71,89.5,No significant complaints today.,0
PAT-00018,2024-01-04 10:16:08,91.6,65,36.4,148/89,100,89.5,Indicates dizziness.,1
PAT-00018,2024-01-05 08:02:09,94.5,89,37.2,140/94,101,89.5,Vitals remain within acceptable limits. No issues noted.,0
PAT-00018,2024-01-06 10:35:22,96.2,62,36.0,140/93,107,89.5,Patient denies any symptoms or discomfort.,0
PAT-00018,2024-01-07 08:50:32,95.1,52,37.3,143/93,87,89.5,Reports fatigue.,1
PAT-00018,2024-01-08 08:42:21,95.0,70,38.4,141/89,76,89.5,"Patient describes severe discomfort, headache. immediate attention may be needed.",0
PAT-00018,2024-01-09 09:28:15,99.6,110,36.7,129/77,71,89.5,Patient notes that anxiety.,0
PAT-00018,2024-01-10 08:24:16,95.6,77,38.3,119/70,99,89.5,"Indicates severe discomfort, muscle aches. immediate attention may be needed.",1
PAT-00018,2024-01-11 09:57:41,94.2,53,37.2,120/72,103,89.5,Patient describes lightheadedness.,0
PAT-00018,2024-01-12 08:42:40,99.0,96,38.5,123/73,76,89.5,"Reports severe discomfort, headache. worsening symptoms present.",1
PAT-00018,2024-01-13 08:01:29,97.2,100,36.7,131/86,102,89.5,Patient is feeling well with all parameters stable.,0
PAT-00018,2024-01-14 09:35:04,94.1,78,36.6,117/78,113,89.5,Vitals remain within acceptable limits. No issues noted.,0
PAT-00018,2024-01-15 10:25:27,94.0,100,36.4,160/112,91,89.5,Patient describes chest tightness.,0
PAT-00018,2024-01-16 10:04:48,92.1,83,36.0,128/71,170,89.5,"Reports severe blurred vision, dry mouth, frequent urination. immediate attention may be needed.",0
PAT-00018,2024-01-17 10:06:18,95.3,60,38.7,139/94,72,89.5,"Observes muscle aches, headache.",0
PAT-00018,2024-01-18 10:01:30,97.5,65,35.6,177/107,74,89.5,"Notes lowered energy, vision issues.",0
PAT-00018,2024-01-19 08:19:43,97.5,60,37.9,121/70,87,89.5,"This morning, body aches.",0
PAT-00018,2024-01-20 08:36:38,97.2,102,35.8,147/93,72,89.5,"Patient notes that restlessness, mild coldness.",1
PAT-00018,2024-01-21 10:54:32,98.2,94,36.1,135/87,107,89.5,Patient is feeling well with all parameters stable.,0
PAT-00018,2024-01-22 08:11:42,93.4,108,38.4,111/84,120,89.5,"Reports anxiety, fever, muscle aches.",1
PAT-00018,2024-01-23 08:46:37,96.5,75,38.6,120/81,104,89.5,"Notes chills, fever.",1
PAT-00018,2024-01-24 08:20:31,98.1,74,37.0,170/119,168,89.5,"This morning, headaches, severe blurred vision, dry mouth, frequent urination. worsening symptoms present.",0
PAT-00018,2024-01-25 09:51:20,96.7,103,39.0,135/85,110,89.5,"Notes palpitations, chills, headache.",0
PAT-00018,2024-01-26 08:43:46,91.8,70,36.5,125/84,114,89.5,Notes dizziness.,0
PAT-00018,2024-01-27 08:11:41,93.9,59,35.9,132/89,104,89.5,Notes mild coldness.,0
PAT-00018,2024-01-28 10:04:46,99.0,62,36.6,130/93,90,89.5,Patient denies any symptoms or discomfort.,0
PAT-00018,2024-01-29 10:25:49,97.1,78,37.2,116/71,87,89.5,Patient denies any symptoms or discomfort.,0
PAT-00018,2024-01-30 10:30:41,94.2,84,37.1,134/90,112,89.5,Patient denies any symptoms or discomfort.,0
PAT-00019,2024-01-01 10:54:18,95.4,64,37.3,124/72,82,96.6,Patient denies any symptoms or discomfort.,0
PAT-00019,2024-01-02 08:42:15,95.1,109,36.5,135/93,134,96.6,"This morning, restlessness, blurred vision.",0
PAT-00019,2024-01-03 10:42:55,95.7,52,36.6,183/115,148,96.6,"Indicates lightheadedness, chest pain, severe headache, blurred vision. immediate attention may be needed.",0
PAT-00019,2024-01-04 09:23:14,97.3,91,39.0,116/81,150,96.6,"Patient describes headache, severe discomfort, severe blurred vision, dry mouth, frequent urination. immediate attention may be needed.",0
PAT-00019,2024-01-05 10:20:06,94.4,82,38.2,146/95,96,96.6,"This morning, muscle aches, severe discomfort. immediate attention may be needed.",1
PAT-00019,2024-01-06 09:23:37,95.0,60,38.8,188/102,86,96.6,"Today, patient states muscle aches, headache, chest pain, severe headache. worsening symptoms present.",0
PAT-00019,2024-01-07 09:52:55,95.6,71,35.7,125/85,98,96.6,"This morning, mild coldness.",0
PAT-00019,2024-01-08 08:04:32,95.0,110,36.3,138/88,135,96.6,"Patient notes that palpitations, blurred vision.",1
PAT-00019,2024-01-09 08:42:14,95.4,73,37.2,120/73,85,96.6,Vitals remain within acceptable limits. No issues noted.,0
PAT-00019,2024-01-10 08:37:10,95.0,110,37.1,123/70,77,96.6,"This morning, palpitations.",0
PAT-00019,2024-01-11 08:08:40,95.3,58,35.8,161/118,74,96.6,"Notes mild coldness, chest tightness.",1
PAT-00019,2024-01-12 10:25:38,95.9,78,37.2,130/70,98,96.6,No symptoms reported. Vitals are within expected range.,0
PAT-00019,2024-01-13 08:28:38,94.3,75,36.0,125/75,77,96.6,Patient denies any symptoms or discomfort.,0
PAT-00019,2024-01-14 08:50:37,95.8,86,37.6,115/78,75,96.6,Patient notes that body aches.,0
PAT-00019,2024-01-15 10:37:04,94.3,67,37.1,142/91,134,96.6,Patient describes blurred vision.,0
PAT-00019,2024-01-16 10:43:26,96.8,52,38.8,129/73,75,96.6,"Reports fatigue, severe discomfort, fever. immediate attention may be needed.",0
PAT-00019,2024-01-17 10:08:57,92.1,79,36.9,127/70,124,96.6,Patient denies any symptoms or discomfort.,0
PAT-00019,2024-01-18 09:23:55,97.9,61,36.9,146/91,77,96.6,Vitals remain within acceptable limits. No issues noted.,0
PAT-00019,2024-01-19 09:37:51,95.3,108,37.8,113/83,74,96.6,"Today, patient states restlessness, night sweats.",1
PAT-00019,2024-01-20 08:18:38,100.0,107,36.8,143/89,76,96.6,Patient describes palpitations.,0
PAT-00019,2024-01-21 08:33:00,95.7,72,35.7,130/76,92,96.6,Observes lowered energy.,0
PAT-00019,2024-01-22 08:27:41,94.9,59,38.4,118/78,97,96.6,"Patient notes that severe discomfort, headache. worsening symptoms present.",1
PAT-00019,2024-01-23 10:25:48,97.7,66,36.5,123/85,105,96.6,Patient denies any symptoms or discomfort.,0
PAT-00019,2024-01-24 10:30:16,94.9,69,36.6,178/111,94,96.6,Observes vision issues.,0
PAT-00019,2024-01-25 10:07:47,97.0,97,36.2,144/87,103,96.6,Patient denies any symptoms or discomfort.,0
PAT-00019,2024-01-26 09:50:21,94.7,85,36.5,127/71,136,96.6,Patient describes dry mouth.,0
PAT-00019,2024-01-27 08:30:59,96.9,109,36.6,123/72,130,96.6,"Patient notes that restlessness, blurred vision.",0
PAT-00019,2024-01-28 08:46:24,91.5,89,35.9,122/79,92,96.6,"This morning, low energy, mild coldness.",1
PAT-00019,2024-01-29 09:00:12,91.8,60,36.8,146/89,76,96.6,"Today, patient states shortness of breath.",1
PAT-00019,2024-01-30 10:02:23,96.3,67,38.3,130/70,75,96.6,"Observes fever, muscle aches.",1
PAT-00020,2024-01-01 09:25:37,95.4,96,36.6,126/70,123,61.5,No symptoms reported. Vitals are within expected range.,0
PAT-00020,2024-01-02 10:18:46,96.6,107,36.7,128/81,81,61.5,"Today, patient states restlessness.",0
PAT-00020,2024-01-03 08:29:59,95.1,72,36.1,128/70,108,61.5,Vitals remain within acceptable limits. No issues noted.,0
PAT-00020,2024-01-04 10:06:35,98.5,62,38.1,126/79,80,61.5,"Notes fever, muscle aches.",1
PAT-00020,2024-01-05 09:36:30,96.2,84,36.7,117/80,175,61.5,"Indicates severe blurred vision, dry mouth, frequent urination. worsening symptoms present.",1
PAT-00020,2024-01-06 10:55:01,98.6,75,37.9,133/89,102,61.5,"Today, patient states night sweats.",0
PAT-00020,2024-01-07 08:51:20,97.7,56,38.6,121/70,92,61.5,"Notes muscle aches, chills.",0
PAT-00020,2024-01-08 10:47:52,95.1,55,36.1,132/93,105,61.5,No significant complaints today.,0
PAT-00020,2024-01-09 09:13:57,94.8,78,36.7,138/87,173,61.5,"Today, patient states severe blurred vision, dry mouth, frequent urination. immediate attention may be needed.",0
PAT-00020,2024-01-10 08:15:47,95.5,97,37.3,118/76,77,61.5,Patient is feeling well with all parameters stable.,0
PAT-00020,2024-01-11 10:22:09,96.6,93,38.2,113/72,91,61.5,"Patient describes headache, fever.",0
PAT-00020,2024-01-12 09:39:20,93.7,75,37.2,148/89,85,61.5,Patient denies any symptoms or discomfort.,0
PAT-00020,2024-01-13 09:25:14,94.1,84,38.8,178/104,71,61.5,"Patient describes severe discomfort, headache, headaches. worsening symptoms present.",0
PAT-00020,2024-01-14 09:55:43,99.5,84,36.6,115/84,73,61.5,No significant complaints today.,0
PAT-00020,2024-01-15 10:00:00,98.4,96,36.9,122/73,80,61.5,Patient denies any symptoms or discomfort.,0
PAT-00020,2024-01-16 09:11:35,95.5,98,36.8,117/78,85,61.5,No significant complaints today.,0
PAT-00020,2024-01-17 08:31:27,97.8,66,37.1,173/111,111,61.5,Notes headaches.,0
PAT-00020,2024-01-18 10:08:36,96.2,81,37.3,117/73,93,61.5,Patient is feeling well with all parameters stable.,0
PAT-00020,2024-01-19 10:27:54,95.8,72,36.5,166/104,95,61.5,"This morning, vision issues.",0
PAT-00020,2024-01-20 08:11:26,96.2,105,37.1,114/80,125,61.5,Notes restlessness.,0
PAT-00020,2024-01-21 10:03:25,94.1,93,36.7,182/105,101,61.5,"Today, patient states chest pain, severe headache. worsening symptoms present.",0
PAT-00020,2024-01-22 09:53:40,96.2,51,37.4,124/80,78,61.5,Patient notes that fatigue.,1
PAT-00020,2024-01-23 09:22:01,95.2,103,36.7,113/81,97,61.5,"Today, patient states anxiety.",0
PAT-00020,2024-01-24 10:41:34,99.8,52,38.2,119/81,80,61.5,"Indicates slow pulse, severe discomfort, headache. worsening symptoms present.",0
PAT-00020,2024-01-25 09:39:18,94.8,104,35.9,130/74,105,61.5,"Observes anxiety, lowered energy.",0
PAT-00020,2024-01-26 10:25:54,98.1,92,37.2,132/87,80,61.5,No significant complaints today.,0
PAT-00020,2024-01-27 09:41:18,92.3,54,36.2,149/95,82,61.5,Indicates fatigue.,0
PAT-00020,2024-01-28 09:47:37,95.2,106,36.8,124/83,105,61.5,Patient describes palpitations.,0
PAT-00020,2024-01-29 08:42:16,96.1,90,35.8,112/76,105,61.5,Reports lowered energy.,0
PAT-00020,2024-01-30 09:35:03,96.9,50,36.5,122/72,73,61.5,"This morning, fatigue.",0
PAT-00021,2024-01-01 09:19:14,98.8,97,35.8,119/84,120,93.6,"This morning, mild coldness.",0
PAT-00021,2024-01-02 08:01:02,94.9,81,35.6,141/90,97,93.6,Indicates lowered energy.,0
PAT-00021,2024-01-03 10:59:17,96.4,77,36.2,124/74,92,93.6,Patient denies any symptoms or discomfort.,0
PAT-00021,2024-01-04 10:29:40,99.5,60,37.3,188/118,153,93.6,"Notes chest pain, severe headache, severe blurred vision, dry mouth, frequent urination. worsening symptoms present.",1
PAT-00021,2024-01-05 09:34:14,96.0,85,36.8,132/92,79,93.6,Vitals remain within acceptable limits. No issues noted.,0
PAT-00021,2024-01-06 09:09:19,94.5,60,37.7,130/93,96,93.6,Patient notes that mild fever.,0
PAT-00021,2024-01-07 10:00:44,99.6,57,36.8,190/115,79,93.6,"Patient describes chest pain, severe headache. worsening symptoms present.",1
PAT-00021,2024-01-08 09:38:14,95.9,85,37.0,110/81,76,93.6,Patient denies any symptoms or discomfort.,0
PAT-00021,2024-01-09 09:25:15,98.4,95,36.3,182/120,82,93.6,"Observes chest pain, severe headache. immediate attention may be needed.",0
PAT-00021,2024-01-10 08:27:40,94.3,67,38.9,126/78,109,93.6,"Observes severe discomfort, muscle aches. immediate attention may be needed.",0
PAT-00021,2024-01-11 08:11:08,98.6,99,37.5,133/95,114,93.6,Indicates body aches.,0
PAT-00021,2024-01-12 10:31:12,94.5,55,36.0,110/74,71,93.6,Patient is feeling well with all parameters stable.,0
PAT-00021,2024-01-13 08:18:17,96.7,64,36.6,124/70,77,93.6,Patient is feeling well with all parameters stable.,0
PAT-00021,2024-01-14 08:31:13,96.8,100,36.5,123/79,125,93.6,No significant complaints today.,0
PAT-00021,2024-01-15 09:44:50,96.5,61,35.7,120/72,124,93.6,Patient describes mild coldness.,0
PAT-00021,2024-01-16 09:04:34,97.0,57,36.5,115/76,98,93.6,Vitals remain within acceptable limits. No issues noted.,0
PAT-00021,2024-01-17 08:07:49,95.3,82,36.0,117/82,124,93.6,Patient is feeling well with all parameters stable.,0
PAT-00021,2024-01-18 10:02:12,95.8,74,37.4,113/76,85,93.6,No significant complaints today.,0
PAT-00021,2024-01-19 09:10:40,95.9,83,37.3,111/73,78,93.6,No significant complaints today.,0
PAT-00021,2024-01-20 08:23:56,95.8,50,37.8,116/73,107,93.6,"Patient notes that slow pulse, night sweats.",0
PAT-00021,2024-01-21 09:37:07,94.8,56,35.9,117/70,128,93.6,"This morning, lowered energy, frequent urination.",0
PAT-00021,2024-01-22 08:15:10,90.2,75,36.9,112/80,99,93.6,Patient describes low energy.,1
PAT-00021,2024-01-23 10:09:44,95.3,58,36.6,113/74,85,93.6,No significant complaints today.,0
PAT-00021,2024-01-24 10:50:41,93.7,84,35.5,121/84,123,93.6,Patient describes mild coldness.,0
PAT-00021,2024-01-25 09:46:08,92.5,98,36.7,188/101,157,93.6,"Indicates chest pain, severe headache, severe blurred vision, dry mouth, frequent urination. worsening symptoms present.",0
PAT-00021,2024-01-26 10:44:31,94.0,66,37.1,148/87,117,93.6,No significant complaints today.,0
PAT-00021,2024-01-27 10:29:17,94.5,59,36.6,147/87,72,93.6,Vitals remain within acceptable limits. No issues noted.,0
PAT-00021,2024-01-28 09:52:16,93.6,107,37.7,171/114,126,93.6,"This morning, anxiety, body aches, headaches, frequent urination.",0
PAT-00021,2024-01-29 10:54:23,97.8,84,37.0,179/107,80,93.6,Reports vision issues.,0
PAT-00021,2024-01-30 10:52:24,100.0,66,36.7,126/85,175,93.6,"This morning, severe blurred vision, dry mouth, frequent urination. worsening symptoms present.",1
PAT-00022,2024-01-01 09:26:41,96.4,70,36.2,113/73,159,83.2,"Reports severe blurred vision, dry mouth, frequent urination. immediate attention may be needed.",1
PAT-00022,2024-01-02 08:11:55,98.6,50,36.6,136/86,85,83.2,Reports lightheadedness.,0
PAT-00022,2024-01-03 10:53:24,97.8,81,37.0,145/93,119,83.2,No symptoms reported. Vitals are within expected range.,0
PAT-00022,2024-01-04 09:14:38,96.9,82,36.7,132/85,99,83.2,Vitals remain within acceptable limits. No issues noted.,0
PAT-00022,2024-01-05 08:29:51,93.9,80,36.6,111/81,87,83.2,No significant complaints today.,0
PAT-00022,2024-01-06 10:03:52,97.5,79,37.6,138/93,71,83.2,Reports body aches.,0
PAT-00022,2024-01-07 08:13:33,97.6,63,36.4,113/77,87,83.2,Patient is feeling well with all parameters stable.,0
PAT-00022,2024-01-08 08:33:42,95.9,97,36.8,128/75,87,83.2,No symptoms reported. Vitals are within expected range.,0
PAT-00022,2024-01-09 10:36:22,98.0,60,36.2,124/83,98,83.2,Patient is feeling well with all parameters stable.,0
PAT-00022,2024-01-10 08:35:25,93.5,76,35.6,140/95,75,83.2,Patient notes that lowered energy.,0
PAT-00022,2024-01-11 10:20:54,95.7,101,36.7,123/83,123,83.2,"Today, patient states restlessness.",1
PAT-00022,2024-01-12 08:24:49,97.5,58,37.1,138/90,154,83.2,"Indicates severe blurred vision, dry mouth, frequent urination. worsening symptoms present.",0
PAT-00022,2024-01-13 08:46:02,94.2,69,37.0,129/70,116,83.2,No significant complaints today.,0
PAT-00022,2024-01-14 08:19:14,94.6,66,37.0,120/70,94,83.2,Patient denies any symptoms or discomfort.,0
PAT-00022,2024-01-15 10:35:36,96.5,108,37.1,134/86,71,83.2,Patient notes that restlessness.,0
PAT-00022,2024-01-16 09:23:56,97.3,108,36.8,117/77,78,83.2,Reports restlessness.,1
PAT-00022,2024-01-17 10:58:13,98.3,51,36.9,120/85,75,83.2,Reports fatigue.,1
PAT-00022,2024-01-18 09:02:46,96.3,85,36.8,128/82,72,83.2,No significant complaints today.,0
PAT-00022,2024-01-19 09:56:52,94.7,103,38.2,123/73,175,83.2,"Observes palpitations, severe discomfort, fever, severe blurred vision, dry mouth, frequent urination. immediate attention may be needed.",0
PAT-00022,2024-01-20 10:02:20,95.4,58,37.2,128/74,80,83.2,Patient is feeling well with all parameters stable.,0
PAT-00022,2024-01-21 08:43:46,99.4,72,36.5,144/94,88,83.2,Patient is feeling well with all parameters stable.,0
PAT-00022,2024-01-22 09:18:50,94.1,72,37.1,134/87,147,83.2,Indicates blurred vision.,0
PAT-00022,2024-01-23 08:35:25,99.5,68,35.5,112/82,86,83.2,"This morning, lowered energy.",0
PAT-00022,2024-01-24 09:35:12,96.0,75,37.8,122/76,161,83.2,"Today, patient states body aches, severe blurred vision, dry mouth, frequent urination. immediate attention may be needed.",0
PAT-00022,2024-01-25 09:49:27,95.9,70,36.5,128/72,73,83.2,Vitals remain within acceptable limits. No issues noted.,0
PAT-00022,2024-01-26 09:22:12,94.0,70,36.6,141/94,120,83.2,No significant complaints today.,0
PAT-00022,2024-01-27 08:22:39,96.0,86,36.7,144/94,135,83.2,Patient describes dry mouth.,0
PAT-00022,2024-01-28 08:12:43,94.8,55,37.1,114/72,103,83.2,Patient is feeling well with all parameters stable.,0
PAT-00022,2024-01-29 10:59:09,93.3,87,36.8,186/109,70,83.2,"Patient notes that chest pain, severe headache. worsening symptoms present.",1
PAT-00022,2024-01-30 08:19:28,95.7,75,36.1,130/90,76,83.2,Patient is feeling well with all parameters stable.,0
PAT-00023,2024-01-01 10:33:48,93.6,54,36.5,127/85,165,74.6,"This morning, slow pulse, severe blurred vision, dry mouth, frequent urination. worsening symptoms present.",0
PAT-00023,2024-01-02 10:01:24,94.8,78,36.6,146/85,142,74.6,Patient describes blurred vision.,0
PAT-00023,2024-01-03 10:39:17,95.7,61,36.8,124/70,130,74.6,Notes dry mouth.,0
PAT-00023,2024-01-04 10:23:55,92.4,63,37.0,110/79,120,74.6,Patient is feeling well with all parameters stable.,0
PAT-00023,2024-01-05 09:32:45,93.3,51,37.4,120/85,97,74.6,Reports slow pulse.,0
PAT-00023,2024-01-06 10:29:35,98.9,89,36.5,110/71,77,74.6,No significant complaints today.,0
PAT-00023,2024-01-07 09:25:47,99.6,65,36.5,110/81,91,74.6,No significant complaints today.,0
PAT-00023,2024-01-08 10:19:15,96.4,76,38.3,118/71,90,74.6,"Patient describes muscle aches, headache.",0
PAT-00023,2024-01-09 09:14:09,98.1,55,36.7,122/74,72,74.6,Patient denies any symptoms or discomfort.,0
PAT-00023,2024-01-10 10:39:55,99.9,110,38.6,117/83,107,74.6,"Notes anxiety, chills, headache.",0
PAT-00023,2024-01-11 09:28:34,93.2,94,37.0,136/95,104,74.6,Patient is feeling well with all parameters stable.,0
PAT-00023,2024-01-12 09:44:45,96.4,106,39.0,114/83,124,74.6,"Patient notes that palpitations, severe discomfort, chills. immediate attention may be needed.",0
PAT-00023,2024-01-13 10:46:07,95.8,95,36.9,120/74,172,74.6,"Patient describes severe blurred vision, dry mouth, frequent urination. worsening symptoms present.",0
PAT-00023,2024-01-14 09:26:19,95.6,57,37.5,183/120,99,74.6,"Notes body aches, chest pain, severe headache. immediate attention may be needed.",1
PAT-00023,2024-01-15 08:06:08,100.0,52,36.5,110/78,119,74.6,"Today, patient states slow pulse.",0
PAT-00023,2024-01-16 08:43:01,94.9,71,38.1,112/85,74,74.6,"Patient notes that severe discomfort, headache. immediate attention may be needed.",1
PAT-00023,2024-01-17 09:31:30,95.7,94,38.7,115/76,77,74.6,"Patient describes fever, headache.",0
PAT-00023,2024-01-18 09:14:47,96.5,60,37.2,116/76,72,74.6,Vitals remain within acceptable limits. No issues noted.,0
PAT-00023,2024-01-19 10:31:44,98.8,55,37.0,124/77,113,74.6,No symptoms reported. Vitals are within expected range.,0
PAT-00023,2024-01-20 10:47:52,93.4,102,37.2,120/82,89,74.6,Patient describes anxiety.,0
PAT-00023,2024-01-21 09:29:52,96.6,88,35.9,111/77,86,74.6,Patient describes lowered energy.,0
PAT-00023,2024-01-22 10:48:40,95.0,91,36.9,116/79,84,74.6,No significant complaints today.,0
PAT-00023,2024-01-23 09:29:10,93.5,56,35.9,119/71,92,74.6,Indicates mild coldness.,0
PAT-00023,2024-01-24 09:05:46,99.4,58,37.4,113/75,94,74.6,Vitals remain within acceptable limits. No issues noted.,0
PAT-00023,2024-01-25 09:20:28,99.8,90,35.9,135/92,88,74.6,Indicates mild coldness.,0
PAT-00023,2024-01-26 09:44:41,95.1,95,35.6,113/72,73,74.6,Patient notes that lowered energy.,0
PAT-00023,2024-01-27 10:24:46,95.6,85,38.5,176/119,75,74.6,"This morning, headache, severe discomfort, chest tightness. worsening symptoms present.",0
PAT-00023,2024-01-28 10:55:42,98.0,94,36.0,135/87,75,74.6,Vitals remain within acceptable limits. No issues noted.,0
PAT-00023,2024-01-29 09:19:46,91.8,84,36.4,124/79,90,74.6,Reports shortness of breath.,0
PAT-00023,2024-01-30 08:00:39,99.1,84,36.6,118/70,84,74.6,Vitals remain within acceptable limits. No issues noted.,0
PAT-00024,2024-01-01 10:51:00,97.6,109,36.7,145/88,139,91.9,"Indicates anxiety, frequent urination.",0
PAT-00024,2024-01-02 09:05:38,95.9,109,38.7,110/77,98,91.9,"Patient describes anxiety, muscle aches, chills.",1
PAT-00024,2024-01-03 08:41:22,96.6,91,36.7,134/85,91,91.9,No significant complaints today.,0
PAT-00024,2024-01-04 08:03:06,95.9,73,38.7,165/105,91,91.9,"Patient notes that muscle aches, chills, headaches.",0
PAT-00024,2024-01-05 08:49:19,94.4,70,36.8,121/82,178,91.9,"Reports severe blurred vision, dry mouth, frequent urination. worsening symptoms present.",1
PAT-00024,2024-01-06 10:04:18,96.8,105,36.8,114/73,92,91.9,Patient notes that restlessness.,1
PAT-00024,2024-01-07 10:13:44,94.8,66,36.8,129/71,73,91.9,Vitals remain within acceptable limits. No issues noted.,0
PAT-00024,2024-01-08 10:44:38,93.7,89,35.9,119/83,89,91.9,Notes lowered energy.,0
PAT-00024,2024-01-09 10:22:59,97.4,94,37.2,129/85,86,91.9,Vitals remain within acceptable limits. No issues noted.,0
PAT-00024,2024-01-10 08:56:39,94.4,67,37.2,139/88,100,91.9,No symptoms reported. Vitals are within expected range.,0
PAT-00024,2024-01-11 09:40:50,93.8,93,37.0,116/83,83,91.9,No significant complaints today.,0
PAT-00024,2024-01-12 09:35:51,95.9,110,36.7,136/85,90,91.9,Notes palpitations.,0
PAT-00024,2024-01-13 08:19:19,97.3,106,36.5,147/90,94,91.9,Reports palpitations.,1
PAT-00024,2024-01-14 09:25:46,96.2,78,37.3,129/70,96,91.9,Patient is feeling well with all parameters stable.,0
PAT-00024,2024-01-15 09:53:21,96.5,60,37.2,125/85,125,91.9,Patient is feeling well with all parameters stable.,0
PAT-00024,2024-01-16 09:09:40,98.1,57,36.6,127/80,84,91.9,No symptoms reported. Vitals are within expected range.,0
PAT-00024,2024-01-17 10:19:36,94.4,83,36.8,140/93,87,91.9,Patient is feeling well with all parameters stable.,0
PAT-00024,2024-01-18 10:43:21,93.9,101,35.9,112/74,78,91.9,"Observes palpitations, lowered energy.",1
PAT-00024,2024-01-19 08:36:38,98.5,102,37.1,135/94,133,91.9,"Patient notes that restlessness, frequent urination.",0
PAT-00024,2024-01-20 09:26:05,95.2,105,36.2,117/81,84,91.9,"Today, patient states restlessness.",1
PAT-00024,2024-01-21 08:07:23,98.5,50,38.6,116/72,154,91.9,"This morning, slow pulse, fever, headache, severe blurred vision, dry mouth, frequent urination. immediate attention may be needed.",0
PAT-00024,2024-01-22 09:46:55,98.3,106,37.3,119/80,74,91.9,"This morning, palpitations.",1
PAT-00024,2024-01-23 08:29:24,100.0,106,37.2,113/70,79,91.9,Reports palpitations.,0
PAT-00024,2024-01-24 08:06:33,96.0,99,38.5,160/118,94,91.9,"Today, patient states muscle aches, chills, headaches.",0
PAT-00024,2024-01-25 09:34:20,97.4,84,38.1,124/73,108,91.9,"Notes chills, severe discomfort. immediate attention may be needed.",0
PAT-00024,2024-01-26 10:35:32,97.5,63,36.6,116/81,87,91.9,No significant complaints today.,0
PAT-00024,2024-01-27 08:45:51,99.8,69,36.8,128/77,75,91.9,No significant complaints today.,0
PAT-00024,2024-01-28 10:57:21,94.1,77,38.1,144/85,134,91.9,"Patient describes fever, headache, frequent urination.",0
PAT-00024,2024-01-29 08:05:27,95.3,56,36.7,115/84,89,91.9,No significant complaints today.,0
PAT-00024,2024-01-30 09:52:12,96.7,107,36.7,132/92,162,91.9,"Reports palpitations, severe blurred vision, dry mouth, frequent urination. worsening symptoms present.",0
PAT-00025,2024-01-01 10:29:06,96.8,74,38.5,119/84,85,89.9,"This morning, chills, severe discomfort. worsening symptoms present.",0
PAT-00025,2024-01-02 10:16:58,96.3,101,37.2,172/105,92,89.9,"Patient notes that anxiety, headaches.",1
PAT-00025,2024-01-03 08:04:30,100.0,51,37.1,141/92,114,89.9,Notes lightheadedness.,0
PAT-00025,2024-01-04 10:36:08,95.7,58,36.1,133/91,122,89.9,No significant complaints today.,0
PAT-00025,2024-01-05 10:41:04,96.7,99,37.8,127/84,112,89.9,Observes body aches.,0
PAT-00025,2024-01-06 08:35:10,98.4,75,36.2,122/72,80,89.9,Patient denies any symptoms or discomfort.,0
PAT-00025,2024-01-07 09:50:27,95.8,78,37.0,120/77,105,89.9,Patient denies any symptoms or discomfort.,0
PAT-00025,2024-01-08 09:07:37,97.1,109,38.5,144/90,87,89.9,"Notes palpitations, headache, chills.",0
PAT-00025,2024-01-09 08:38:06,97.7,60,36.5,129/82,146,89.9,Patient describes dry mouth.,0
PAT-00025,2024-01-10 08:56:37,98.1,110,37.3,110/74,121,89.9,Indicates palpitations.,0
PAT-00025,2024-01-11 09:39:36,98.9,74,35.5,116/76,169,89.9,"Notes lowered energy, severe blurred vision, dry mouth, frequent urination. worsening symptoms present.",0
PAT-00025,2024-01-12 10:19:58,93.1,90,36.8,189/113,92,89.9,"Patient notes that chest pain, severe headache. worsening symptoms present.",1
PAT-00025,2024-01-13 10:00:39,93.4,76,36.3,122/74,97,89.9,No symptoms reported. Vitals are within expected range.,0
PAT-00025,2024-01-14 09:57:35,98.0,90,37.2,111/70,122,89.9,No symptoms reported. Vitals are within expected range.,0
PAT-00025,2024-01-15 09:55:01,99.4,67,36.9,123/82,120,89.9,Vitals remain within acceptable limits. No issues noted.,0
PAT-00025,2024-01-16 09:24:27,92.0,77,38.2,166/105,85,89.9,"Observes chills, severe discomfort, vision issues. worsening symptoms present.",0
PAT-00025,2024-01-17 09:53:26,96.3,94,36.8,119/74,74,89.9,No symptoms reported. Vitals are within expected range.,0
PAT-00025,2024-01-18 10:01:09,94.6,105,36.1,181/113,74,89.9,"This morning, palpitations, chest pain, severe headache. worsening symptoms present.",1
PAT-00025,2024-01-19 09:55:29,97.0,109,36.7,123/75,114,89.9,Observes anxiety.,0
PAT-00025,2024-01-20 09:24:22,94.8,97,37.8,115/83,89,89.9,Indicates mild fever.,0
PAT-00025,2024-01-21 08:45:32,96.7,98,37.2,123/81,71,89.9,Patient denies any symptoms or discomfort.,0
PAT-00025,2024-01-22 09:45:23,96.2,51,37.5,148/92,92,89.9,"Notes lightheadedness, mild fever.",1
PAT-00025,2024-01-23 08:33:56,100.0,59,37.4,132/88,85,89.9,Patient denies any symptoms or discomfort.,0
PAT-00025,2024-01-24 10:19:39,96.5,50,36.1,120/70,85,89.9,Indicates fatigue.,1
PAT-00025,2024-01-25 09:26:22,96.0,90,37.2,119/79,105,89.9,Patient denies any symptoms or discomfort.,0
PAT-00025,2024-01-26 10:19:46,94.4,108,35.9,118/71,90,89.9,"Patient describes restlessness, mild coldness.",1
PAT-00025,2024-01-27 09:51:47,94.5,79,38.9,110/79,85,89.9,"Reports fever, chills.",1
PAT-00025,2024-01-28 09:16:08,95.7,109,36.6,138/89,97,89.9,Patient describes restlessness.,1
PAT-00025,2024-01-29 10:11:58,95.3,78,35.6,183/104,91,89.9,"Patient notes that lowered energy, chest pain, severe headache. worsening symptoms present.",0
PAT-00025,2024-01-30 09:50:44,96.4,97,37.9,175/105,95,89.9,"Patient notes that body aches, chest tightness.",0
PAT-00026,2024-01-01 08:38:59,95.7,94,36.8,125/83,94,64.7,Patient is feeling well with all parameters stable.,0
PAT-00026,2024-01-02 10:28:46,96.4,110,36.6,115/76,88,64.7,Patient notes that anxiety.,0
PAT-00026,2024-01-03 09:48:52,97.3,63,35.9,111/75,84,64.7,Indicates lowered energy.,0
PAT-00026,2024-01-04 10:48:59,97.6,77,35.7,167/112,169,64.7,"Notes lowered energy, headaches, severe blurred vision, dry mouth, frequent urination. immediate attention may be needed.",1
PAT-00026,2024-01-05 09:00:18,95.2,104,37.3,122/80,116,64.7,Patient describes anxiety.,1
PAT-00026,2024-01-06 10:40:22,95.8,103,38.1,149/95,97,64.7,"Notes restlessness, muscle aches, severe discomfort. worsening symptoms present.",0
PAT-00026,2024-01-07 09:41:37,93.6,102,38.9,174/107,123,64.7,"Patient notes that anxiety, severe discomfort, chills, vision issues. worsening symptoms present.",1
PAT-00026,2024-01-08 08:20:35,97.0,50,35.8,110/72,100,64.7,"Reports fatigue, mild coldness.",0
PAT-00026,2024-01-09 09:14:46,94.1,69,38.1,118/76,71,64.7,"Patient describes fever, severe discomfort. worsening symptoms present.",1
PAT-00026,2024-01-10 10:57:53,95.2,96,37.0,149/95,103,64.7,No symptoms reported. Vitals are within expected range.,0
PAT-00026,2024-01-11 10:08:24,98.2,110,37.2,128/75,98,64.7,"This morning, palpitations.",1
PAT-00026,2024-01-12 09:42:59,95.1,51,37.1,130/84,108,64.7,Patient notes that fatigue.,0
PAT-00026,2024-01-13 08:17:49,95.3,61,36.8,122/82,80,64.7,No significant complaints today.,0
PAT-00026,2024-01-14 09:11:28,95.7,92,36.2,125/76,89,64.7,Patient is feeling well with all parameters stable.,0
PAT-00026,2024-01-15 10:31:06,95.3,52,36.3,127/83,106,64.7,Reports slow pulse.,1
PAT-00026,2024-01-16 10:16:06,94.5,61,38.3,112/72,88,64.7,"Patient describes muscle aches, headache.",0
PAT-00026,2024-01-17 08:41:40,93.8,60,37.4,131/95,82,64.7,Patient is feeling well with all parameters stable.,0
PAT-00026,2024-01-18 10:21:57,93.0,56,35.7,128/70,86,64.7,Indicates lowered energy.,0
PAT-00026,2024-01-19 10:49:51,96.6,85,37.4,112/77,70,64.7,Vitals remain within acceptable limits. No issues noted.,0
PAT-00026,2024-01-20 08:36:34,96.4,89,38.4,141/90,121,64.7,"Patient describes muscle aches, headache.",1
PAT-00026,2024-01-21 10:05:23,94.4,58,37.2,187/110,102,64.7,"Indicates chest pain, severe headache. worsening symptoms present.",0
PAT-00026,2024-01-22 09:41:12,92.2,65,38.8,127/71,82,64.7,"Observes chills, muscle aches.",0
PAT-00026,2024-01-23 10:44:22,99.3,75,36.8,132/95,84,64.7,Patient is feeling well with all parameters stable.,0
PAT-00026,2024-01-24 08:12:01,94.1,83,36.6,128/77,115,64.7,No symptoms reported. Vitals are within expected range.,0
PAT-00026,2024-01-25 10:41:19,93.0,57,37.4,127/84,70,64.7,No significant complaints today.,0
PAT-00026,2024-01-26 08:21:50,95.8,50,37.1,122/73,76,64.7,Indicates slow pulse.,0
PAT-00026,2024-01-27 10:09:47,95.5,108,36.3,117/72,101,64.7,"This morning, anxiety.",0
PAT-00026,2024-01-28 08:30:58,95.3,59,36.6,131/88,122,64.7,No symptoms reported. Vitals are within expected range.,0
PAT-00026,2024-01-29 08:40:03,97.8,54,36.7,133/92,89,64.7,Reports lightheadedness.,1
PAT-00026,2024-01-30 08:07:31,97.5,59,35.8,149/88,72,64.7,Observes mild coldness.,0
PAT-00027,2024-01-01 10:43:25,95.3,100,37.2,113/74,80,67.4,No symptoms reported. Vitals are within expected range.,0
PAT-00027,2024-01-02 10:11:21,97.0,62,36.6,113/78,74,67.4,Patient is feeling well with all parameters stable.,0
PAT-00027,2024-01-03 10:23:35,94.3,65,37.3,144/88,99,67.4,Patient is feeling well with all parameters stable.,0
PAT-00027,2024-01-04 08:50:54,96.1,110,36.1,129/82,94,67.4,Patient describes palpitations.,1
PAT-00027,2024-01-05 08:00:00,97.5,65,37.0,112/79,83,67.4,Patient is feeling well with all parameters stable.,0
PAT-00027,2024-01-06 08:09:40,96.7,68,38.6,126/84,83,67.4,"Patient describes chills, severe discomfort. worsening symptoms present.",0
PAT-00027,2024-01-07 10:31:39,96.2,90,37.0,112/79,81,67.4,No symptoms reported. Vitals are within expected range.,0
PAT-00027,2024-01-08 10:15:12,96.5,93,37.8,126/73,89,67.4,"Today, patient states night sweats.",0
PAT-00027,2024-01-09 10:42:13,91.8,68,36.7,111/76,73,67.4,Indicates shortness of breath.,0
PAT-00027,2024-01-10 08:42:59,91.9,61,35.9,111/81,144,67.4,"Patient notes that shortness of breath, lowered energy, dry mouth.",1
PAT-00027,2024-01-11 09:02:06,96.1,91,37.1,127/75,75,67.4,Vitals remain within acceptable limits. No issues noted.,0
PAT-00027,2024-01-12 10:07:04,96.0,88,36.9,117/84,88,67.4,Vitals remain within acceptable limits. No issues noted.,0
PAT-00027,2024-01-13 08:47:43,96.9,100,37.9,117/73,80,67.4,Reports mild fever.,0
PAT-00027,2024-01-14 09:55:12,94.0,102,36.2,117/72,85,67.4,Indicates anxiety.,0
PAT-00027,2024-01-15 09:09:13,96.4,89,37.9,129/84,75,67.4,Patient notes that night sweats.,0
PAT-00027,2024-01-16 10:12:40,100.0,71,36.7,118/76,80,67.4,No symptoms reported. Vitals are within expected range.,0
PAT-00027,2024-01-17 10:36:03,93.2,98,37.4,164/103,180,67.4,"Indicates headaches, severe blurred vision, dry mouth, frequent urination. immediate attention may be needed.",1
PAT-00027,2024-01-18 09:14:56,99.2,99,36.9,129/75,125,67.4,Patient denies any symptoms or discomfort.,0
PAT-00027,2024-01-19 10:54:14,97.6,92,37.3,123/85,97,67.4,Patient denies any symptoms or discomfort.,0
PAT-00027,2024-01-20 09:53:29,96.4,68,36.7,160/113,93,67.4,"Today, patient states chest tightness.",1
PAT-00027,2024-01-21 10:14:57,97.5,89,35.5,178/104,99,67.4,"Patient describes mild coldness, headaches.",1
PAT-00027,2024-01-22 09:46:49,94.5,76,38.4,111/83,86,67.4,"Reports headache, severe discomfort. immediate attention may be needed.",0
PAT-00027,2024-01-23 08:05:35,96.4,84,37.3,130/91,139,67.4,Patient notes that blurred vision.,0
PAT-00027,2024-01-24 10:05:01,94.1,75,37.3,139/87,122,67.4,Patient denies any symptoms or discomfort.,0
PAT-00027,2024-01-25 10:37:01,96.6,74,36.1,124/74,97,67.4,Patient is feeling well with all parameters stable.,0
PAT-00027,2024-01-26 09:40:29,95.1,82,36.5,180/100,97,67.4,Reports vision issues.,1
PAT-00027,2024-01-27 10:21:33,96.2,91,37.2,119/83,94,67.4,Patient denies any symptoms or discomfort.,0
PAT-00027,2024-01-28 10:36:50,98.6,53,35.9,185/102,89,67.4,"Patient notes that fatigue, mild coldness, chest pain, severe headache. worsening symptoms present.",1
PAT-00027,2024-01-29 08:24:23,95.6,57,36.2,149/85,149,67.4,"This morning, dry mouth.",0
PAT-00027,2024-01-30 10:04:35,93.8,53,36.7,134/90,107,67.4,Reports slow pulse.,0
PAT-00028,2024-01-01 10:48:37,95.7,87,36.7,190/106,124,85.0,"Today, patient states chest pain, severe headache. immediate attention may be needed.",0
PAT-00028,2024-01-02 09:32:43,96.1,73,38.1,138/85,72,85.0,"Indicates muscle aches, severe discomfort. immediate attention may be needed.",1
PAT-00028,2024-01-03 10:53:07,95.6,57,36.7,147/95,96,85.0,Vitals remain within acceptable limits. No issues noted.,0
PAT-00028,2024-01-04 10:23:51,96.5,81,37.1,112/76,98,85.0,No symptoms reported. Vitals are within expected range.,0
PAT-00028,2024-01-05 08:25:57,95.5,95,36.8,119/72,73,85.0,No significant complaints today.,0
PAT-00028,2024-01-06 08:44:09,92.2,57,36.0,134/88,86,85.0,No significant complaints today.,0
PAT-00028,2024-01-07 09:43:34,94.5,89,36.1,134/92,81,85.0,Vitals remain within acceptable limits. No issues noted.,0
PAT-00028,2024-01-08 10:41:01,99.3,69,38.1,116/72,127,85.0,"Patient notes that chills, muscle aches, dry mouth.",1
PAT-00028,2024-01-09 09:31:37,97.2,81,38.2,126/84,84,85.0,"Notes muscle aches, chills.",1
PAT-00028,2024-01-10 09:14:30,99.3,55,36.5,169/101,74,85.0,Notes headaches.,0
PAT-00028,2024-01-11 08:39:59,96.2,65,37.8,147/89,75,85.0,"This morning, mild fever.",0
PAT-00028,2024-01-12 08:02:20,94.5,108,38.3,114/84,78,85.0,"Patient describes restlessness, chills, severe discomfort. worsening symptoms present.",0
PAT-00028,2024-01-13 09:09:23,95.1,104,35.7,147/87,87,85.0,"Patient describes restlessness, mild coldness.",1
PAT-00028,2024-01-14 09:49:09,97.6,104,35.8,189/110,74,85.0,"Notes palpitations, lowered energy, chest pain, severe headache. immediate attention may be needed.",1
PAT-00028,2024-01-15 09:48:36,96.0,94,38.2,148/92,147,85.0,"This morning, fever, headache, blurred vision.",1
PAT-00028,2024-01-16 08:19:01,96.6,102,36.1,129/77,84,85.0,Reports restlessness.,1
PAT-00028,2024-01-17 10:41:12,95.0,78,36.8,126/77,125,85.0,Patient is feeling well with all parameters stable.,0
PAT-00028,2024-01-18 08:05:34,96.7,104,37.3,112/82,76,85.0,Patient notes that restlessness.,1
PAT-00028,2024-01-19 10:03:58,91.2,60,38.0,141/91,135,85.0,"Patient notes that low energy, headache, muscle aches, dry mouth.",0
PAT-00028,2024-01-20 09:22:19,95.0,57,36.9,127/72,139,85.0,Indicates frequent urination.,0
PAT-00028,2024-01-21 09:51:28,96.5,99,36.8,165/113,93,85.0,"This morning, headaches.",1
PAT-00028,2024-01-22 10:05:09,93.8,66,35.6,119/85,97,85.0,Reports lowered energy.,0
PAT-00028,2024-01-23 10:48:24,94.3,92,37.4,160/113,90,85.0,Observes headaches.,0
PAT-00028,2024-01-24 09:45:36,93.7,84,37.5,134/88,137,85.0,"Indicates night sweats, dry mouth.",0
PAT-00028,2024-01-25 09:53:37,96.1,99,36.8,145/93,123,85.0,Patient is feeling well with all parameters stable.,0
PAT-00028,2024-01-26 08:50:00,97.1,52,36.9,118/79,90,85.0,Indicates slow pulse.,0
PAT-00028,2024-01-27 10:57:18,96.0,73,36.9,135/92,99,85.0,No symptoms reported. Vitals are within expected range.,0
PAT-00028,2024-01-28 08:48:17,98.4,57,36.8,132/94,93,85.0,Patient denies any symptoms or discomfort.,0
PAT-00028,2024-01-29 09:36:27,92.9,87,36.9,138/95,91,85.0,No symptoms reported. Vitals are within expected range.,0
PAT-00028,2024-01-30 09:32:46,93.6,78,37.9,110/78,75,85.0,Patient describes body aches.,0
PAT-00029,2024-01-01 09:56:44,97.2,52,37.3,121/75,71,49.4,Patient notes that fatigue.,1
PAT-00029,2024-01-02 09:03:18,96.5,69,36.5,126/72,86,49.4,Patient is feeling well with all parameters stable.,0
PAT-00029,2024-01-03 08:38:48,98.1,52,37.4,177/110,97,49.4,"Notes fatigue, vision issues.",0
PAT-00029,2024-01-04 10:44:23,97.5,51,36.7,127/81,104,49.4,"This morning, lightheadedness.",0
PAT-00029,2024-01-05 09:49:31,95.4,103,36.5,120/75,73,49.4,"This morning, palpitations.",0
PAT-00029,2024-01-06 08:50:57,93.3,77,36.6,129/73,152,49.4,"Indicates severe blurred vision, dry mouth, frequent urination. worsening symptoms present.",0
PAT-00029,2024-01-07 08:52:08,93.8,89,37.0,160/115,81,49.4,Patient notes that headaches.,1
PAT-00029,2024-01-08 09:56:38,98.3,76,36.0,120/75,92,49.4,No symptoms reported. Vitals are within expected range.,0
PAT-00029,2024-01-09 10:52:07,97.9,67,37.2,114/74,122,49.4,No significant complaints today.,0
PAT-00029,2024-01-10 08:13:08,93.0,92,37.6,123/73,72,49.4,Indicates mild fever.,0
PAT-00029,2024-01-11 08:12:06,95.6,61,36.5,126/71,85,49.4,No significant complaints today.,0
PAT-00029,2024-01-12 08:04:19,95.2,81,36.8,110/73,176,49.4,"Reports severe blurred vision, dry mouth, frequent urination. worsening symptoms present.",0
PAT-00029,2024-01-13 08:37:57,93.3,53,37.9,115/81,70,49.4,"Notes lightheadedness, mild fever.",1
PAT-00029,2024-01-14 09:22:10,96.1,87,38.8,126/77,116,49.4,"Reports severe discomfort, fever. worsening symptoms present.",0
PAT-00029,2024-01-15 08:33:13,92.5,82,36.1,116/79,75,49.4,No symptoms reported. Vitals are within expected range.,0
PAT-00029,2024-01-16 08:58:32,98.4,87,37.2,125/81,92,49.4,Vitals remain within acceptable limits. No issues noted.,0
PAT-00029,2024-01-17 10:06:11,93.8,86,37.4,121/82,113,49.4,Patient denies any symptoms or discomfort.,0
PAT-00029,2024-01-18 08:26:07,97.5,100,37.0,113/84,73,49.4,Vitals remain within acceptable limits. No issues noted.,0
PAT-00029,2024-01-19 09:45:18,96.4,77,37.3,111/72,110,49.4,No symptoms reported. Vitals are within expected range.,0
PAT-00029,2024-01-20 09:18:29,94.7,109,36.7,119/84,77,49.4,Observes anxiety.,0
PAT-00029,2024-01-21 09:12:54,96.1,62,36.9,125/81,137,49.4,Indicates blurred vision.,0
PAT-00029,2024-01-22 09:28:33,96.8,92,37.2,133/87,82,49.4,Patient denies any symptoms or discomfort.,0
PAT-00029,2024-01-23 08:47:59,97.4,88,38.4,135/86,81,49.4,"Today, patient states chills, muscle aches.",0
PAT-00029,2024-01-24 09:07:14,94.9,86,35.8,123/85,78,49.4,Observes lowered energy.,0
PAT-00029,2024-01-25 10:38:25,96.1,105,37.2,126/78,74,49.4,Reports restlessness.,0
PAT-00029,2024-01-26 09:31:14,91.3,110,37.3,134/85,103,49.4,"Reports low energy, palpitations.",1
PAT-00029,2024-01-27 08:11:24,100.0,109,35.5,120/74,79,49.4,"Reports anxiety, mild coldness.",0
PAT-00029,2024-01-28 10:49:31,94.6,57,37.2,136/89,91,49.4,Vitals remain within acceptable limits. No issues noted.,0
PAT-00029,2024-01-29 10:16:34,93.1,70,37.0,127/70,174,49.4,"Patient describes severe blurred vision, dry mouth, frequent urination. worsening symptoms present.",0
PAT-00029,2024-01-30 08:24:28,94.2,55,36.1,142/92,114,49.4,No symptoms reported. Vitals are within expected range.,0
PAT-00030,2024-01-01 08:35:42,97.0,87,36.0,184/109,171,108.0,"This morning, chest pain, severe headache, severe blurred vision, dry mouth, frequent urination. immediate attention may be needed.",1
PAT-00030,2024-01-02 08:19:45,98.1,72,35.8,145/86,118,108.0,Indicates lowered energy.,0
PAT-00030,2024-01-03 08:32:03,94.7,72,37.3,138/92,88,108.0,Patient denies any symptoms or discomfort.,0
PAT-00030,2024-01-04 10:22:49,95.9,69,36.3,120/71,70,108.0,Patient is feeling well with all parameters stable.,0
PAT-00030,2024-01-05 09:22:51,98.7,83,36.7,128/70,94,108.0,Vitals remain within acceptable limits. No issues noted.,0
PAT-00030,2024-01-06 08:27:22,93.8,71,36.0,173/111,129,108.0,"Today, patient states vision issues, blurred vision.",0
PAT-00030,2024-01-07 09:37:05,92.4,92,37.2,119/73,80,108.0,No symptoms reported. Vitals are within expected range.,0
PAT-00030,2024-01-08 10:20:02,91.5,57,37.9,123/83,78,108.0,"Indicates shortness of breath, body aches.",0
PAT-00030,2024-01-09 09:24:36,97.1,102,38.2,120/73,95,108.0,"Patient notes that restlessness, fever, chills.",0
PAT-00030,2024-01-10 10:21:10,97.4,109,37.0,119/81,83,108.0,Indicates palpitations.,1
PAT-00030,2024-01-11 08:53:54,98.3,107,36.0,136/89,78,108.0,Notes palpitations.,0
PAT-00030,2024-01-12 09:51:14,96.6,79,36.7,112/73,118,108.0,No significant complaints today.,0
PAT-00030,2024-01-13 08:36:51,98.4,76,36.6,125/83,76,108.0,No symptoms reported. Vitals are within expected range.,0
PAT-00030,2024-01-14 10:52:19,99.7,106,37.3,185/109,113,108.0,"Patient notes that anxiety, chest pain, severe headache. immediate attention may be needed.",0
PAT-00030,2024-01-15 09:16:39,96.6,76,37.1,144/95,94,108.0,No symptoms reported. Vitals are within expected range.,0
PAT-00030,2024-01-16 10:45:33,98.6,87,37.9,135/94,85,108.0,Indicates mild fever.,0
PAT-00030,2024-01-17 10:34:51,93.6,79,35.7,123/71,159,108.0,"Patient notes that mild coldness, severe blurred vision, dry mouth, frequent urination. immediate attention may be needed.",0
PAT-00030,2024-01-18 08:09:47,96.6,99,36.1,123/83,146,108.0,"Today, patient states blurred vision.",0
PAT-00030,2024-01-19 09:52:18,96.8,110,36.0,115/78,121,108.0,"Today, patient states anxiety.",0
PAT-00030,2024-01-20 08:09:12,94.1,60,36.8,167/109,84,108.0,Observes headaches.,0
PAT-00030,2024-01-21 08:12:10,94.1,68,37.3,114/70,142,108.0,"This morning, dry mouth.",0
PAT-00030,2024-01-22 08:46:31,93.3,90,37.3,111/72,146,108.0,Notes frequent urination.,0
PAT-00030,2024-01-23 09:57:23,97.3,81,36.6,112/82,96,108.0,Patient is feeling well with all parameters stable.,0
PAT-00030,2024-01-24 08:36:47,95.9,106,35.8,133/93,91,108.0,"Indicates anxiety, lowered energy.",0
PAT-00030,2024-01-25 08:38:07,96.7,100,35.6,170/118,123,108.0,"Today, patient states lowered energy, vision issues.",0
PAT-00030,2024-01-26 08:09:06,94.2,65,36.9,136/89,114,108.0,No significant complaints today.,0
PAT-00030,2024-01-27 10:03:31,93.2,107,37.3,121/73,110,108.0,Observes anxiety.,0
PAT-00030,2024-01-28 08:17:56,97.5,52,36.1,141/92,171,108.0,"Notes fatigue, severe blurred vision, dry mouth, frequent urination. immediate attention may be needed.",1
PAT-00030,2024-01-29 10:02:53,97.5,91,37.3,117/78,117,108.0,No significant complaints today.,0
PAT-00030,2024-01-30 10:44:23,94.7,88,36.7,133/93,141,108.0,Observes dry mouth.,0
PAT-00031,2024-01-01 09:59:58,97.7,98,37.3,139/86,124,86.4,No significant complaints today.,0
PAT-00031,2024-01-02 08:55:56,97.7,95,37.0,124/80,125,86.4,No symptoms reported. Vitals are within expected range.,0
PAT-00031,2024-01-03 09:55:05,94.1,105,36.8,125/83,99,86.4,Observes restlessness.,1
PAT-00031,2024-01-04 08:52:10,97.6,54,36.7,146/86,148,86.4,"Patient notes that fatigue, frequent urination.",0
PAT-00031,2024-01-05 08:48:03,94.9,60,37.2,130/75,166,86.4,"Indicates severe blurred vision, dry mouth, frequent urination. worsening symptoms present.",0
PAT-00031,2024-01-06 08:00:25,94.8,96,38.1,130/79,80,86.4,"Reports severe discomfort, fever. immediate attention may be needed.",1
PAT-00031,2024-01-07 10:45:49,95.4,60,36.8,114/83,176,86.4,"Patient notes that severe blurred vision, dry mouth, frequent urination. immediate attention may be needed.",0
PAT-00031,2024-01-08 10:08:16,94.9,95,35.6,128/80,177,86.4,"Today, patient states lowered energy, severe blurred vision, dry mouth, frequent urination. immediate attention may be needed.",0
PAT-00031,2024-01-09 09:11:25,97.7,88,38.2,142/94,107,86.4,"Today, patient states fever, severe discomfort. worsening symptoms present.",0
PAT-00031,2024-01-10 09:12:16,95.1,82,35.8,115/71,151,86.4,"Notes lowered energy, severe blurred vision, dry mouth, frequent urination. immediate attention may be needed.",1
PAT-00031,2024-01-11 09:10:36,93.8,63,38.1,130/93,83,86.4,"Reports headache, severe discomfort. immediate attention may be needed.",0
PAT-00031,2024-01-12 08:12:55,95.6,86,36.8,118/79,93,86.4,Vitals remain within acceptable limits. No issues noted.,0
PAT-00031,2024-01-13 08:27:54,97.9,96,37.9,129/76,109,86.4,"Today, patient states body aches.",0
PAT-00031,2024-01-14 09:50:09,96.1,90,38.8,169/108,77,86.4,"Patient notes that severe discomfort, headache, chest tightness. worsening symptoms present.",0
PAT-00031,2024-01-15 10:29:05,92.0,60,35.5,125/74,97,86.4,Observes lowered energy.,0
PAT-00031,2024-01-16 10:24:45,98.3,103,37.1,129/78,102,86.4,Patient describes palpitations.,0
PAT-00031,2024-01-17 08:30:58,90.3,101,38.4,129/71,70,86.4,"Notes dizziness, anxiety, severe discomfort, headache. worsening symptoms present.",0
PAT-00031,2024-01-18 10:23:08,98.2,90,37.3,147/85,88,86.4,No significant complaints today.,0
PAT-00031,2024-01-19 08:32:31,96.9,89,37.0,120/84,134,86.4,Patient notes that blurred vision.,0
PAT-00031,2024-01-20 09:09:16,92.0,63,38.7,120/71,104,86.4,"Patient notes that headache, muscle aches.",0
PAT-00031,2024-01-21 09:57:56,90.3,68,36.6,129/78,86,86.4,Observes dizziness.,1
PAT-00031,2024-01-22 09:47:31,95.5,52,37.0,127/84,71,86.4,"This morning, lightheadedness.",1
PAT-00031,2024-01-23 08:02:30,97.3,68,36.0,115/84,113,86.4,Vitals remain within acceptable limits. No issues noted.,0
PAT-00031,2024-01-24 08:28:22,94.9,82,38.6,127/85,84,86.4,"This morning, headache, fever.",1
PAT-00031,2024-01-25 08:13:55,95.1,99,38.5,115/75,93,86.4,"Today, patient states severe discomfort, muscle aches. worsening symptoms present.",0
PAT-00031,2024-01-26 08:33:49,97.0,108,37.2,135/91,102,86.4,Indicates palpitations.,1
PAT-00031,2024-01-27 09:01:18,93.9,60,35.8,113/82,149,86.4,"This morning, mild coldness, dry mouth.",0
PAT-00031,2024-01-28 09:53:45,98.9,81,36.6,125/84,90,86.4,Patient denies any symptoms or discomfort.,0
PAT-00031,2024-01-29 10:00:21,94.6,91,36.2,180/119,84,86.4,"This morning, headaches.",0
PAT-00031,2024-01-30 08:51:41,97.9,99,36.1,140/85,93,86.4,Patient denies any symptoms or discomfort.,0
PAT-00032,2024-01-01 10:24:05,97.3,72,38.1,138/87,77,69.0,"Patient describes headache, fever.",1
PAT-00032,2024-01-02 08:24:49,97.2,56,37.6,169/120,124,69.0,"Reports body aches, chest tightness.",0
PAT-00032,2024-01-03 09:47:51,94.8,54,37.9,188/119,74,69.0,"Reports fatigue, body aches, chest pain, severe headache. worsening symptoms present.",0
PAT-00032,2024-01-04 10:12:31,97.2,104,37.0,142/92,78,69.0,Observes anxiety.,0
PAT-00032,2024-01-05 09:51:23,97.4,79,37.5,115/83,90,69.0,Reports night sweats.,0
PAT-00032,2024-01-06 09:29:43,96.2,67,36.0,130/74,115,69.0,No significant complaints today.,0
PAT-00032,2024-01-07 09:27:05,93.6,89,36.2,145/89,74,69.0,No significant complaints today.,0
PAT-00032,2024-01-08 08:33:27,95.9,54,36.5,148/85,87,69.0,Patient describes lightheadedness.,1
PAT-00032,2024-01-09 10:27:26,97.0,51,36.9,144/95,93,69.0,Notes slow pulse.,0
PAT-00032,2024-01-10 10:05:49,97.0,76,36.5,110/73,173,69.0,"Indicates severe blurred vision, dry mouth, frequent urination. immediate attention may be needed.",1
PAT-00032,2024-01-11 08:53:25,95.5,50,36.1,112/83,122,69.0,Patient notes that fatigue.,1
PAT-00032,2024-01-12 09:48:42,95.2,74,36.6,149/89,80,69.0,Patient is feeling well with all parameters stable.,0
PAT-00032,2024-01-13 08:05:47,97.3,109,38.4,118/73,83,69.0,"Observes anxiety, fever, severe discomfort. immediate attention may be needed.",0
PAT-00032,2024-01-14 08:41:30,96.8,104,37.2,122/85,79,69.0,Patient notes that anxiety.,0
PAT-00032,2024-01-15 10:43:25,97.3,85,37.2,119/72,74,69.0,No symptoms reported. Vitals are within expected range.,0
PAT-00032,2024-01-16 08:07:52,96.0,60,38.7,116/70,76,69.0,"Today, patient states headache, chills.",1
PAT-00032,2024-01-17 10:54:50,100.0,107,36.9,116/72,79,69.0,"This morning, restlessness.",0
PAT-00032,2024-01-18 08:07:10,95.4,94,38.0,124/85,85,69.0,"Today, patient states fever, headache.",0
PAT-00032,2024-01-19 10:53:53,97.0,72,36.8,161/110,70,69.0,Observes chest tightness.,0
PAT-00032,2024-01-20 09:47:37,92.1,109,36.9,147/89,71,69.0,Observes restlessness.,1
PAT-00032,2024-01-21 10:46:39,98.9,89,36.6,145/88,92,69.0,Patient denies any symptoms or discomfort.,0
PAT-00032,2024-01-22 08:27:36,95.2,55,36.2,127/72,108,69.0,Vitals remain within acceptable limits. No issues noted.,0
PAT-00032,2024-01-23 08:31:39,97.3,110,35.9,121/84,92,69.0,"This morning, restlessness, mild coldness.",1
PAT-00032,2024-01-24 08:30:22,95.4,57,38.1,167/116,77,69.0,"Indicates severe discomfort, muscle aches, vision issues. immediate attention may be needed.",0
PAT-00032,2024-01-25 09:46:45,97.8,72,37.9,143/95,90,69.0,Patient notes that body aches.,0
PAT-00032,2024-01-26 08:39:13,93.9,99,36.3,132/95,115,69.0,Patient is feeling well with all parameters stable.,0
PAT-00032,2024-01-27 08:10:38,92.2,105,36.8,133/91,85,69.0,"Today, patient states restlessness.",1
PAT-00032,2024-01-28 08:01:22,96.2,98,35.6,121/75,137,69.0,"Patient notes that mild coldness, blurred vision.",0
PAT-00032,2024-01-29 10:14:07,98.3,77,36.5,167/115,108,69.0,Patient notes that headaches.,0
PAT-00032,2024-01-30 10:17:57,97.1,94,36.9,146/94,168,69.0,"Reports severe blurred vision, dry mouth, frequent urination. worsening symptoms present.",0
PAT-00033,2024-01-01 09:51:29,96.8,51,35.7,113/73,96,75.6,"Reports slow pulse, mild coldness.",0
PAT-00033,2024-01-02 08:55:13,95.8,89,37.6,121/75,93,75.6,Indicates night sweats.,0
PAT-00033,2024-01-03 09:46:55,92.6,63,36.2,114/81,80,75.6,No symptoms reported. Vitals are within expected range.,0
PAT-00033,2024-01-04 08:28:26,93.5,90,37.0,117/85,80,75.6,Patient denies any symptoms or discomfort.,0
PAT-00033,2024-01-05 08:05:17,96.5,55,36.1,143/90,90,75.6,Patient is feeling well with all parameters stable.,0
PAT-00033,2024-01-06 10:26:50,98.0,67,38.5,114/83,83,75.6,"Patient notes that headache, severe discomfort. worsening symptoms present.",1
PAT-00033,2024-01-07 09:09:49,98.7,50,36.5,146/86,72,75.6,Patient notes that fatigue.,1
PAT-00033,2024-01-08 08:27:03,96.5,102,37.9,111/74,98,75.6,"Notes anxiety, mild fever.",0
PAT-00033,2024-01-09 10:44:35,97.3,99,36.5,120/81,70,75.6,Patient denies any symptoms or discomfort.,0
PAT-00033,2024-01-10 10:58:09,97.3,102,36.8,124/76,117,75.6,Indicates anxiety.,1
PAT-00033,2024-01-11 10:25:49,97.2,66,35.8,119/72,101,75.6,Observes lowered energy.,0
PAT-00033,2024-01-12 10:56:08,95.0,76,38.3,127/79,76,75.6,"Patient notes that fever, muscle aches.",0
PAT-00033,2024-01-13 08:01:01,98.7,58,37.1,178/108,141,75.6,"Observes headaches, frequent urination.",0
PAT-00033,2024-01-14 08:46:03,99.3,86,36.6,141/89,120,75.6,No symptoms reported. Vitals are within expected range.,0
PAT-00033,2024-01-15 08:48:41,96.6,93,36.6,124/79,88,75.6,Vitals remain within acceptable limits. No issues noted.,0
PAT-00033,2024-01-16 09:15:51,98.2,83,37.2,128/77,81,75.6,No significant complaints today.,0
PAT-00033,2024-01-17 10:50:52,91.6,59,36.3,134/91,86,75.6,"Today, patient states low energy.",0
PAT-00033,2024-01-18 10:37:12,98.0,86,37.6,121/84,73,75.6,Observes mild fever.,0
PAT-00033,2024-01-19 08:05:03,93.2,73,36.8,134/92,76,75.6,No symptoms reported. Vitals are within expected range.,0
PAT-00033,2024-01-20 09:43:33,96.5,72,36.6,128/82,142,75.6,Indicates frequent urination.,0
PAT-00033,2024-01-21 09:44:59,98.5,90,38.2,125/83,96,75.6,"This morning, chills, severe discomfort. immediate attention may be needed.",1
PAT-00033,2024-01-22 09:08:45,95.8,58,38.0,126/73,122,75.6,"Indicates chills, headache.",0
PAT-00033,2024-01-23 08:35:23,96.6,89,36.8,113/83,103,75.6,No significant complaints today.,0
PAT-00033,2024-01-24 10:18:02,94.0,76,36.9,134/86,81,75.6,No significant complaints today.,0
PAT-00033,2024-01-25 09:18:31,91.8,60,36.7,114/74,176,75.6,"Observes low energy, severe blurred vision, dry mouth, frequent urination. immediate attention may be needed.",0
PAT-00033,2024-01-26 09:56:18,97.1,66,36.0,115/85,70,75.6,Patient denies any symptoms or discomfort.,0
PAT-00033,2024-01-27 09:04:55,99.3,61,35.7,173/115,88,75.6,"Indicates lowered energy, vision issues.",0
PAT-00033,2024-01-28 09:30:53,94.7,109,36.9,114/74,86,75.6,Indicates anxiety.,1
PAT-00033,2024-01-29 10:28:09,95.9,87,35.7,120/72,95,75.6,Observes lowered energy.,0
PAT-00033,2024-01-30 09:21:34,97.5,61,38.1,124/78,90,75.6,"Patient describes fever, chills.",0
PAT-00034,2024-01-01 10:19:35,96.0,110,37.3,163/120,87,101.5,"Patient describes palpitations, chest tightness.",0
PAT-00034,2024-01-02 10:12:48,95.5,75,38.5,126/70,73,101.5,"Patient describes severe discomfort, chills. immediate attention may be needed.",0
PAT-00034,2024-01-03 08:15:53,95.6,82,36.8,128/84,72,101.5,Vitals remain within acceptable limits. No issues noted.,0
PAT-00034,2024-01-04 10:02:31,92.8,50,36.7,170/113,137,101.5,"Patient notes that fatigue, chest tightness, frequent urination.",0
PAT-00034,2024-01-05 08:07:06,97.5,58,38.4,115/79,74,101.5,"Reports chills, muscle aches.",0
PAT-00034,2024-01-06 09:43:10,97.1,91,37.0,129/80,105,101.5,No symptoms reported. Vitals are within expected range.,0
PAT-00034,2024-01-07 09:24:06,97.0,100,37.2,134/91,146,101.5,Observes dry mouth.,0
PAT-00034,2024-01-08 08:03:12,92.6,97,36.7,129/77,157,101.5,"Observes severe blurred vision, dry mouth, frequent urination. worsening symptoms present.",0
PAT-00034,2024-01-09 09:03:20,97.5,104,37.6,177/113,72,101.5,"Today, patient states restlessness, mild fever, headaches.",1
PAT-00034,2024-01-10 08:17:35,96.7,90,37.3,128/73,77,101.5,No significant complaints today.,0
PAT-00034,2024-01-11 10:26:28,95.4,92,36.8,187/120,116,101.5,"Today, patient states chest pain, severe headache. worsening symptoms present.",0
PAT-00034,2024-01-12 08:23:34,98.1,65,38.2,117/83,99,101.5,"Patient describes severe discomfort, headache. immediate attention may be needed.",0
PAT-00034,2024-01-13 09:53:39,93.6,54,36.7,130/75,100,101.5,Indicates lightheadedness.,1
PAT-00034,2024-01-14 09:53:43,95.6,56,38.3,141/95,76,101.5,"Patient describes severe discomfort, muscle aches. immediate attention may be needed.",0
PAT-00034,2024-01-15 10:36:04,94.0,99,36.7,112/82,122,101.5,Patient is feeling well with all parameters stable.,0
PAT-00034,2024-01-16 10:35:17,96.3,103,36.9,166/119,86,101.5,"Patient notes that restlessness, vision issues.",1
PAT-00034,2024-01-17 10:28:17,96.2,53,38.1,120/80,139,101.5,"This morning, fatigue, severe discomfort, muscle aches, blurred vision. worsening symptoms present.",0
PAT-00034,2024-01-18 08:38:30,94.6,90,36.8,110/75,83,101.5,Vitals remain within acceptable limits. No issues noted.,0
PAT-00034,2024-01-19 10:05:50,97.8,60,37.2,130/72,87,101.5,Vitals remain within acceptable limits. No issues noted.,0
PAT-00034,2024-01-20 10:07:22,93.8,102,38.6,149/90,112,101.5,"Indicates palpitations, fever, severe discomfort. immediate attention may be needed.",0
PAT-00034,2024-01-21 08:28:00,96.5,67,38.3,110/78,91,101.5,"Reports muscle aches, chills.",0
PAT-00034,2024-01-22 10:19:51,96.2,97,36.9,137/92,81,101.5,No significant complaints today.,0
PAT-00034,2024-01-23 09:57:45,95.9,59,36.8,136/85,106,101.5,No symptoms reported. Vitals are within expected range.,0
PAT-00034,2024-01-24 09:36:32,93.2,105,36.6,165/117,76,101.5,"This morning, anxiety, vision issues.",0
PAT-00034,2024-01-25 08:47:04,95.5,94,36.6,118/77,98,101.5,Patient is feeling well with all parameters stable.,0
PAT-00034,2024-01-26 10:01:44,95.9,107,36.1,149/89,169,101.5,"Indicates anxiety, severe blurred vision, dry mouth, frequent urination. immediate attention may be needed.",0
PAT-00034,2024-01-27 09:41:43,96.9,110,37.2,131/90,83,101.5,Notes restlessness.,1
PAT-00034,2024-01-28 10:29:31,97.7,101,38.6,176/101,98,101.5,"Observes anxiety, chills, fever, headaches.",0
PAT-00034,2024-01-29 09:00:25,94.6,66,35.6,170/102,98,101.5,"Today, patient states mild coldness, vision issues.",1
PAT-00034,2024-01-30 09:04:58,94.7,53,37.2,116/75,147,101.5,"Reports fatigue, blurred vision.",1
PAT-00035,2024-01-01 09:51:01,93.6,59,37.0,130/80,108,60.7,No symptoms reported. Vitals are within expected range.,0
PAT-00035,2024-01-02 09:15:21,94.3,86,36.5,111/80,86,60.7,No symptoms reported. Vitals are within expected range.,0
PAT-00035,2024-01-03 10:39:28,96.0,84,36.4,133/95,114,60.7,No symptoms reported. Vitals are within expected range.,0
PAT-00035,2024-01-04 08:58:02,95.0,72,37.9,120/72,95,60.7,Patient describes mild fever.,0
PAT-00035,2024-01-05 09:03:19,95.7,79,35.8,150/91,72,60.7,Patient describes mild coldness.,0
PAT-00035,2024-01-06 09:54:24,93.4,72,35.6,163/119,94,60.7,"Patient describes lowered energy, chest tightness.",1
PAT-00035,2024-01-07 09:50:27,92.3,88,37.9,129/73,80,60.7,Patient describes body aches.,0
PAT-00035,2024-01-08 09:37:12,95.3,63,36.9,113/70,89,60.7,Patient denies any symptoms or discomfort.,0
PAT-00035,2024-01-09 08:57:36,96.4,64,36.7,130/78,148,60.7,Indicates dry mouth.,0
PAT-00035,2024-01-10 09:11:15,94.3,94,37.3,111/71,74,60.7,Patient denies any symptoms or discomfort.,0
PAT-00035,2024-01-11 09:32:41,97.9,84,37.2,121/79,88,60.7,Patient is feeling well with all parameters stable.,0
PAT-00035,2024-01-12 09:19:38,96.2,55,37.3,139/90,70,60.7,No symptoms reported. Vitals are within expected range.,0
PAT-00035,2024-01-13 08:32:52,93.8,107,36.1,111/83,81,60.7,"Today, patient states palpitations.",1
PAT-00035,2024-01-14 08:50:04,99.6,100,36.9,116/85,122,60.7,Patient denies any symptoms or discomfort.,0
PAT-00035,2024-01-15 10:21:54,96.0,108,38.5,128/80,119,60.7,"This morning, restlessness, headache, muscle aches.",0
PAT-00035,2024-01-16 08:31:14,93.9,89,37.0,110/77,170,60.7,"Today, patient states severe blurred vision, dry mouth, frequent urination. immediate attention may be needed.",0
PAT-00035,2024-01-17 08:15:30,95.5,83,35.9,140/91,106,60.7,"This morning, lowered energy.",0
PAT-00035,2024-01-18 08:23:00,97.9,92,37.3,171/100,117,60.7,"This morning, chest tightness.",0
PAT-00035,2024-01-19 08:40:37,96.0,55,36.2,111/70,76,60.7,No significant complaints today.,0
PAT-00035,2024-01-20 08:14:56,95.1,98,36.5,115/80,97,60.7,Patient is feeling well with all parameters stable.,0
PAT-00035,2024-01-21 08:01:11,93.0,86,37.1,168/103,100,60.7,"This morning, vision issues.",1
PAT-00035,2024-01-22 08:21:59,98.4,96,35.8,139/92,77,60.7,Patient notes that lowered energy.,0
PAT-00035,2024-01-23 10:51:39,94.4,103,36.2,132/86,74,60.7,"Today, patient states palpitations.",1
PAT-00035,2024-01-24 09:44:23,98.6,70,37.3,129/83,120,60.7,No symptoms reported. Vitals are within expected range.,0
PAT-00035,2024-01-25 10:37:12,100.0,107,36.8,119/74,80,60.7,Patient describes palpitations.,1
PAT-00035,2024-01-26 09:55:08,94.7,87,38.3,146/94,115,60.7,"Indicates chills, fever.",1
PAT-00035,2024-01-27 10:04:10,97.3,76,37.9,122/81,115,60.7,Indicates body aches.,0
PAT-00035,2024-01-28 10:23:33,93.0,82,38.9,125/85,115,60.7,"Patient describes muscle aches, headache.",1
PAT-00035,2024-01-29 08:28:55,94.2,53,35.7,142/88,109,60.7,"This morning, fatigue, lowered energy.",1
PAT-00035,2024-01-30 09:16:35,95.5,92,36.6,114/72,109,60.7,Patient denies any symptoms or discomfort.,0
PAT-00036,2024-01-01 09:14:37,94.4,61,36.3,144/93,89,75.4,Vitals remain within acceptable limits. No issues noted.,0
PAT-00036,2024-01-02 09:29:27,96.4,103,38.0,121/85,80,75.4,"This morning, restlessness, headache, fever.",1
PAT-00036,2024-01-03 09:41:04,98.2,71,38.5,112/79,179,75.4,"Notes severe discomfort, fever, severe blurred vision, dry mouth, frequent urination. worsening symptoms present.",1
PAT-00036,2024-01-04 08:07:04,96.4,71,37.0,111/76,80,75.4,No significant complaints today.,0
PAT-00036,2024-01-05 09:19:47,96.5,60,36.7,118/76,92,75.4,Patient denies any symptoms or discomfort.,0
PAT-00036,2024-01-06 09:00:49,98.4,99,37.3,169/111,95,75.4,Observes headaches.,0
PAT-00036,2024-01-07 10:00:30,95.3,110,38.5,126/74,97,75.4,"Today, patient states restlessness, chills, severe discomfort. immediate attention may be needed.",0
PAT-00036,2024-01-08 10:37:50,97.5,107,36.9,184/114,93,75.4,"Patient notes that restlessness, chest pain, severe headache. worsening symptoms present.",1
PAT-00036,2024-01-09 09:54:12,95.5,73,37.1,184/113,139,75.4,"Indicates chest pain, severe headache, dry mouth. worsening symptoms present.",0
PAT-00036,2024-01-10 08:23:08,91.6,59,38.3,134/89,93,75.4,"Patient notes that shortness of breath, headache, muscle aches.",0
PAT-00036,2024-01-11 09:43:48,92.7,72,37.4,127/79,80,75.4,Patient denies any symptoms or discomfort.,0
PAT-00036,2024-01-12 08:59:08,94.2,64,35.6,120/82,82,75.4,Observes mild coldness.,0
PAT-00036,2024-01-13 09:12:30,98.7,63,36.7,120/84,120,75.4,No symptoms reported. Vitals are within expected range.,0
PAT-00036,2024-01-14 08:06:43,95.4,107,36.1,115/71,96,75.4,Indicates anxiety.,0
PAT-00036,2024-01-15 08:04:58,96.9,90,37.4,172/109,76,75.4,Notes chest tightness.,0
PAT-00036,2024-01-16 08:29:03,97.5,55,35.7,146/85,75,75.4,Observes lowered energy.,0
PAT-00036,2024-01-17 08:08:34,97.7,56,35.8,145/86,82,75.4,"This morning, mild coldness.",0
PAT-00036,2024-01-18 09:27:52,96.0,60,37.8,125/75,89,75.4,Notes body aches.,0
PAT-00036,2024-01-19 10:45:43,93.3,74,35.7,168/106,126,75.4,"Observes mild coldness, headaches, blurred vision.",0
PAT-00036,2024-01-20 08:33:21,91.6,89,35.8,148/92,84,75.4,"Reports dizziness, mild coldness.",0
PAT-00036,2024-01-21 09:22:44,96.5,99,38.9,122/75,83,75.4,"Observes chills, severe discomfort. immediate attention may be needed.",1
PAT-00036,2024-01-22 10:11:44,97.5,78,36.6,113/82,170,75.4,"Patient describes severe blurred vision, dry mouth, frequent urination. immediate attention may be needed.",1
PAT-00036,2024-01-23 08:17:56,94.3,80,37.3,127/79,91,75.4,Patient is feeling well with all parameters stable.,0
PAT-00036,2024-01-24 09:26:48,96.0,107,36.7,133/90,72,75.4,Patient notes that palpitations.,0
PAT-00036,2024-01-25 08:16:13,95.2,58,37.8,111/84,70,75.4,Indicates mild fever.,0
PAT-00036,2024-01-26 10:25:54,92.0,66,37.3,172/101,70,75.4,Reports headaches.,1
PAT-00036,2024-01-27 08:20:42,97.9,57,35.8,125/84,72,75.4,"Today, patient states mild coldness.",0
PAT-00036,2024-01-28 09:08:30,96.0,98,36.0,115/75,96,75.4,Patient denies any symptoms or discomfort.,0
PAT-00036,2024-01-29 08:11:18,97.4,51,36.8,177/112,75,75.4,"Patient describes lightheadedness, vision issues.",0
PAT-00036,2024-01-30 08:28:22,94.8,95,36.6,116/71,169,75.4,"Today, patient states severe blurred vision, dry mouth, frequent urination. immediate attention may be needed.",1
PAT-00037,2024-01-01 08:53:40,98.3,106,37.0,150/95,122,76.1,Reports anxiety.,1
PAT-00037,2024-01-02 09:28:03,94.7,79,36.3,110/71,94,76.1,Patient is feeling well with all parameters stable.,0
PAT-00037,2024-01-03 08:23:58,95.4,67,36.7,136/86,127,76.1,Patient describes dry mouth.,0
PAT-00037,2024-01-04 09:52:12,95.3,81,36.5,112/77,132,76.1,"This morning, frequent urination.",0
PAT-00037,2024-01-05 08:26:32,96.2,93,36.9,120/80,87,76.1,Patient denies any symptoms or discomfort.,0
PAT-00037,2024-01-06 08:59:34,95.0,72,37.1,190/113,73,76.1,"Today, patient states chest pain, severe headache. immediate attention may be needed.",0
PAT-00037,2024-01-07 09:20:11,98.2,60,38.5,122/80,70,76.1,"Indicates headache, chills.",0
PAT-00037,2024-01-08 10:52:17,95.2,80,36.6,149/90,71,76.1,Patient is feeling well with all parameters stable.,0
PAT-00037,2024-01-09 09:19:49,98.0,79,36.8,145/86,122,76.1,No significant complaints today.,0
PAT-00037,2024-01-10 08:38:20,96.3,60,38.8,122/74,80,76.1,"Indicates chills, muscle aches.",1
PAT-00037,2024-01-11 08:38:58,93.2,78,35.5,174/112,86,76.1,"Patient describes mild coldness, vision issues.",1
PAT-00037,2024-01-12 10:48:57,95.5,51,37.1,169/107,93,76.1,"Reports fatigue, chest tightness.",0
PAT-00037,2024-01-13 09:31:18,95.7,66,35.6,134/91,106,76.1,"Today, patient states mild coldness.",0
PAT-00037,2024-01-14 10:28:47,93.5,88,35.7,120/74,78,76.1,Patient describes lowered energy.,0
PAT-00037,2024-01-15 09:41:52,93.0,54,36.6,110/77,180,76.1,"Patient notes that slow pulse, severe blurred vision, dry mouth, frequent urination. immediate attention may be needed.",0
PAT-00037,2024-01-16 08:34:03,95.6,89,37.0,137/95,170,76.1,"Today, patient states severe blurred vision, dry mouth, frequent urination. worsening symptoms present.",0
PAT-00037,2024-01-17 09:33:20,95.8,65,36.9,124/70,130,76.1,Reports dry mouth.,0
PAT-00037,2024-01-18 08:40:09,93.9,90,37.0,116/74,72,76.1,Patient denies any symptoms or discomfort.,0
PAT-00037,2024-01-19 10:53:50,95.3,53,36.8,117/72,113,76.1,Indicates slow pulse.,0
PAT-00037,2024-01-20 10:12:15,95.0,73,36.2,115/77,109,76.1,Patient denies any symptoms or discomfort.,0
PAT-00037,2024-01-21 09:40:12,98.7,98,36.9,187/115,72,76.1,"Patient notes that chest pain, severe headache. immediate attention may be needed.",0
PAT-00037,2024-01-22 08:30:28,95.9,73,36.1,126/83,174,76.1,"This morning, severe blurred vision, dry mouth, frequent urination. worsening symptoms present.",1
PAT-00037,2024-01-23 09:01:48,97.6,56,38.3,143/86,124,76.1,"This morning, muscle aches, chills.",0
PAT-00037,2024-01-24 09:19:29,96.5,99,36.6,122/85,72,76.1,Patient is feeling well with all parameters stable.,0
PAT-00037,2024-01-25 10:30:12,94.0,64,36.5,116/70,70,76.1,Vitals remain within acceptable limits. No issues noted.,0
PAT-00037,2024-01-26 09:59:26,99.8,90,36.7,142/90,82,76.1,No significant complaints today.,0
PAT-00037,2024-01-27 10:37:04,98.0,73,36.4,131/86,112,76.1,Patient is feeling well with all parameters stable.,0
PAT-00037,2024-01-28 09:16:49,94.9,101,38.5,126/85,90,76.1,"Observes anxiety, muscle aches, fever.",0
PAT-00037,2024-01-29 10:15:15,95.5,75,37.6,111/81,166,76.1,"Patient describes body aches, severe blurred vision, dry mouth, frequent urination. worsening symptoms present.",0
PAT-00037,2024-01-30 10:09:16,96.2,109,35.5,124/74,142,76.1,"Reports palpitations, mild coldness, blurred vision.",1
PAT-00038,2024-01-01 10:45:58,93.5,72,38.7,122/72,116,82.7,"This morning, chills, headache.",0
PAT-00038,2024-01-02 09:44:19,95.2,76,37.7,127/82,163,82.7,"Observes night sweats, severe blurred vision, dry mouth, frequent urination. worsening symptoms present.",0
PAT-00038,2024-01-03 10:55:05,95.0,93,36.7,180/118,94,82.7,"This morning, headaches.",1
PAT-00038,2024-01-04 08:59:47,90.9,72,36.6,119/70,105,82.7,Patient describes dizziness.,1
PAT-00038,2024-01-05 10:26:33,96.7,73,36.3,130/79,123,82.7,Patient is feeling well with all parameters stable.,0
PAT-00038,2024-01-06 08:23:11,97.9,94,38.6,136/92,75,82.7,"Indicates severe discomfort, fever. worsening symptoms present.",0
PAT-00038,2024-01-07 08:11:12,100.0,61,36.3,183/105,95,82.7,"Today, patient states chest pain, severe headache. immediate attention may be needed.",1
PAT-00038,2024-01-08 09:28:40,94.0,59,36.9,113/75,72,82.7,No symptoms reported. Vitals are within expected range.,0
PAT-00038,2024-01-09 09:07:17,94.8,62,37.1,120/70,163,82.7,"Today, patient states severe blurred vision, dry mouth, frequent urination. immediate attention may be needed.",1
PAT-00038,2024-01-10 10:48:06,99.1,60,36.6,111/78,174,82.7,"Patient describes severe blurred vision, dry mouth, frequent urination. worsening symptoms present.",0
PAT-00038,2024-01-11 08:06:13,98.8,106,37.4,130/91,89,82.7,Notes anxiety.,0
PAT-00038,2024-01-12 09:48:21,94.7,79,36.8,143/90,111,82.7,No significant complaints today.,0
PAT-00038,2024-01-13 08:23:42,92.5,72,37.0,122/71,81,82.7,No symptoms reported. Vitals are within expected range.,0
PAT-00038,2024-01-14 08:29:55,98.7,102,38.3,114/70,119,82.7,"Today, patient states palpitations, severe discomfort, muscle aches. immediate attention may be needed.",0
PAT-00038,2024-01-15 10:43:42,94.1,87,36.2,125/83,91,82.7,No symptoms reported. Vitals are within expected range.,0
PAT-00038,2024-01-16 10:52:20,95.3,60,37.2,130/81,97,82.7,No significant complaints today.,0
PAT-00038,2024-01-17 10:28:14,96.1,109,37.0,145/91,173,82.7,"Reports anxiety, severe blurred vision, dry mouth, frequent urination. immediate attention may be needed.",0
PAT-00038,2024-01-18 09:42:54,92.5,51,37.9,122/79,89,82.7,"This morning, lightheadedness, body aches.",0
PAT-00038,2024-01-19 10:50:54,95.8,106,36.4,111/74,85,82.7,Notes palpitations.,1
PAT-00038,2024-01-20 10:55:29,97.2,65,37.3,144/86,85,82.7,Patient is feeling well with all parameters stable.,0
PAT-00038,2024-01-21 08:10:48,96.2,92,36.0,163/113,92,82.7,"This morning, chest tightness.",0
PAT-00038,2024-01-22 09:57:24,93.9,54,38.9,117/78,168,82.7,"Indicates fatigue, fever, chills, severe blurred vision, dry mouth, frequent urination. immediate attention may be needed.",1
PAT-00038,2024-01-23 10:21:55,97.1,97,36.1,128/72,90,82.7,Vitals remain within acceptable limits. No issues noted.,0
PAT-00038,2024-01-24 10:47:47,92.2,102,36.4,150/95,95,82.7,Observes anxiety.,1
PAT-00038,2024-01-25 08:16:07,95.1,69,36.7,162/103,102,82.7,"Today, patient states headaches.",0
PAT-00038,2024-01-26 08:36:23,93.6,94,37.3,120/82,88,82.7,No significant complaints today.,0
PAT-00038,2024-01-27 08:37:34,97.2,66,35.6,142/91,80,82.7,"This morning, lowered energy.",0
PAT-00038,2024-01-28 10:37:14,98.8,63,36.7,172/100,117,82.7,Patient notes that headaches.,1
PAT-00038,2024-01-29 09:53:14,95.2,105,36.6,181/114,74,82.7,"Notes anxiety, chest pain, severe headache. immediate attention may be needed.",1
PAT-00038,2024-01-30 10:54:51,96.4,86,37.0,111/80,79,82.7,No significant complaints today.,0
PAT-00039,2024-01-01 10:36:30,94.6,110,38.3,116/85,79,78.5,"Patient notes that anxiety, headache, fever.",0
PAT-00039,2024-01-02 10:13:54,96.2,83,37.9,117/71,99,78.5,Indicates mild fever.,0
PAT-00039,2024-01-03 09:52:42,95.4,89,35.7,115/70,117,78.5,Patient notes that lowered energy.,0
PAT-00039,2024-01-04 09:22:48,96.6,102,38.9,122/72,86,78.5,"Today, patient states anxiety, muscle aches, severe discomfort. worsening symptoms present.",0
PAT-00039,2024-01-05 10:25:06,93.4,94,35.7,140/94,97,78.5,Notes mild coldness.,0
PAT-00039,2024-01-06 08:36:08,95.7,74,36.9,125/79,98,78.5,Patient is feeling well with all parameters stable.,0
PAT-00039,2024-01-07 08:51:47,97.2,66,37.3,130/70,81,78.5,Patient is feeling well with all parameters stable.,0
PAT-00039,2024-01-08 09:27:43,100.0,95,37.4,189/101,73,78.5,"Patient notes that chest pain, severe headache. worsening symptoms present.",0
PAT-00039,2024-01-09 08:03:07,95.5,58,36.9,130/80,118,78.5,Patient is feeling well with all parameters stable.,0
PAT-00039,2024-01-10 10:46:25,91.4,67,36.6,161/103,107,78.5,"Notes dizziness, headaches.",0
PAT-00039,2024-01-11 08:41:47,95.3,72,36.0,112/84,97,78.5,No significant complaints today.,0
PAT-00039,2024-01-12 10:41:28,91.1,71,35.8,110/73,133,78.5,"Today, patient states shortness of breath, mild coldness, dry mouth.",1
PAT-00039,2024-01-13 10:36:30,97.4,68,36.7,113/75,150,78.5,"Indicates severe blurred vision, dry mouth, frequent urination. worsening symptoms present.",1
PAT-00039,2024-01-14 10:27:19,94.8,78,36.1,114/73,80,78.5,Patient denies any symptoms or discomfort.,0
PAT-00039,2024-01-15 08:25:52,92.7,90,36.2,142/93,96,78.5,No symptoms reported. Vitals are within expected range.,0
PAT-00039,2024-01-16 10:53:37,96.4,77,36.8,130/73,124,78.5,No symptoms reported. Vitals are within expected range.,0
PAT-00039,2024-01-17 08:55:38,95.2,52,36.0,110/84,95,78.5,Reports fatigue.,0
PAT-00039,2024-01-18 10:13:41,97.4,65,36.7,112/78,97,78.5,No symptoms reported. Vitals are within expected range.,0
PAT-00039,2024-01-19 08:32:19,94.9,71,36.1,127/75,83,78.5,Patient is feeling well with all parameters stable.,0
PAT-00039,2024-01-20 09:02:33,91.6,99,37.1,147/92,74,78.5,Indicates low energy.,1
PAT-00039,2024-01-21 10:58:22,95.0,79,35.7,127/76,170,78.5,"Patient describes mild coldness, severe blurred vision, dry mouth, frequent urination. immediate attention may be needed.",0
PAT-00039,2024-01-22 08:09:19,94.7,96,36.0,114/76,88,78.5,No significant complaints today.,0
PAT-00039,2024-01-23 08:46:39,94.6,73,37.1,112/78,78,78.5,Patient is feeling well with all parameters stable.,0
PAT-00039,2024-01-24 09:29:05,94.4,90,36.7,138/95,153,78.5,"This morning, severe blurred vision, dry mouth, frequent urination. worsening symptoms present.",0
PAT-00039,2024-01-25 08:40:46,96.6,54,36.8,130/76,92,78.5,"This morning, fatigue.",0
PAT-00039,2024-01-26 08:20:50,91.5,56,36.8,122/70,119,78.5,Reports shortness of breath.,0
PAT-00039,2024-01-27 10:07:43,95.3,77,36.7,143/86,80,78.5,No significant complaints today.,0
PAT-00039,2024-01-28 09:49:17,96.1,64,37.1,117/78,126,78.5,Observes blurred vision.,0
PAT-00039,2024-01-29 08:24:06,98.2,85,36.5,113/75,86,78.5,Patient denies any symptoms or discomfort.,0
PAT-00039,2024-01-30 09:06:33,99.3,71,38.4,148/89,87,78.5,"Patient describes muscle aches, fever.",1
PAT-00040,2024-01-01 09:11:22,97.3,85,37.7,127/82,85,64.0,"This morning, body aches.",0
PAT-00040,2024-01-02 10:32:45,93.8,52,36.7,134/87,150,64.0,"Notes slow pulse, severe blurred vision, dry mouth, frequent urination. immediate attention may be needed.",0
PAT-00040,2024-01-03 10:40:23,98.4,97,37.2,129/83,92,64.0,Patient is feeling well with all parameters stable.,0
PAT-00040,2024-01-04 09:22:51,96.8,74,37.1,126/79,108,64.0,Patient denies any symptoms or discomfort.,0
PAT-00040,2024-01-05 10:56:59,98.5,86,36.5,117/79,90,64.0,No significant complaints today.,0
PAT-00040,2024-01-06 09:49:20,100.0,87,38.6,132/95,72,64.0,"Reports fever, chills.",1
PAT-00040,2024-01-07 08:05:47,92.7,99,36.0,177/115,95,64.0,Observes chest tightness.,1
PAT-00040,2024-01-08 10:08:30,93.0,105,36.7,146/95,121,64.0,Reports anxiety.,0
PAT-00040,2024-01-09 10:12:58,95.8,86,37.0,110/83,92,64.0,Patient is feeling well with all parameters stable.,0
PAT-00040,2024-01-10 10:42:58,97.2,86,37.2,146/95,119,64.0,Patient denies any symptoms or discomfort.,0
PAT-00040,2024-01-11 09:10:43,96.7,89,38.9,126/77,105,64.0,"This morning, fever, muscle aches.",1
PAT-00040,2024-01-12 08:27:31,94.8,102,36.9,115/81,103,64.0,"Today, patient states restlessness.",0
PAT-00040,2024-01-13 08:18:19,99.3,57,37.1,119/78,76,64.0,Patient denies any symptoms or discomfort.,0
PAT-00040,2024-01-14 09:13:59,97.2,99,37.1,130/71,114,64.0,No symptoms reported. Vitals are within expected range.,0
PAT-00040,2024-01-15 09:00:39,94.4,104,38.6,170/109,81,64.0,"This morning, palpitations, fever, muscle aches, vision issues.",1
PAT-00040,2024-01-16 08:06:27,96.1,57,36.4,166/102,86,64.0,"This morning, vision issues.",0
PAT-00040,2024-01-17 09:00:09,94.0,84,38.0,138/88,85,64.0,"Notes headache, muscle aches.",1
PAT-00040,2024-01-18 08:34:51,97.0,68,36.6,113/84,91,64.0,Patient is feeling well with all parameters stable.,0
PAT-00040,2024-01-19 08:22:47,95.6,103,36.7,130/90,171,64.0,"Reports palpitations, severe blurred vision, dry mouth, frequent urination. immediate attention may be needed.",0
PAT-00040,2024-01-20 08:08:25,97.7,73,38.3,120/71,105,64.0,"Notes chills, headache.",0
PAT-00040,2024-01-21 09:35:31,100.0,60,37.3,134/90,94,64.0,Patient denies any symptoms or discomfort.,0
PAT-00040,2024-01-22 10:59:47,96.4,86,37.4,142/87,73,64.0,No symptoms reported. Vitals are within expected range.,0
PAT-00040,2024-01-23 08:09:22,98.1,106,35.9,110/77,71,64.0,"Observes anxiety, lowered energy.",1
PAT-00040,2024-01-24 10:00:27,93.0,105,36.1,119/79,85,64.0,Observes palpitations.,0
PAT-00040,2024-01-25 08:46:32,97.7,95,35.6,137/89,124,64.0,Notes mild coldness.,0
PAT-00040,2024-01-26 08:42:52,92.6,73,37.1,116/85,122,64.0,Patient denies any symptoms or discomfort.,0
PAT-00040,2024-01-27 10:11:12,96.2,87,36.8,128/74,107,64.0,Patient is feeling well with all parameters stable.,0
PAT-00040,2024-01-28 09:02:17,95.2,66,38.0,134/91,70,64.0,"Reports severe discomfort, chills. worsening symptoms present.",0
PAT-00040,2024-01-29 09:26:33,96.1,69,37.1,182/120,77,64.0,"Today, patient states chest pain, severe headache. immediate attention may be needed.",1
PAT-00040,2024-01-30 09:03:32,98.1,103,38.3,150/85,79,64.0,"Notes palpitations, muscle aches, severe discomfort. worsening symptoms present.",0
PAT-00041,2024-01-01 10:26:15,93.8,55,36.2,111/75,71,67.8,No symptoms reported. Vitals are within expected range.,0
PAT-00041,2024-01-02 10:47:20,96.4,66,36.7,119/85,143,67.8,Reports frequent urination.,0
PAT-00041,2024-01-03 09:31:23,96.9,70,36.8,119/73,73,67.8,Patient denies any symptoms or discomfort.,0
PAT-00041,2024-01-04 08:21:23,99.1,83,37.6,121/81,77,67.8,Notes body aches.,0
PAT-00041,2024-01-05 09:05:56,96.6,63,36.3,114/73,128,67.8,"Today, patient states frequent urination.",0
PAT-00041,2024-01-06 09:59:06,96.5,62,37.5,147/94,147,67.8,"Indicates night sweats, frequent urination.",0
PAT-00041,2024-01-07 08:34:46,95.9,94,35.8,161/104,76,67.8,"Notes lowered energy, vision issues.",0
PAT-00041,2024-01-08 10:22:57,93.7,101,37.6,144/95,171,67.8,"Reports palpitations, night sweats, severe blurred vision, dry mouth, frequent urination. immediate attention may be needed.",1
PAT-00041,2024-01-09 10:59:32,96.2,90,36.5,135/94,78,67.8,No significant complaints today.,0
PAT-00041,2024-01-10 08:36:03,94.2,85,36.6,136/91,85,67.8,Patient is feeling well with all parameters stable.,0
PAT-00041,2024-01-11 09:48:32,98.1,72,36.1,127/82,82,67.8,Patient is feeling well with all parameters stable.,0
PAT-00041,2024-01-12 08:00:10,97.6,108,38.8,116/70,125,67.8,"Notes anxiety, headache, muscle aches.",0
PAT-00041,2024-01-13 09:45:17,94.3,107,37.1,133/87,107,67.8,"Today, patient states palpitations.",1
PAT-00041,2024-01-14 10:09:56,94.4,98,36.9,134/89,97,67.8,Patient is feeling well with all parameters stable.,0
PAT-00041,2024-01-15 08:34:07,93.1,60,36.4,130/81,120,67.8,No significant complaints today.,0
PAT-00041,2024-01-16 08:45:56,96.1,77,36.2,118/74,152,67.8,"Notes severe blurred vision, dry mouth, frequent urination. immediate attention may be needed.",1
PAT-00041,2024-01-17 08:40:52,97.9,60,37.3,121/77,93,67.8,Patient is feeling well with all parameters stable.,0
PAT-00041,2024-01-18 09:01:34,93.0,81,37.1,128/73,172,67.8,"Observes severe blurred vision, dry mouth, frequent urination. worsening symptoms present.",1
PAT-00041,2024-01-19 09:55:40,96.5,110,36.7,129/76,96,67.8,"Today, patient states restlessness.",0
PAT-00041,2024-01-20 08:37:40,97.4,102,35.7,114/84,77,67.8,"Patient notes that anxiety, lowered energy.",0
PAT-00041,2024-01-21 09:05:31,96.9,65,36.9,124/75,178,67.8,"This morning, severe blurred vision, dry mouth, frequent urination. immediate attention may be needed.",0
PAT-00041,2024-01-22 09:46:11,96.3,80,36.8,139/85,79,67.8,Patient is feeling well with all parameters stable.,0
PAT-00041,2024-01-23 09:43:38,97.7,53,38.0,112/74,72,67.8,"Observes fatigue, chills, headache.",1
PAT-00041,2024-01-24 10:08:46,95.2,90,37.7,129/73,112,67.8,Patient describes night sweats.,0
PAT-00041,2024-01-25 08:48:53,93.4,80,37.3,111/74,77,67.8,No significant complaints today.,0
PAT-00041,2024-01-26 08:40:38,95.9,50,37.2,110/73,87,67.8,Patient notes that slow pulse.,0
PAT-00041,2024-01-27 08:12:08,94.5,105,37.1,148/92,96,67.8,Notes palpitations.,1
PAT-00041,2024-01-28 08:15:03,90.6,77,36.5,118/73,70,67.8,Reports shortness of breath.,0
PAT-00041,2024-01-29 08:32:56,95.7,103,36.0,114/70,140,67.8,"Observes palpitations, blurred vision.",0
PAT-00041,2024-01-30 09:41:18,94.9,67,36.2,122/73,157,67.8,"This morning, severe blurred vision, dry mouth, frequent urination. worsening symptoms present.",1
PAT-00042,2024-01-01 08:06:18,93.7,71,35.5,112/80,73,95.6,Reports lowered energy.,0
PAT-00042,2024-01-02 10:09:11,99.2,56,36.2,126/80,89,95.6,Vitals remain within acceptable limits. No issues noted.,0
PAT-00042,2024-01-03 08:57:42,94.2,99,37.2,129/79,81,95.6,No significant complaints today.,0
PAT-00042,2024-01-04 09:42:23,92.7,54,36.9,112/70,135,95.6,"Patient notes that slow pulse, blurred vision.",0
PAT-00042,2024-01-05 09:46:50,93.1,105,37.6,186/102,73,95.6,"Notes anxiety, night sweats, chest pain, severe headache. immediate attention may be needed.",0
PAT-00042,2024-01-06 09:08:11,96.8,84,36.9,172/111,80,95.6,Observes headaches.,0
PAT-00042,2024-01-07 09:38:50,94.7,110,37.1,120/74,95,95.6,"Today, patient states anxiety.",1
PAT-00042,2024-01-08 10:31:34,96.1,77,37.1,125/77,82,95.6,Patient denies any symptoms or discomfort.,0
PAT-00042,2024-01-09 10:26:33,94.8,59,37.0,117/72,77,95.6,No symptoms reported. Vitals are within expected range.,0
PAT-00042,2024-01-10 08:54:01,97.0,101,37.0,127/85,74,95.6,Patient describes palpitations.,0
PAT-00042,2024-01-11 09:54:54,98.8,52,35.8,119/84,104,95.6,"Today, patient states slow pulse, lowered energy.",0
PAT-00042,2024-01-12 08:03:47,93.3,64,37.9,163/104,82,95.6,"Observes body aches, chest tightness.",0
PAT-00042,2024-01-13 10:06:42,94.8,59,37.1,132/92,96,95.6,No symptoms reported. Vitals are within expected range.,0
PAT-00042,2024-01-14 08:23:09,96.3,92,38.0,117/72,70,95.6,"This morning, severe discomfort, headache. worsening symptoms present.",0
PAT-00042,2024-01-15 09:47:08,95.2,106,35.8,182/109,156,95.6,"Indicates restlessness, lowered energy, chest pain, severe headache, severe blurred vision, dry mouth, frequent urination. worsening symptoms present.",1
PAT-00042,2024-01-16 10:00:18,96.2,63,36.2,114/71,98,95.6,Patient denies any symptoms or discomfort.,0
PAT-00042,2024-01-17 08:32:10,96.2,60,36.6,122/83,121,95.6,Patient denies any symptoms or discomfort.,0
PAT-00042,2024-01-18 10:53:16,96.4,108,37.2,146/89,92,95.6,Observes palpitations.,1
PAT-00042,2024-01-19 09:05:33,97.0,72,36.7,114/76,82,95.6,Patient is feeling well with all parameters stable.,0
PAT-00042,2024-01-20 09:11:52,96.9,107,36.9,179/102,96,95.6,"Indicates anxiety, headaches.",1
PAT-00042,2024-01-21 10:25:52,97.9,102,38.4,115/71,125,95.6,"Notes restlessness, headache, chills.",1
PAT-00042,2024-01-22 08:23:38,98.3,100,36.4,130/88,79,95.6,Patient denies any symptoms or discomfort.,0
PAT-00042,2024-01-23 08:04:13,93.5,79,36.9,130/89,76,95.6,No symptoms reported. Vitals are within expected range.,0
PAT-00042,2024-01-24 08:17:05,97.2,59,37.2,148/85,88,95.6,No symptoms reported. Vitals are within expected range.,0
PAT-00042,2024-01-25 08:20:05,95.0,54,36.9,130/90,94,95.6,Observes fatigue.,1
PAT-00042,2024-01-26 09:48:25,93.2,83,36.5,141/87,92,95.6,No significant complaints today.,0
PAT-00042,2024-01-27 09:57:47,97.4,76,39.0,113/74,70,95.6,"Indicates severe discomfort, headache. worsening symptoms present.",0
PAT-00042,2024-01-28 08:18:10,95.1,64,36.5,144/86,98,95.6,Patient is feeling well with all parameters stable.,0
PAT-00042,2024-01-29 08:51:43,95.7,60,37.2,114/75,86,95.6,Vitals remain within acceptable limits. No issues noted.,0
PAT-00042,2024-01-30 08:21:18,95.7,101,37.0,149/91,71,95.6,Observes anxiety.,1
PAT-00043,2024-01-01 10:38:04,95.3,90,37.0,114/85,73,88.0,Patient is feeling well with all parameters stable.,0
PAT-00043,2024-01-02 09:35:55,97.8,51,37.0,125/73,84,88.0,"This morning, fatigue.",1
PAT-00043,2024-01-03 08:04:17,98.2,78,36.5,121/81,72,88.0,Patient is feeling well with all parameters stable.,0
PAT-00043,2024-01-04 10:49:29,98.2,54,36.5,175/108,174,88.0,"This morning, fatigue, vision issues, severe blurred vision, dry mouth, frequent urination. worsening symptoms present.",0
PAT-00043,2024-01-05 10:31:02,98.5,71,37.4,119/82,152,88.0,"This morning, severe blurred vision, dry mouth, frequent urination. immediate attention may be needed.",0
PAT-00043,2024-01-06 10:54:39,100.0,55,38.1,121/72,121,88.0,"Notes headache, severe discomfort. worsening symptoms present.",1
PAT-00043,2024-01-07 10:02:39,93.1,80,35.9,131/88,122,88.0,"This morning, mild coldness.",0
PAT-00043,2024-01-08 09:24:10,92.1,59,36.8,122/72,107,88.0,Vitals remain within acceptable limits. No issues noted.,0
PAT-00043,2024-01-09 10:05:22,96.0,104,35.9,124/84,103,88.0,"Reports palpitations, mild coldness.",0
PAT-00043,2024-01-10 09:49:27,96.7,96,35.6,172/110,130,88.0,"Indicates lowered energy, headaches, frequent urination.",0
PAT-00043,2024-01-11 10:30:07,94.4,98,37.0,174/101,87,88.0,Indicates chest tightness.,0
PAT-00043,2024-01-12 08:20:36,95.1,61,38.3,129/82,71,88.0,"Indicates muscle aches, headache.",0
PAT-00043,2024-01-13 08:55:01,96.4,90,36.8,184/113,78,88.0,"Notes chest pain, severe headache. worsening symptoms present.",0
PAT-00043,2024-01-14 08:09:04,97.0,68,36.9,142/86,79,88.0,Vitals remain within acceptable limits. No issues noted.,0
PAT-00043,2024-01-15 10:13:42,95.5,54,36.6,135/85,72,88.0,Patient notes that fatigue.,0
PAT-00043,2024-01-16 09:10:12,98.7,55,35.8,123/85,85,88.0,Observes mild coldness.,0
PAT-00043,2024-01-17 10:36:24,95.1,86,36.0,110/76,72,88.0,No significant complaints today.,0
PAT-00043,2024-01-18 10:52:46,97.0,83,37.0,120/70,74,88.0,Patient is feeling well with all parameters stable.,0
PAT-00043,2024-01-19 09:55:20,97.1,63,35.6,123/78,86,88.0,Indicates mild coldness.,0
PAT-00043,2024-01-20 08:40:28,94.5,110,38.3,128/73,128,88.0,"This morning, palpitations, chills, headache, frequent urination.",1
PAT-00043,2024-01-21 08:22:13,95.1,90,36.6,116/70,81,88.0,No symptoms reported. Vitals are within expected range.,0
PAT-00043,2024-01-22 09:57:19,93.6,76,35.7,113/85,167,88.0,"Observes lowered energy, severe blurred vision, dry mouth, frequent urination. immediate attention may be needed.",1
PAT-00043,2024-01-23 09:53:34,98.0,73,36.7,126/80,73,88.0,Vitals remain within acceptable limits. No issues noted.,0
PAT-00043,2024-01-24 09:23:11,94.3,107,36.4,129/75,87,88.0,Observes restlessness.,0
PAT-00043,2024-01-25 10:44:43,95.0,73,36.7,130/79,122,88.0,No symptoms reported. Vitals are within expected range.,0
PAT-00043,2024-01-26 08:05:41,95.5,90,38.0,129/83,73,88.0,"Indicates headache, fever.",0
PAT-00043,2024-01-27 08:42:18,96.6,103,36.9,116/77,94,88.0,Observes restlessness.,1
PAT-00043,2024-01-28 09:07:22,96.8,104,37.1,143/95,122,88.0,Observes anxiety.,0
PAT-00043,2024-01-29 09:50:14,98.6,106,37.1,119/78,98,88.0,Notes anxiety.,1
PAT-00043,2024-01-30 09:43:15,98.5,90,37.3,143/85,126,88.0,"This morning, blurred vision.",0
PAT-00044,2024-01-01 10:52:47,98.1,109,38.4,140/90,75,69.4,"Observes anxiety, headache, chills.",0
PAT-00044,2024-01-02 10:25:53,95.5,91,36.4,148/91,74,69.4,Patient is feeling well with all parameters stable.,0
PAT-00044,2024-01-03 09:57:20,93.6,76,36.7,115/83,77,69.4,Patient is feeling well with all parameters stable.,0
PAT-00044,2024-01-04 10:07:40,98.8,78,37.1,122/78,96,69.4,No significant complaints today.,0
PAT-00044,2024-01-05 08:05:05,95.3,60,38.8,123/70,90,69.4,"Patient describes severe discomfort, chills. worsening symptoms present.",0
PAT-00044,2024-01-06 10:58:05,95.9,59,36.4,122/70,93,69.4,Vitals remain within acceptable limits. No issues noted.,0
PAT-00044,2024-01-07 10:40:49,97.2,71,36.4,135/88,120,69.4,No significant complaints today.,0
PAT-00044,2024-01-08 08:34:53,96.9,97,36.6,122/78,91,69.4,No significant complaints today.,0
PAT-00044,2024-01-09 08:59:09,95.0,80,36.9,110/73,73,69.4,Patient denies any symptoms or discomfort.,0
PAT-00044,2024-01-10 08:06:09,94.0,69,36.7,168/105,102,69.4,Indicates chest tightness.,0
PAT-00044,2024-01-11 08:25:06,96.0,105,36.6,110/83,72,69.4,Reports restlessness.,0
PAT-00044,2024-01-12 09:24:56,98.3,55,36.2,180/114,95,69.4,"This morning, chest tightness.",0
PAT-00044,2024-01-13 08:42:36,97.4,60,37.2,129/71,133,69.4,Patient notes that dry mouth.,0
PAT-00044,2024-01-14 10:38:34,98.8,60,37.2,135/93,93,69.4,No symptoms reported. Vitals are within expected range.,0
PAT-00044,2024-01-15 08:38:01,95.7,58,37.2,110/74,76,69.4,No symptoms reported. Vitals are within expected range.,0
PAT-00044,2024-01-16 08:01:20,93.4,64,37.6,167/102,93,69.4,"Notes body aches, chest tightness.",0
PAT-00044,2024-01-17 08:05:22,94.8,107,36.5,130/79,114,69.4,Indicates anxiety.,0
PAT-00044,2024-01-18 09:59:12,94.0,98,36.9,115/76,121,69.4,Vitals remain within acceptable limits. No issues noted.,0
PAT-00044,2024-01-19 08:37:50,98.9,84,35.6,128/79,75,69.4,Indicates mild coldness.,0
PAT-00044,2024-01-20 09:27:38,95.5,83,36.8,118/80,89,69.4,Patient denies any symptoms or discomfort.,0
PAT-00044,2024-01-21 09:27:12,92.5,78,36.0,171/111,98,69.4,Reports vision issues.,1
PAT-00044,2024-01-22 08:32:16,99.5,78,38.0,123/79,89,69.4,"Observes severe discomfort, muscle aches. immediate attention may be needed.",0
PAT-00044,2024-01-23 08:51:20,94.4,56,37.2,135/90,77,69.4,Patient is feeling well with all parameters stable.,0
PAT-00044,2024-01-24 10:23:23,96.4,64,38.9,120/73,126,69.4,"Patient notes that muscle aches, fever, frequent urination.",1
PAT-00044,2024-01-25 10:50:20,98.2,88,36.4,117/72,82,69.4,Patient denies any symptoms or discomfort.,0
PAT-00044,2024-01-26 08:33:13,100.0,63,37.4,127/78,92,69.4,Patient denies any symptoms or discomfort.,0
PAT-00044,2024-01-27 10:26:43,96.7,84,36.0,123/80,96,69.4,Patient is feeling well with all parameters stable.,0
PAT-00044,2024-01-28 08:03:51,98.9,105,35.7,125/71,143,69.4,"Indicates restlessness, mild coldness, blurred vision.",0
PAT-00044,2024-01-29 09:37:24,94.5,97,36.5,178/100,144,69.4,"Patient describes chest tightness, frequent urination.",1
PAT-00044,2024-01-30 09:08:53,95.2,102,36.4,131/93,99,69.4,Patient describes anxiety.,0
PAT-00045,2024-01-01 08:04:30,95.4,63,37.3,123/79,108,60.9,No significant complaints today.,0
PAT-00045,2024-01-02 09:05:35,94.5,84,37.3,120/85,119,60.9,Vitals remain within acceptable limits. No issues noted.,0
PAT-00045,2024-01-03 09:44:29,96.7,75,38.0,187/120,133,60.9,"Today, patient states muscle aches, fever, chest pain, severe headache, blurred vision. immediate attention may be needed.",0
PAT-00045,2024-01-04 08:08:06,97.7,55,36.8,123/77,75,60.9,Patient is feeling well with all parameters stable.,0
PAT-00045,2024-01-05 10:57:51,94.7,101,36.7,127/70,99,60.9,Patient describes anxiety.,1
PAT-00045,2024-01-06 08:07:03,96.8,99,37.1,162/108,80,60.9,Observes vision issues.,1
PAT-00045,2024-01-07 08:59:08,97.4,108,38.9,144/86,104,60.9,"Indicates restlessness, chills, headache.",0
PAT-00045,2024-01-08 10:33:15,96.1,108,36.1,125/85,78,60.9,Indicates restlessness.,0
PAT-00045,2024-01-09 09:49:18,94.2,51,36.3,171/117,96,60.9,"Today, patient states lightheadedness, vision issues.",0
PAT-00045,2024-01-10 08:31:03,95.0,66,36.7,160/106,84,60.9,"Today, patient states headaches.",1
PAT-00045,2024-01-11 09:13:52,94.1,78,36.0,184/116,86,60.9,"Patient notes that chest pain, severe headache. worsening symptoms present.",0
PAT-00045,2024-01-12 09:45:29,97.0,80,36.7,114/73,134,60.9,Patient notes that blurred vision.,0
PAT-00045,2024-01-13 09:55:39,93.8,58,37.2,116/82,76,60.9,No significant complaints today.,0
PAT-00045,2024-01-14 09:10:43,95.5,69,35.9,148/95,103,60.9,Indicates mild coldness.,0
PAT-00045,2024-01-15 10:07:15,93.7,60,37.5,124/75,108,60.9,Indicates mild fever.,0
PAT-00045,2024-01-16 09:22:16,92.1,93,38.2,189/117,72,60.9,"Today, patient states muscle aches, headache, chest pain, severe headache. immediate attention may be needed.",1
PAT-00045,2024-01-17 10:27:32,96.9,70,38.5,111/84,78,60.9,"Patient describes muscle aches, fever.",0
PAT-00045,2024-01-18 10:59:27,95.0,66,36.2,119/76,112,60.9,Patient denies any symptoms or discomfort.,0
PAT-00045,2024-01-19 09:33:38,98.4,75,37.1,126/83,73,60.9,Patient is feeling well with all parameters stable.,0
PAT-00045,2024-01-20 08:14:07,97.2,91,38.5,188/101,88,60.9,"Reports muscle aches, chills, chest pain, severe headache. worsening symptoms present.",1
PAT-00045,2024-01-21 09:14:56,97.0,79,38.8,122/82,82,60.9,"Notes fever, chills.",0
PAT-00045,2024-01-22 08:50:13,92.9,101,37.3,130/79,122,60.9,Notes anxiety.,0
PAT-00045,2024-01-23 08:11:32,93.0,109,36.5,125/79,122,60.9,"This morning, palpitations.",0
PAT-00045,2024-01-24 08:10:11,95.5,70,37.3,144/87,70,60.9,Vitals remain within acceptable limits. No issues noted.,0
PAT-00045,2024-01-25 09:01:11,96.7,68,37.5,112/75,169,60.9,"Patient notes that mild fever, severe blurred vision, dry mouth, frequent urination. worsening symptoms present.",0
PAT-00045,2024-01-26 10:00:31,96.6,87,36.9,137/92,73,60.9,No symptoms reported. Vitals are within expected range.,0
PAT-00045,2024-01-27 10:43:18,99.3,86,37.7,117/75,94,60.9,Reports mild fever.,0
PAT-00045,2024-01-28 10:21:28,93.8,75,38.1,183/111,160,60.9,"Notes muscle aches, headache, chest pain, severe headache, severe blurred vision, dry mouth, frequent urination. immediate attention may be needed.",0
PAT-00045,2024-01-29 08:52:22,97.6,99,37.4,182/110,98,60.9,"Indicates chest pain, severe headache. immediate attention may be needed.",0
PAT-00045,2024-01-30 10:33:46,98.4,110,36.7,160/104,83,60.9,"This morning, palpitations, vision issues.",0
PAT-00046,2024-01-01 08:15:36,95.8,103,38.7,121/76,123,81.8,"Reports palpitations, chills, headache.",0
PAT-00046,2024-01-02 10:43:34,95.1,88,38.1,124/75,78,81.8,"Observes muscle aches, severe discomfort. worsening symptoms present.",0
PAT-00046,2024-01-03 09:19:12,91.3,61,36.1,128/80,96,81.8,Reports low energy.,1
PAT-00046,2024-01-04 09:36:50,99.3,85,37.0,121/79,73,81.8,Vitals remain within acceptable limits. No issues noted.,0
PAT-00046,2024-01-05 10:09:29,93.2,94,38.2,126/79,89,81.8,"Notes severe discomfort, chills. immediate attention may be needed.",1
PAT-00046,2024-01-06 08:51:18,96.4,60,37.0,144/85,76,81.8,Patient denies any symptoms or discomfort.,0
PAT-00046,2024-01-07 08:03:31,97.5,54,35.9,110/83,81,81.8,"Patient describes slow pulse, mild coldness.",0
PAT-00046,2024-01-08 09:56:18,94.8,85,36.1,126/74,72,81.8,Patient is feeling well with all parameters stable.,0
PAT-00046,2024-01-09 10:12:27,96.8,78,36.7,112/79,77,81.8,Vitals remain within acceptable limits. No issues noted.,0
PAT-00046,2024-01-10 09:15:51,93.6,110,37.1,122/83,82,81.8,Notes palpitations.,1
PAT-00046,2024-01-11 10:19:11,100.0,59,36.9,123/80,177,81.8,"This morning, severe blurred vision, dry mouth, frequent urination. worsening symptoms present.",1
PAT-00046,2024-01-12 08:16:08,96.9,56,36.6,127/76,79,81.8,No symptoms reported. Vitals are within expected range.,0
PAT-00046,2024-01-13 09:36:59,96.0,110,37.2,124/75,112,81.8,Reports restlessness.,0
PAT-00046,2024-01-14 09:44:20,99.4,76,38.8,121/84,111,81.8,"Observes headache, severe discomfort. worsening symptoms present.",0
PAT-00046,2024-01-15 09:01:58,96.0,77,36.6,110/83,131,81.8,Notes blurred vision.,0
PAT-00046,2024-01-16 10:32:23,98.1,64,36.6,129/79,71,81.8,Patient is feeling well with all parameters stable.,0
PAT-00046,2024-01-17 09:42:00,97.1,104,36.8,185/116,84,81.8,"Reports palpitations, chest pain, severe headache. immediate attention may be needed.",1
PAT-00046,2024-01-18 10:06:21,94.5,109,36.0,113/79,88,81.8,Patient notes that restlessness.,0
PAT-00046,2024-01-19 08:47:37,94.7,81,36.5,126/71,92,81.8,Patient denies any symptoms or discomfort.,0
PAT-00046,2024-01-20 08:35:47,95.8,105,36.6,114/77,98,81.8,"This morning, anxiety.",0
PAT-00046,2024-01-21 09:46:59,94.6,90,36.4,145/94,92,81.8,No symptoms reported. Vitals are within expected range.,0
PAT-00046,2024-01-22 08:00:09,93.7,59,36.1,133/93,73,81.8,Patient is feeling well with all parameters stable.,0
PAT-00046,2024-01-23 08:30:01,93.7,106,37.0,124/82,129,81.8,"Observes palpitations, dry mouth.",0
PAT-00046,2024-01-24 08:52:15,95.3,107,37.8,138/94,91,81.8,"Reports restlessness, body aches.",0
PAT-00046,2024-01-25 10:01:11,98.1,64,36.9,137/87,86,81.8,Vitals remain within acceptable limits. No issues noted.,0
PAT-00046,2024-01-26 09:18:18,93.4,81,37.6,113/85,111,81.8,Notes body aches.,0
PAT-00046,2024-01-27 10:51:06,91.9,104,36.5,123/83,104,81.8,"Indicates shortness of breath, restlessness.",1
PAT-00046,2024-01-28 09:00:37,93.4,99,37.4,131/95,120,81.8,No symptoms reported. Vitals are within expected range.,0
PAT-00046,2024-01-29 09:08:29,98.9,104,35.7,118/70,105,81.8,"Patient notes that restlessness, mild coldness.",1
PAT-00046,2024-01-30 10:24:32,95.1,62,37.1,115/74,81,81.8,Vitals remain within acceptable limits. No issues noted.,0
PAT-00047,2024-01-01 10:54:50,93.3,64,36.7,118/79,99,64.0,No symptoms reported. Vitals are within expected range.,0
PAT-00047,2024-01-02 10:30:24,96.2,57,35.9,129/75,162,64.0,"This morning, lowered energy, severe blurred vision, dry mouth, frequent urination. worsening symptoms present.",1
PAT-00047,2024-01-03 10:37:22,99.6,108,37.3,129/82,130,64.0,"This morning, palpitations, blurred vision.",0
PAT-00047,2024-01-04 10:06:31,96.4,89,36.2,125/80,94,64.0,Patient is feeling well with all parameters stable.,0
PAT-00047,2024-01-05 08:57:56,97.1,65,36.5,122/83,99,64.0,No symptoms reported. Vitals are within expected range.,0
PAT-00047,2024-01-06 10:16:07,99.8,61,38.8,132/92,94,64.0,"This morning, muscle aches, fever.",0
PAT-00047,2024-01-07 10:28:24,98.3,64,37.0,150/94,87,64.0,Patient is feeling well with all parameters stable.,0
PAT-00047,2024-01-08 09:31:28,95.4,81,37.0,119/77,76,64.0,Vitals remain within acceptable limits. No issues noted.,0
PAT-00047,2024-01-09 10:51:50,94.7,66,38.5,132/94,100,64.0,"Patient describes fever, chills.",1
PAT-00047,2024-01-10 08:23:49,94.7,103,39.0,128/72,80,64.0,"Today, patient states palpitations, severe discomfort, headache. worsening symptoms present.",1
PAT-00047,2024-01-11 10:52:30,95.4,106,37.0,121/81,165,64.0,"This morning, anxiety, severe blurred vision, dry mouth, frequent urination. worsening symptoms present.",1
PAT-00047,2024-01-12 09:27:40,97.4,72,37.0,132/94,102,64.0,Patient denies any symptoms or discomfort.,0
PAT-00047,2024-01-13 09:06:07,95.5,75,37.4,137/85,119,64.0,No symptoms reported. Vitals are within expected range.,0
PAT-00047,2024-01-14 08:52:18,95.4,98,36.9,142/90,72,64.0,No significant complaints today.,0
PAT-00047,2024-01-15 08:34:36,96.8,67,36.4,146/94,116,64.0,Vitals remain within acceptable limits. No issues noted.,0
PAT-00047,2024-01-16 10:03:34,96.6,82,35.6,188/103,88,64.0,"Notes lowered energy, chest pain, severe headache. worsening symptoms present.",0
PAT-00047,2024-01-17 08:21:26,93.7,98,36.0,136/90,124,64.0,Patient is feeling well with all parameters stable.,0
PAT-00047,2024-01-18 08:35:52,92.9,83,37.3,170/101,77,64.0,Reports headaches.,0
PAT-00047,2024-01-19 10:57:39,94.1,50,37.3,121/72,83,64.0,Reports slow pulse.,1
PAT-00047,2024-01-20 09:08:17,97.6,91,36.7,113/71,115,64.0,No significant complaints today.,0
PAT-00047,2024-01-21 09:30:19,94.9,53,37.3,110/71,70,64.0,Observes lightheadedness.,0
PAT-00047,2024-01-22 10:01:35,95.5,75,37.0,131/91,94,64.0,Patient is feeling well with all parameters stable.,0
PAT-00047,2024-01-23 09:44:27,95.9,107,36.0,114/73,84,64.0,Patient notes that palpitations.,1
PAT-00047,2024-01-24 09:27:58,99.2,61,37.0,117/77,102,64.0,Patient is feeling well with all parameters stable.,0
PAT-00047,2024-01-25 09:47:48,91.8,88,37.0,127/71,125,64.0,"Today, patient states shortness of breath.",0
PAT-00047,2024-01-26 08:03:08,97.1,57,36.7,115/79,71,64.0,No significant complaints today.,0
PAT-00047,2024-01-27 10:41:56,95.7,67,36.9,119/74,164,64.0,"Observes severe blurred vision, dry mouth, frequent urination. immediate attention may be needed.",0
PAT-00047,2024-01-28 08:42:04,96.1,62,37.0,118/76,85,64.0,Patient is feeling well with all parameters stable.,0
PAT-00047,2024-01-29 09:45:19,97.7,90,37.0,121/79,97,64.0,Patient denies any symptoms or discomfort.,0
PAT-00047,2024-01-30 09:20:44,95.6,107,37.6,146/86,71,64.0,"Indicates restlessness, night sweats.",0
PAT-00048,2024-01-01 08:58:08,91.3,86,36.3,126/77,79,75.9,"Today, patient states low energy.",1
PAT-00048,2024-01-02 10:52:50,96.7,64,37.2,111/77,122,75.9,Vitals remain within acceptable limits. No issues noted.,0
PAT-00048,2024-01-03 08:01:31,94.3,91,37.4,118/78,88,75.9,No significant complaints today.,0
PAT-00048,2024-01-04 08:03:17,97.4,109,37.0,172/115,70,75.9,"Indicates restlessness, headaches.",1
PAT-00048,2024-01-05 08:24:11,96.4,103,37.0,177/101,168,75.9,"Patient notes that restlessness, chest tightness, severe blurred vision, dry mouth, frequent urination. worsening symptoms present.",1
PAT-00048,2024-01-06 10:48:57,98.6,100,36.6,189/108,177,75.9,"Today, patient states chest pain, severe headache, severe blurred vision, dry mouth, frequent urination. worsening symptoms present.",1
PAT-00048,2024-01-07 09:46:53,94.9,79,36.7,123/83,95,75.9,No symptoms reported. Vitals are within expected range.,0
PAT-00048,2024-01-08 10:24:46,98.7,99,38.6,127/84,83,75.9,"This morning, severe discomfort, muscle aches. worsening symptoms present.",1
PAT-00048,2024-01-09 09:47:59,98.7,67,37.1,114/70,78,75.9,No symptoms reported. Vitals are within expected range.,0
PAT-00048,2024-01-10 08:49:34,94.5,69,37.2,120/82,71,75.9,No significant complaints today.,0
PAT-00048,2024-01-11 09:42:16,96.5,110,36.8,129/70,73,75.9,Patient notes that restlessness.,0
PAT-00048,2024-01-12 08:28:29,95.9,60,37.3,124/70,84,75.9,No significant complaints today.,0
PAT-00048,2024-01-13 09:40:54,95.7,77,36.7,136/91,71,75.9,No significant complaints today.,0
PAT-00048,2024-01-14 10:35:20,97.2,92,36.1,124/75,108,75.9,No significant complaints today.,0
PAT-00048,2024-01-15 09:08:14,96.1,80,36.7,115/74,119,75.9,Patient is feeling well with all parameters stable.,0
PAT-00048,2024-01-16 08:41:02,97.4,52,38.8,181/116,97,75.9,"Patient describes fatigue, severe discomfort, muscle aches, chest pain, severe headache. worsening symptoms present.",0
PAT-00048,2024-01-17 08:03:45,97.5,68,38.1,138/85,121,75.9,"Today, patient states muscle aches, fever.",0
PAT-00048,2024-01-18 08:32:28,96.6,51,37.1,126/72,77,75.9,Patient notes that lightheadedness.,0
PAT-00048,2024-01-19 10:26:04,96.6,80,36.9,143/89,74,75.9,No significant complaints today.,0
PAT-00048,2024-01-20 10:50:23,99.0,100,38.3,143/95,81,75.9,"Patient describes headache, muscle aches.",1
PAT-00048,2024-01-21 08:18:59,93.8,64,36.9,128/70,73,75.9,No significant complaints today.,0
PAT-00048,2024-01-22 10:45:49,92.5,83,35.6,176/118,122,75.9,"Observes lowered energy, chest tightness.",1
PAT-00048,2024-01-23 08:42:46,93.9,52,37.2,122/72,130,75.9,"Observes lightheadedness, frequent urination.",0
PAT-00048,2024-01-24 08:54:56,99.4,58,37.8,111/85,91,75.9,Indicates body aches.,0
PAT-00048,2024-01-25 08:53:36,97.4,99,35.7,117/80,77,75.9,"Today, patient states lowered energy.",0
PAT-00048,2024-01-26 10:07:44,95.1,67,36.4,124/83,81,75.9,No significant complaints today.,0
PAT-00048,2024-01-27 10:32:04,96.7,89,37.1,121/85,164,75.9,"Today, patient states severe blurred vision, dry mouth, frequent urination. immediate attention may be needed.",0
PAT-00048,2024-01-28 09:14:36,94.5,52,37.5,189/117,107,75.9,"This morning, fatigue, body aches, chest pain, severe headache. worsening symptoms present.",1
PAT-00048,2024-01-29 09:21:20,97.4,51,37.0,112/83,152,75.9,"This morning, slow pulse, severe blurred vision, dry mouth, frequent urination. worsening symptoms present.",0
PAT-00048,2024-01-30 10:56:49,99.6,96,37.1,135/92,70,75.9,No symptoms reported. Vitals are within expected range.,0
PAT-00049,2024-01-01 09:16:48,95.9,77,37.3,145/86,74,104.7,Vitals remain within acceptable limits. No issues noted.,0
PAT-00049,2024-01-02 08:44:10,96.4,62,37.3,164/116,97,104.7,Observes vision issues.,1
PAT-00049,2024-01-03 09:08:25,94.3,58,37.1,117/79,73,104.7,No significant complaints today.,0
PAT-00049,2024-01-04 10:38:39,95.8,63,36.4,111/72,93,104.7,Vitals remain within acceptable limits. No issues noted.,0
PAT-00049,2024-01-05 09:40:28,97.5,83,37.1,143/89,124,104.7,Patient is feeling well with all parameters stable.,0
PAT-00049,2024-01-06 10:11:46,97.7,84,36.6,128/72,74,104.7,Patient denies any symptoms or discomfort.,0
PAT-00049,2024-01-07 10:23:43,96.0,80,36.7,144/91,80,104.7,Patient is feeling well with all parameters stable.,0
PAT-00049,2024-01-08 10:46:37,94.7,68,35.9,113/77,109,104.7,Patient notes that lowered energy.,0
PAT-00049,2024-01-09 10:57:33,95.0,78,37.6,126/83,79,104.7,Observes night sweats.,0
PAT-00049,2024-01-10 08:09:02,95.1,86,37.1,116/83,116,104.7,Patient denies any symptoms or discomfort.,0
PAT-00049,2024-01-11 10:20:06,94.5,71,36.9,119/75,73,104.7,No significant complaints today.,0
PAT-00049,2024-01-12 09:28:14,97.3,88,36.2,135/89,108,104.7,Patient is feeling well with all parameters stable.,0
PAT-00049,2024-01-13 10:17:09,95.8,51,36.6,116/75,70,104.7,Patient describes slow pulse.,0
PAT-00049,2024-01-14 10:34:51,100.0,53,38.8,130/92,179,104.7,"Notes lightheadedness, muscle aches, chills, severe blurred vision, dry mouth, frequent urination. worsening symptoms present.",0
PAT-00049,2024-01-15 10:27:46,98.8,104,36.9,146/87,96,104.7,Notes restlessness.,0
PAT-00049,2024-01-16 10:45:58,94.8,93,36.6,124/83,85,104.7,No symptoms reported. Vitals are within expected range.,0
PAT-00049,2024-01-17 08:17:46,96.8,81,36.8,113/81,95,104.7,Patient is feeling well with all parameters stable.,0
PAT-00049,2024-01-18 10:04:20,95.0,65,36.6,176/110,108,104.7,Reports headaches.,1
PAT-00049,2024-01-19 09:57:59,98.4,61,36.3,143/86,99,104.7,Patient is feeling well with all parameters stable.,0
PAT-00049,2024-01-20 10:42:53,98.1,88,36.8,150/85,90,104.7,Patient is feeling well with all parameters stable.,0
PAT-00049,2024-01-21 08:37:24,94.9,97,37.4,116/78,85,104.7,Vitals remain within acceptable limits. No issues noted.,0
PAT-00049,2024-01-22 08:46:31,96.9,54,36.5,164/106,120,104.7,"Today, patient states lightheadedness, vision issues.",0
PAT-00049,2024-01-23 08:31:35,99.9,59,37.3,116/75,71,104.7,No significant complaints today.,0
PAT-00049,2024-01-24 10:24:40,95.5,108,37.2,117/81,156,104.7,"This morning, anxiety, severe blurred vision, dry mouth, frequent urination. worsening symptoms present.",0
PAT-00049,2024-01-25 08:56:18,96.6,81,37.2,125/85,95,104.7,Patient denies any symptoms or discomfort.,0
PAT-00049,2024-01-26 09:34:30,96.1,69,38.7,113/77,103,104.7,"Indicates muscle aches, headache.",1
PAT-00049,2024-01-27 10:27:07,92.3,95,36.2,124/80,91,104.7,No significant complaints today.,0
PAT-00049,2024-01-28 10:25:45,94.5,52,36.4,125/85,89,104.7,"Today, patient states fatigue.",0
PAT-00049,2024-01-29 09:32:13,99.3,88,37.3,187/113,71,104.7,"Patient notes that chest pain, severe headache. immediate attention may be needed.",0
PAT-00049,2024-01-30 09:26:25,100.0,57,37.9,143/91,78,104.7,Notes mild fever.,0
PAT-00050,2024-01-01 08:21:40,95.1,86,37.0,111/79,84,41.9,Patient is feeling well with all parameters stable.,0
PAT-00050,2024-01-02 10:56:10,96.0,77,36.9,116/73,89,41.9,Patient is feeling well with all parameters stable.,0
PAT-00050,2024-01-03 10:34:01,96.9,90,35.9,110/82,72,41.9,Patient notes that lowered energy.,0
PAT-00050,2024-01-04 10:04:41,94.2,91,36.9,176/106,81,41.9,"Today, patient states vision issues.",1
PAT-00050,2024-01-05 10:25:55,92.4,53,36.7,139/87,99,41.9,Patient notes that fatigue.,0
PAT-00050,2024-01-06 10:46:15,99.0,50,37.8,131/85,94,41.9,"Observes slow pulse, mild fever.",1
PAT-00050,2024-01-07 08:10:18,93.9,69,36.4,130/88,90,41.9,No symptoms reported. Vitals are within expected range.,0
PAT-00050,2024-01-08 09:47:07,93.9,102,36.8,130/82,74,41.9,Notes anxiety.,0
PAT-00050,2024-01-09 08:04:32,93.6,83,36.5,123/70,126,41.9,"This morning, frequent urination.",0
PAT-00050,2024-01-10 10:50:25,93.7,96,37.3,149/89,95,41.9,Vitals remain within acceptable limits. No issues noted.,0
PAT-00050,2024-01-11 10:47:01,95.8,54,38.9,168/114,76,41.9,"Notes lightheadedness, muscle aches, headache, headaches.",0
PAT-00050,2024-01-12 08:26:35,99.5,68,37.1,175/109,99,41.9,"Today, patient states vision issues.",0
PAT-00050,2024-01-13 09:46:25,94.9,101,37.0,147/86,154,41.9,"Patient describes palpitations, severe blurred vision, dry mouth, frequent urination. immediate attention may be needed.",0
PAT-00050,2024-01-14 08:28:23,95.4,75,35.6,128/73,90,41.9,Patient notes that lowered energy.,0
PAT-00050,2024-01-15 10:05:06,94.8,77,36.0,115/76,97,41.9,Patient denies any symptoms or discomfort.,0
PAT-00050,2024-01-16 08:05:09,96.0,72,37.8,129/85,116,41.9,"Today, patient states body aches.",0
PAT-00050,2024-01-17 09:16:26,97.5,69,36.5,140/87,71,41.9,Patient denies any symptoms or discomfort.,0
PAT-00050,2024-01-18 10:26:55,96.2,90,36.9,118/76,124,41.9,Patient denies any symptoms or discomfort.,0
PAT-00050,2024-01-19 09:20:41,93.6,67,36.9,120/84,92,41.9,Patient denies any symptoms or discomfort.,0
PAT-00050,2024-01-20 10:54:47,96.9,83,38.5,112/73,83,41.9,"This morning, fever, headache.",0
PAT-00050,2024-01-21 08:33:47,98.0,63,37.0,135/88,84,41.9,No symptoms reported. Vitals are within expected range.,0
PAT-00050,2024-01-22 09:31:10,95.2,80,35.8,126/85,74,41.9,Observes lowered energy.,0
PAT-00050,2024-01-23 08:27:18,94.5,98,35.9,176/110,89,41.9,"This morning, lowered energy, vision issues.",0
PAT-00050,2024-01-24 10:43:13,95.4,59,37.0,141/93,119,41.9,Vitals remain within acceptable limits. No issues noted.,0
PAT-00050,2024-01-25 09:13:59,96.0,70,37.2,114/75,116,41.9,No symptoms reported. Vitals are within expected range.,0
PAT-00050,2024-01-26 09:26:11,94.0,64,36.7,145/86,126,41.9,"Today, patient states dry mouth.",0
PAT-00050,2024-01-27 08:34:29,98.6,70,35.5,113/71,89,41.9,"This morning, lowered energy.",0
PAT-00050,2024-01-28 10:35:56,96.0,67,37.1,121/70,99,41.9,No significant complaints today.,0
PAT-00050,2024-01-29 09:52:58,96.7,103,36.3,148/89,81,41.9,Observes anxiety.,0
PAT-00050,2024-01-30 10:34:41,92.6,81,37.2,116/72,88,41.9,No symptoms reported. Vitals are within expected range.,0
PAT-00051,2024-01-01 10:13:17,91.3,65,36.8,118/73,104,71.6,Observes low energy.,0
PAT-00051,2024-01-02 10:38:17,98.4,59,36.6,145/88,105,71.6,Patient is feeling well with all parameters stable.,0
PAT-00051,2024-01-03 08:05:59,97.3,109,37.7,164/104,136,71.6,"Patient describes restlessness, mild fever, headaches, blurred vision.",1
PAT-00051,2024-01-04 09:27:42,96.8,75,35.9,120/79,86,71.6,"Today, patient states mild coldness.",0
PAT-00051,2024-01-05 09:49:24,96.3,82,36.7,125/81,145,71.6,Patient notes that frequent urination.,0
PAT-00051,2024-01-06 10:53:13,95.7,95,36.5,150/89,92,71.6,Vitals remain within acceptable limits. No issues noted.,0
PAT-00051,2024-01-07 10:28:31,95.0,98,37.5,113/83,90,71.6,"This morning, night sweats.",0
PAT-00051,2024-01-08 09:54:29,96.5,84,35.8,141/91,106,71.6,Observes mild coldness.,0
PAT-00051,2024-01-09 10:00:12,88.6,74,36.6,121/76,70,71.6,"Notes severe shortness of breath, dizziness. immediate attention may be needed.",1
PAT-00051,2024-01-10 09:58:16,94.4,76,37.3,110/78,101,71.6,Vitals remain within acceptable limits. No issues noted.,0
PAT-00051,2024-01-11 09:02:44,94.5,54,36.7,118/71,88,71.6,Indicates lightheadedness.,0
PAT-00051,2024-01-12 10:29:31,98.1,95,37.1,145/95,94,71.6,No symptoms reported. Vitals are within expected range.,0
PAT-00051,2024-01-13 09:01:39,94.3,88,36.6,114/75,97,71.6,No symptoms reported. Vitals are within expected range.,0
PAT-00051,2024-01-14 09:53:54,91.9,63,35.8,131/92,90,71.6,"Patient notes that low energy, mild coldness.",0
PAT-00051,2024-01-15 10:17:54,96.2,66,36.7,130/70,110,71.6,Patient is feeling well with all parameters stable.,0
PAT-00051,2024-01-16 10:46:23,95.9,76,38.1,110/82,83,71.6,"Today, patient states fever, severe discomfort. worsening symptoms present.",1
PAT-00051,2024-01-17 10:09:46,97.0,68,37.2,132/87,84,71.6,No significant complaints today.,0
PAT-00051,2024-01-18 10:12:44,97.8,76,35.5,123/75,90,71.6,Notes mild coldness.,0
PAT-00051,2024-01-19 09:07:21,97.3,74,36.2,128/72,88,71.6,No symptoms reported. Vitals are within expected range.,0
PAT-00051,2024-01-20 08:58:05,95.6,95,36.6,132/87,110,71.6,Patient is feeling well with all parameters stable.,0
PAT-00051,2024-01-21 08:13:40,88.8,71,37.1,124/72,172,71.6,"Today, patient states severe shortness of breath, dizziness, severe blurred vision, dry mouth, frequent urination. immediate attention may be needed.",1
PAT-00051,2024-01-22 10:41:57,95.0,96,35.6,134/89,71,71.6,Notes lowered energy.,0
PAT-00051,2024-01-23 08:36:20,97.1,73,37.0,137/88,78,71.6,Patient is feeling well with all parameters stable.,0
PAT-00051,2024-01-24 09:16:44,98.1,104,36.2,138/86,85,71.6,Patient notes that restlessness.,0
PAT-00051,2024-01-25 10:33:28,93.2,86,36.7,130/75,128,71.6,Observes frequent urination.,0
PAT-00051,2024-01-26 10:13:44,94.5,73,36.6,121/79,76,71.6,Patient denies any symptoms or discomfort.,0
PAT-00051,2024-01-27 10:53:47,95.4,54,36.0,162/116,94,71.6,"Today, patient states lightheadedness, headaches.",0
PAT-00051,2024-01-28 08:59:07,95.5,76,37.4,130/75,115,71.6,Vitals remain within acceptable limits. No issues noted.,0
PAT-00051,2024-01-29 10:20:23,96.7,78,35.8,142/95,88,71.6,Patient notes that mild coldness.,0
PAT-00051,2024-01-30 10:22:55,96.3,88,36.8,110/75,113,71.6,No significant complaints today.,0
PAT-00052,2024-01-01 09:41:57,95.2,93,36.4,115/81,79,101.8,Vitals remain within acceptable limits. No issues noted.,0
PAT-00052,2024-01-02 10:11:48,96.0,60,38.5,124/84,163,101.8,"Observes severe discomfort, headache, severe blurred vision, dry mouth, frequent urination. immediate attention may be needed.",0
PAT-00052,2024-01-03 08:16:46,94.7,101,37.0,149/90,115,101.8,Observes anxiety.,0
PAT-00052,2024-01-04 08:48:59,97.2,88,38.3,126/73,113,101.8,"Observes headache, muscle aches.",0
PAT-00052,2024-01-05 08:32:10,97.6,54,37.0,129/76,88,101.8,"This morning, lightheadedness.",1
PAT-00052,2024-01-06 08:05:19,94.6,85,37.2,134/90,84,101.8,Patient is feeling well with all parameters stable.,0
PAT-00052,2024-01-07 09:00:42,98.9,64,37.2,136/87,79,101.8,No symptoms reported. Vitals are within expected range.,0
PAT-00052,2024-01-08 08:15:54,95.9,53,36.3,123/72,93,101.8,"This morning, lightheadedness.",0
PAT-00052,2024-01-09 09:00:30,95.4,65,38.8,171/103,85,101.8,"Today, patient states severe discomfort, headache, vision issues. worsening symptoms present.",1
PAT-00052,2024-01-10 10:24:53,96.9,74,35.8,137/86,82,101.8,Patient notes that mild coldness.,0
PAT-00052,2024-01-11 08:25:49,96.2,70,37.6,119/83,164,101.8,"Reports night sweats, severe blurred vision, dry mouth, frequent urination. immediate attention may be needed.",0
PAT-00052,2024-01-12 10:47:37,100.0,60,35.9,117/75,94,101.8,Patient notes that mild coldness.,0
PAT-00052,2024-01-13 10:52:00,96.1,59,38.5,129/82,99,101.8,"This morning, fever, chills.",0
PAT-00052,2024-01-14 08:13:19,98.4,103,37.8,112/80,82,101.8,"Observes anxiety, mild fever.",0
PAT-00052,2024-01-15 09:24:43,94.3,86,35.5,125/71,108,101.8,"This morning, lowered energy.",0
PAT-00052,2024-01-16 10:33:53,94.6,63,37.0,124/72,148,101.8,Reports frequent urination.,0
PAT-00052,2024-01-17 09:51:51,96.3,50,37.8,115/80,104,101.8,"Observes slow pulse, body aches.",1
PAT-00052,2024-01-18 08:31:41,95.2,102,38.6,143/85,79,101.8,"Indicates restlessness, muscle aches, fever.",1
PAT-00052,2024-01-19 09:45:21,97.9,58,35.5,121/73,95,101.8,Observes mild coldness.,0
PAT-00052,2024-01-20 09:55:43,98.3,62,38.1,134/85,80,101.8,"Today, patient states severe discomfort, muscle aches. worsening symptoms present.",1
PAT-00052,2024-01-21 10:46:55,97.3,104,36.9,173/101,84,101.8,"Reports restlessness, chest tightness.",1
PAT-00052,2024-01-22 09:23:03,95.5,109,35.8,121/78,153,101.8,"Patient describes restlessness, lowered energy, severe blurred vision, dry mouth, frequent urination. worsening symptoms present.",1
PAT-00052,2024-01-23 08:18:22,99.2,73,35.9,160/114,110,101.8,"Patient describes lowered energy, vision issues.",0
PAT-00052,2024-01-24 09:46:02,98.9,58,37.7,122/77,75,101.8,Reports mild fever.,0
PAT-00052,2024-01-25 08:40:31,94.7,73,37.3,138/90,155,101.8,"Today, patient states severe blurred vision, dry mouth, frequent urination. worsening symptoms present.",1
PAT-00052,2024-01-26 10:52:33,95.3,108,36.0,124/71,72,101.8,Patient notes that restlessness.,0
PAT-00052,2024-01-27 10:46:40,93.6,85,36.9,133/91,86,101.8,No significant complaints today.,0
PAT-00052,2024-01-28 10:47:19,94.2,103,35.8,142/85,105,101.8,"Reports anxiety, lowered energy.",1
PAT-00052,2024-01-29 09:07:50,93.7,66,36.9,128/78,79,101.8,No symptoms reported. Vitals are within expected range.,0
PAT-00052,2024-01-30 09:36:30,97.5,66,36.5,143/89,93,101.8,No significant complaints today.,0
PAT-00053,2024-01-01 10:42:02,94.6,109,37.2,172/105,121,81.4,"Patient describes restlessness, headaches.",1
PAT-00053,2024-01-02 08:50:26,98.3,81,38.8,114/78,78,81.4,"Reports headache, muscle aches.",0
PAT-00053,2024-01-03 08:45:20,92.7,97,36.2,112/79,93,81.4,Patient denies any symptoms or discomfort.,0
PAT-00053,2024-01-04 09:40:38,98.7,100,38.8,177/112,85,81.4,"Patient notes that severe discomfort, fever, headaches. immediate attention may be needed.",0
PAT-00053,2024-01-05 09:09:29,95.8,105,36.7,116/75,121,81.4,Notes restlessness.,1
PAT-00053,2024-01-06 10:54:36,98.2,92,37.2,150/92,161,81.4,"Patient notes that severe blurred vision, dry mouth, frequent urination. immediate attention may be needed.",0
PAT-00053,2024-01-07 10:33:23,95.9,69,38.0,119/80,84,81.4,"This morning, headache, fever.",1
PAT-00053,2024-01-08 08:39:22,95.5,108,36.2,123/83,124,81.4,Notes palpitations.,1
PAT-00053,2024-01-09 09:15:24,95.1,107,38.8,134/91,119,81.4,"Today, patient states palpitations, fever, headache.",0
PAT-00053,2024-01-10 08:36:18,93.5,52,37.0,115/82,161,81.4,"Patient notes that fatigue, severe blurred vision, dry mouth, frequent urination. worsening symptoms present.",0
PAT-00053,2024-01-11 09:57:38,98.6,98,37.0,140/90,120,81.4,No significant complaints today.,0
PAT-00053,2024-01-12 10:34:34,95.7,56,36.9,117/82,85,81.4,No significant complaints today.,0
PAT-00053,2024-01-13 09:10:59,98.7,87,36.7,115/82,79,81.4,Patient denies any symptoms or discomfort.,0
PAT-00053,2024-01-14 09:48:29,93.1,110,37.1,135/95,99,81.4,Observes palpitations.,1
PAT-00053,2024-01-15 09:26:26,96.9,53,38.7,150/85,89,81.4,"Observes lightheadedness, chills, fever.",0
PAT-00053,2024-01-16 09:39:15,95.5,95,38.4,128/85,121,81.4,"Patient describes fever, muscle aches.",0
PAT-00053,2024-01-17 10:24:35,93.2,76,36.0,136/87,84,81.4,Patient is feeling well with all parameters stable.,0
PAT-00053,2024-01-18 08:30:59,94.4,96,35.8,140/87,109,81.4,Patient describes mild coldness.,0
PAT-00053,2024-01-19 09:29:15,97.5,81,37.1,129/84,77,81.4,Vitals remain within acceptable limits. No issues noted.,0
PAT-00053,2024-01-20 10:41:07,96.2,59,37.1,120/75,77,81.4,No symptoms reported. Vitals are within expected range.,0
PAT-00053,2024-01-21 08:47:02,96.6,81,36.6,123/85,97,81.4,No symptoms reported. Vitals are within expected range.,0
PAT-00053,2024-01-22 09:16:56,95.9,107,35.6,133/94,90,81.4,"Indicates anxiety, mild coldness.",0
PAT-00053,2024-01-23 10:03:18,99.8,85,35.7,172/101,111,81.4,"Indicates lowered energy, vision issues.",1
PAT-00053,2024-01-24 08:06:09,98.4,87,37.4,118/73,123,81.4,No significant complaints today.,0
PAT-00053,2024-01-25 09:42:21,96.0,64,35.5,117/85,106,81.4,Reports lowered energy.,0
PAT-00053,2024-01-26 10:04:29,99.3,105,37.3,117/78,110,81.4,Indicates restlessness.,0
PAT-00053,2024-01-27 09:44:16,100.0,78,36.9,168/119,71,81.4,"This morning, chest tightness.",0
PAT-00053,2024-01-28 08:14:56,95.4,101,36.1,128/81,92,81.4,Notes restlessness.,1
PAT-00053,2024-01-29 08:36:40,96.9,99,38.8,125/84,121,81.4,"This morning, muscle aches, chills.",1
PAT-00053,2024-01-30 09:54:24,91.2,54,35.8,130/77,70,81.4,"This morning, shortness of breath, slow pulse, lowered energy.",1
PAT-00054,2024-01-01 09:23:46,92.7,106,36.1,126/82,115,72.4,"This morning, anxiety.",0
PAT-00054,2024-01-02 10:09:37,96.2,87,36.9,126/80,86,72.4,Vitals remain within acceptable limits. No issues noted.,0
PAT-00054,2024-01-03 09:41:10,95.8,58,37.8,125/75,115,72.4,Patient describes night sweats.,0
PAT-00054,2024-01-04 08:21:14,100.0,69,36.2,116/77,135,72.4,Reports dry mouth.,0
PAT-00054,2024-01-05 09:31:29,97.9,108,36.9,130/70,96,72.4,"Today, patient states anxiety.",1
PAT-00054,2024-01-06 09:42:02,97.6,72,35.7,150/86,80,72.4,Notes mild coldness.,0
PAT-00054,2024-01-07 10:54:47,96.2,58,36.5,112/71,154,72.4,"Today, patient states severe blurred vision, dry mouth, frequent urination. immediate attention may be needed.",0
PAT-00054,2024-01-08 10:11:44,95.4,89,36.7,130/77,77,72.4,Patient is feeling well with all parameters stable.,0
PAT-00054,2024-01-09 08:38:17,98.3,58,36.4,118/72,123,72.4,No symptoms reported. Vitals are within expected range.,0
PAT-00054,2024-01-10 08:33:19,97.9,61,35.7,116/77,77,72.4,Indicates lowered energy.,0
PAT-00054,2024-01-11 08:20:50,95.8,80,37.2,112/76,115,72.4,Vitals remain within acceptable limits. No issues noted.,0
PAT-00054,2024-01-12 08:30:12,98.3,93,36.6,127/76,89,72.4,No significant complaints today.,0
PAT-00054,2024-01-13 10:00:37,96.9,56,36.1,113/84,94,72.4,Patient denies any symptoms or discomfort.,0
PAT-00054,2024-01-14 10:39:48,95.0,74,37.5,110/78,94,72.4,Notes night sweats.,0
PAT-00054,2024-01-15 08:21:32,98.3,75,38.7,126/79,90,72.4,"Today, patient states muscle aches, severe discomfort. immediate attention may be needed.",1
PAT-00054,2024-01-16 10:35:32,98.3,69,36.9,130/84,73,72.4,Vitals remain within acceptable limits. No issues noted.,0
PAT-00054,2024-01-17 08:20:57,95.9,76,38.0,125/85,75,72.4,"Observes chills, fever.",0
PAT-00054,2024-01-18 08:59:55,97.6,74,38.7,120/75,76,72.4,"Today, patient states fever, chills.",0
PAT-00054,2024-01-19 09:20:49,94.2,76,35.9,125/73,91,72.4,"Today, patient states lowered energy.",0
PAT-00054,2024-01-20 08:20:10,95.7,66,37.4,184/112,95,72.4,"This morning, chest pain, severe headache. worsening symptoms present.",0
PAT-00054,2024-01-21 10:42:10,97.8,55,37.3,126/85,167,72.4,"Observes severe blurred vision, dry mouth, frequent urination. worsening symptoms present.",0
PAT-00054,2024-01-22 09:14:59,94.1,98,37.6,145/89,81,72.4,Notes mild fever.,0
PAT-00054,2024-01-23 09:53:47,92.9,70,35.9,124/79,153,72.4,"Observes lowered energy, severe blurred vision, dry mouth, frequent urination. immediate attention may be needed.",0
PAT-00054,2024-01-24 09:03:26,95.8,101,35.7,130/74,84,72.4,"Today, patient states restlessness, mild coldness.",0
PAT-00054,2024-01-25 10:16:18,98.2,86,36.5,141/85,80,72.4,Vitals remain within acceptable limits. No issues noted.,0
PAT-00054,2024-01-26 09:35:35,95.9,83,36.8,116/76,165,72.4,"Indicates severe blurred vision, dry mouth, frequent urination. worsening symptoms present.",1
PAT-00054,2024-01-27 08:04:15,96.4,95,37.3,120/85,93,72.4,No symptoms reported. Vitals are within expected range.,0
PAT-00054,2024-01-28 10:24:44,93.9,57,36.9,117/78,119,72.4,No symptoms reported. Vitals are within expected range.,0
PAT-00054,2024-01-29 08:03:40,94.5,70,36.5,138/93,149,72.4,Notes dry mouth.,0
PAT-00054,2024-01-30 08:56:47,95.8,51,38.8,120/83,96,72.4,"Today, patient states lightheadedness, chills, muscle aches.",0
PAT-00055,2024-01-01 09:15:20,98.6,59,36.9,177/108,87,78.0,Notes vision issues.,1
PAT-00055,2024-01-02 08:49:49,96.1,51,37.2,140/90,98,78.0,"Today, patient states fatigue.",0
PAT-00055,2024-01-03 09:14:29,93.3,55,37.8,120/76,169,78.0,"Notes body aches, severe blurred vision, dry mouth, frequent urination. immediate attention may be needed.",0
PAT-00055,2024-01-04 10:59:01,96.2,64,36.5,133/95,83,78.0,Vitals remain within acceptable limits. No issues noted.,0
PAT-00055,2024-01-05 09:51:03,98.0,86,36.9,126/71,99,78.0,No symptoms reported. Vitals are within expected range.,0
PAT-00055,2024-01-06 10:27:02,95.2,58,35.7,120/85,109,78.0,Reports lowered energy.,0
PAT-00055,2024-01-07 10:05:35,95.1,93,37.2,127/75,95,78.0,Patient denies any symptoms or discomfort.,0
PAT-00055,2024-01-08 09:39:41,95.0,66,36.6,112/83,108,78.0,Vitals remain within acceptable limits. No issues noted.,0
PAT-00055,2024-01-09 10:09:41,96.5,70,37.2,112/75,120,78.0,Vitals remain within acceptable limits. No issues noted.,0
PAT-00055,2024-01-10 10:49:44,95.1,56,36.7,110/82,88,78.0,No symptoms reported. Vitals are within expected range.,0
PAT-00055,2024-01-11 10:53:24,100.0,60,37.2,160/107,146,78.0,"Notes headaches, blurred vision.",0
PAT-00055,2024-01-12 10:43:49,97.8,70,36.9,177/114,120,78.0,"Today, patient states vision issues.",0
PAT-00055,2024-01-13 10:59:22,94.0,59,38.9,134/88,94,78.0,"Notes chills, severe discomfort. immediate attention may be needed.",0
PAT-00055,2024-01-14 08:34:38,94.6,91,36.9,114/81,130,78.0,Patient notes that dry mouth.,0
PAT-00055,2024-01-15 10:13:12,93.3,54,35.8,115/83,78,78.0,"Patient notes that lightheadedness, mild coldness.",0
PAT-00055,2024-01-16 09:07:53,96.2,90,38.7,122/70,114,78.0,"Patient describes chills, headache.",1
PAT-00055,2024-01-17 09:12:13,98.9,84,36.5,122/73,72,78.0,Patient denies any symptoms or discomfort.,0
PAT-00055,2024-01-18 10:46:33,97.7,63,36.4,135/88,73,78.0,Patient denies any symptoms or discomfort.,0
PAT-00055,2024-01-19 09:47:20,93.9,56,36.7,116/76,72,78.0,Vitals remain within acceptable limits. No issues noted.,0
PAT-00055,2024-01-20 09:32:07,94.9,90,35.9,124/70,70,78.0,Observes lowered energy.,0
PAT-00055,2024-01-21 08:22:23,95.2,99,35.5,132/91,97,78.0,"Today, patient states lowered energy.",0
PAT-00055,2024-01-22 08:41:41,95.4,85,37.1,122/85,70,78.0,No significant complaints today.,0
PAT-00055,2024-01-23 08:09:54,98.7,67,36.8,135/94,70,78.0,Patient denies any symptoms or discomfort.,0
PAT-00055,2024-01-24 08:08:44,97.6,75,36.9,131/85,164,78.0,"Today, patient states severe blurred vision, dry mouth, frequent urination. worsening symptoms present.",1
PAT-00055,2024-01-25 10:18:23,100.0,79,37.2,123/75,83,78.0,Patient is feeling well with all parameters stable.,0
PAT-00055,2024-01-26 10:09:47,97.7,60,36.0,115/81,98,78.0,Patient is feeling well with all parameters stable.,0
PAT-00055,2024-01-27 08:31:13,97.6,99,36.9,122/81,108,78.0,No symptoms reported. Vitals are within expected range.,0
PAT-00055,2024-01-28 08:21:01,97.7,57,37.4,161/104,99,78.0,Patient describes headaches.,1
PAT-00055,2024-01-29 10:46:33,97.5,95,36.8,115/73,70,78.0,Patient is feeling well with all parameters stable.,0
PAT-00055,2024-01-30 08:26:04,96.1,93,38.0,190/115,84,78.0,"This morning, headache, severe discomfort, chest pain, severe headache. worsening symptoms present.",0
PAT-00056,2024-01-01 10:00:19,96.1,57,37.3,125/78,104,63.7,Patient denies any symptoms or discomfort.,0
PAT-00056,2024-01-02 09:39:42,95.8,51,36.8,175/115,173,63.7,"This morning, slow pulse, chest tightness, severe blurred vision, dry mouth, frequent urination. immediate attention may be needed.",0
PAT-00056,2024-01-03 08:51:09,96.3,67,38.2,112/73,92,63.7,"Reports headache, muscle aches.",0
PAT-00056,2024-01-04 09:11:46,95.7,81,36.2,139/90,92,63.7,Patient denies any symptoms or discomfort.,0
PAT-00056,2024-01-05 10:33:36,97.2,88,37.3,138/87,80,63.7,No significant complaints today.,0
PAT-00056,2024-01-06 10:09:37,98.6,83,35.9,111/82,90,63.7,"Today, patient states mild coldness.",0
PAT-00056,2024-01-07 08:09:40,97.3,61,37.0,186/107,105,63.7,"Observes chest pain, severe headache. immediate attention may be needed.",1
PAT-00056,2024-01-08 10:30:30,96.5,55,37.2,116/82,84,63.7,Vitals remain within acceptable limits. No issues noted.,0
PAT-00056,2024-01-09 10:16:34,96.5,57,37.7,113/78,90,63.7,Patient notes that body aches.,0
PAT-00056,2024-01-10 08:16:21,91.1,105,37.3,184/117,114,63.7,"Patient notes that low energy, palpitations, chest pain, severe headache. worsening symptoms present.",0
PAT-00056,2024-01-11 09:04:50,96.2,101,37.0,143/95,70,63.7,"This morning, anxiety.",1
PAT-00056,2024-01-12 09:53:07,98.5,63,37.4,127/79,104,63.7,No significant complaints today.,0
PAT-00056,2024-01-13 09:27:35,94.3,90,38.2,162/116,75,63.7,"Today, patient states headache, chills, chest tightness.",1
PAT-00056,2024-01-14 08:46:47,97.8,101,38.8,176/119,124,63.7,"Patient notes that palpitations, severe discomfort, fever, vision issues. worsening symptoms present.",1
PAT-00056,2024-01-15 10:33:10,96.5,71,38.1,115/73,91,63.7,"This morning, chills, severe discomfort. worsening symptoms present.",1
PAT-00056,2024-01-16 10:27:54,98.3,66,36.4,168/101,82,63.7,Observes headaches.,1
PAT-00056,2024-01-17 09:57:30,93.9,104,37.1,120/74,172,63.7,"Patient describes restlessness, severe blurred vision, dry mouth, frequent urination. immediate attention may be needed.",1
PAT-00056,2024-01-18 10:35:42,96.5,99,36.6,116/72,101,63.7,Patient is feeling well with all parameters stable.,0
PAT-00056,2024-01-19 08:30:52,96.6,95,36.9,184/107,82,63.7,"This morning, chest pain, severe headache. worsening symptoms present.",1
PAT-00056,2024-01-20 09:37:12,97.9,67,36.7,121/72,77,63.7,Patient is feeling well with all parameters stable.,0
PAT-00056,2024-01-21 09:07:46,94.7,83,36.3,128/74,139,63.7,"This morning, dry mouth.",0
PAT-00056,2024-01-22 09:00:40,97.5,51,38.2,146/89,86,63.7,"Today, patient states lightheadedness, severe discomfort, headache. worsening symptoms present.",0
PAT-00056,2024-01-23 09:52:07,95.5,107,37.6,129/84,104,63.7,"Patient notes that palpitations, body aches.",0
PAT-00056,2024-01-24 08:24:53,93.4,88,36.5,118/73,90,63.7,Vitals remain within acceptable limits. No issues noted.,0
PAT-00056,2024-01-25 10:10:56,94.2,105,37.1,119/77,86,63.7,Reports palpitations.,1
PAT-00056,2024-01-26 10:38:55,94.8,55,36.8,117/85,96,63.7,Vitals remain within acceptable limits. No issues noted.,0
PAT-00056,2024-01-27 08:40:06,96.9,87,38.6,138/89,98,63.7,"Observes muscle aches, severe discomfort. worsening symptoms present.",0
PAT-00056,2024-01-28 09:22:05,93.8,90,36.9,113/85,77,63.7,Patient is feeling well with all parameters stable.,0
PAT-00056,2024-01-29 10:27:42,97.0,98,36.9,113/85,161,63.7,"Observes severe blurred vision, dry mouth, frequent urination. worsening symptoms present.",1
PAT-00056,2024-01-30 10:24:02,94.8,59,36.4,113/73,118,63.7,No symptoms reported. Vitals are within expected range.,0
PAT-00057,2024-01-01 08:23:37,97.0,81,37.1,129/83,96,76.1,No symptoms reported. Vitals are within expected range.,0
PAT-00057,2024-01-02 09:41:50,94.0,74,37.0,124/71,82,76.1,No symptoms reported. Vitals are within expected range.,0
PAT-00057,2024-01-03 08:36:11,97.5,60,37.1,130/80,73,76.1,Vitals remain within acceptable limits. No issues noted.,0
PAT-00057,2024-01-04 08:46:29,98.1,87,37.4,118/81,178,76.1,"Patient notes that severe blurred vision, dry mouth, frequent urination. immediate attention may be needed.",0
PAT-00057,2024-01-05 08:17:28,94.3,85,36.5,111/80,84,76.1,Patient is feeling well with all parameters stable.,0
PAT-00057,2024-01-06 08:35:49,94.1,87,37.2,127/80,93,76.1,No significant complaints today.,0
PAT-00057,2024-01-07 08:54:31,98.6,87,36.7,132/90,81,76.1,No significant complaints today.,0
PAT-00057,2024-01-08 09:06:58,98.0,92,39.0,130/82,80,76.1,"This morning, severe discomfort, headache. worsening symptoms present.",0
PAT-00057,2024-01-09 08:16:54,95.1,82,37.0,145/90,110,76.1,No significant complaints today.,0
PAT-00057,2024-01-10 08:10:20,97.3,50,36.6,113/76,88,76.1,Notes fatigue.,0
PAT-00057,2024-01-11 10:11:25,99.4,109,37.7,132/88,72,76.1,"Observes palpitations, body aches.",1
PAT-00057,2024-01-12 08:45:21,96.2,107,35.8,121/82,74,76.1,"Notes restlessness, mild coldness.",0
PAT-00057,2024-01-13 08:20:14,98.4,57,37.3,131/88,87,76.1,No significant complaints today.,0
PAT-00057,2024-01-14 08:31:14,95.8,53,36.5,167/107,84,76.1,"This morning, slow pulse, chest tightness.",0
PAT-00057,2024-01-15 08:01:54,98.3,59,37.6,125/84,83,76.1,"Today, patient states body aches.",0
PAT-00057,2024-01-16 10:37:25,98.5,110,37.1,128/82,123,76.1,Patient notes that restlessness.,0
PAT-00057,2024-01-17 09:27:23,97.1,71,38.0,117/80,87,76.1,"This morning, muscle aches, fever.",1
PAT-00057,2024-01-18 10:15:50,91.5,107,37.0,128/74,132,76.1,"Patient notes that low energy, anxiety, dry mouth.",0
PAT-00057,2024-01-19 10:14:46,96.9,71,36.9,130/77,155,76.1,"Notes severe blurred vision, dry mouth, frequent urination. worsening symptoms present.",0
PAT-00057,2024-01-20 08:29:39,94.6,74,36.9,145/94,83,76.1,Patient is feeling well with all parameters stable.,0
PAT-00057,2024-01-21 08:35:28,95.6,107,37.6,180/101,98,76.1,"This morning, restlessness, night sweats, vision issues.",0
PAT-00057,2024-01-22 09:04:46,95.1,68,35.6,128/78,98,76.1,Indicates mild coldness.,0
PAT-00057,2024-01-23 08:25:13,98.1,81,37.0,144/89,117,76.1,No significant complaints today.,0
PAT-00057,2024-01-24 08:36:51,93.2,88,37.2,126/83,74,76.1,No symptoms reported. Vitals are within expected range.,0
PAT-00057,2024-01-25 10:03:45,99.5,84,37.3,171/118,73,76.1,Reports chest tightness.,0
PAT-00057,2024-01-26 10:10:46,96.0,66,37.1,117/75,96,76.1,No symptoms reported. Vitals are within expected range.,0
PAT-00057,2024-01-27 10:59:31,94.0,93,36.6,140/86,73,76.1,Patient denies any symptoms or discomfort.,0
PAT-00057,2024-01-28 10:43:24,98.0,56,36.6,142/92,74,76.1,Patient is feeling well with all parameters stable.,0
PAT-00057,2024-01-29 08:19:22,96.4,95,37.8,123/78,85,76.1,"This morning, mild fever.",0
PAT-00057,2024-01-30 08:14:22,99.0,80,36.7,150/86,80,76.1,No symptoms reported. Vitals are within expected range.,0
PAT-00058,2024-01-01 10:16:01,97.0,109,36.2,161/117,71,87.7,"Reports anxiety, headaches.",1
PAT-00058,2024-01-02 10:00:00,94.8,70,37.3,122/79,70,87.7,No symptoms reported. Vitals are within expected range.,0
PAT-00058,2024-01-03 08:12:40,91.6,59,35.6,125/75,117,87.7,"Reports shortness of breath, lowered energy.",1
PAT-00058,2024-01-04 08:38:23,95.6,108,37.3,115/84,122,87.7,"This morning, palpitations.",0
PAT-00058,2024-01-05 09:01:39,95.3,50,36.9,127/73,125,87.7,Notes fatigue.,0
PAT-00058,2024-01-06 10:11:37,99.3,76,38.0,115/73,85,87.7,"Patient notes that chills, severe discomfort. worsening symptoms present.",1
PAT-00058,2024-01-07 10:35:53,96.8,72,37.2,124/73,168,87.7,"Reports severe blurred vision, dry mouth, frequent urination. immediate attention may be needed.",1
PAT-00058,2024-01-08 09:09:15,97.6,90,38.5,125/76,95,87.7,"Patient notes that headache, fever.",1
PAT-00058,2024-01-09 09:51:53,93.8,89,36.5,181/118,103,87.7,"Reports chest pain, severe headache. worsening symptoms present.",0
PAT-00058,2024-01-10 09:58:33,96.2,59,36.8,128/82,124,87.7,No significant complaints today.,0
PAT-00058,2024-01-11 09:08:28,97.0,84,38.6,116/79,166,87.7,"Observes headache, severe discomfort, severe blurred vision, dry mouth, frequent urination. immediate attention may be needed.",1
PAT-00058,2024-01-12 09:01:31,96.4,63,37.0,120/85,89,87.7,No significant complaints today.,0
PAT-00058,2024-01-13 09:50:49,99.2,69,38.4,111/71,138,87.7,"This morning, fever, muscle aches, frequent urination.",1
PAT-00058,2024-01-14 10:03:34,94.8,60,37.1,161/109,112,87.7,Patient notes that chest tightness.,1
PAT-00058,2024-01-15 08:52:52,98.8,103,36.8,126/75,86,87.7,Patient describes restlessness.,0
PAT-00058,2024-01-16 08:29:11,94.3,97,37.2,182/110,72,87.7,"Today, patient states chest pain, severe headache. immediate attention may be needed.",0
PAT-00058,2024-01-17 10:40:39,97.3,90,37.2,111/82,139,87.7,Reports frequent urination.,0
PAT-00058,2024-01-18 08:57:15,96.3,60,35.6,120/75,82,87.7,Patient notes that mild coldness.,0
PAT-00058,2024-01-19 09:02:09,100.0,94,38.1,129/77,89,87.7,"Notes muscle aches, headache.",0
PAT-00058,2024-01-20 10:47:58,97.8,68,36.7,123/70,113,87.7,Vitals remain within acceptable limits. No issues noted.,0
PAT-00058,2024-01-21 09:53:57,99.0,66,37.3,125/78,89,87.7,Vitals remain within acceptable limits. No issues noted.,0
PAT-00058,2024-01-22 08:44:49,93.0,74,38.7,114/77,72,87.7,"This morning, fever, severe discomfort. worsening symptoms present.",0
PAT-00058,2024-01-23 09:04:11,92.1,77,38.6,170/105,93,87.7,"Notes muscle aches, headache, headaches.",1
PAT-00058,2024-01-24 10:16:06,95.4,51,36.8,142/88,72,87.7,Indicates slow pulse.,0
PAT-00058,2024-01-25 10:02:30,96.3,105,37.0,113/73,77,87.7,Observes palpitations.,0
PAT-00058,2024-01-26 10:51:04,98.9,67,37.3,173/119,81,87.7,"This morning, headaches.",1
PAT-00058,2024-01-27 08:42:59,95.2,76,36.8,136/88,93,87.7,No symptoms reported. Vitals are within expected range.,0
PAT-00058,2024-01-28 10:00:09,99.1,70,38.1,118/75,148,87.7,"Patient describes headache, chills, frequent urination.",0
PAT-00058,2024-01-29 08:18:32,94.5,62,37.0,117/75,90,87.7,No significant complaints today.,0
PAT-00058,2024-01-30 10:46:28,97.9,50,37.4,144/86,179,87.7,"Notes lightheadedness, severe blurred vision, dry mouth, frequent urination. worsening symptoms present.",0
PAT-00059,2024-01-01 08:35:20,100.0,61,38.8,113/72,113,63.4,"This morning, severe discomfort, fever. worsening symptoms present.",0
PAT-00059,2024-01-02 09:23:02,93.7,52,37.3,113/77,100,63.4,Patient describes fatigue.,1
PAT-00059,2024-01-03 09:49:36,92.4,63,36.7,137/95,101,63.4,No symptoms reported. Vitals are within expected range.,0
PAT-00059,2024-01-04 10:52:58,96.8,105,36.9,128/82,109,63.4,Observes anxiety.,0
PAT-00059,2024-01-05 10:15:43,92.0,75,38.5,179/108,81,63.4,"Indicates headache, severe discomfort, chest tightness. worsening symptoms present.",0
PAT-00059,2024-01-06 09:14:09,96.6,69,36.1,180/105,112,63.4,"This morning, headaches.",1
PAT-00059,2024-01-07 08:27:51,96.1,69,37.4,114/71,114,63.4,Patient denies any symptoms or discomfort.,0
PAT-00059,2024-01-08 08:25:08,97.8,86,35.7,150/90,76,63.4,Observes lowered energy.,0
PAT-00059,2024-01-09 09:46:28,93.3,104,38.0,122/84,149,63.4,"Today, patient states restlessness, muscle aches, headache, blurred vision.",0
PAT-00059,2024-01-10 10:12:36,94.9,66,37.3,190/119,111,63.4,"Indicates chest pain, severe headache. worsening symptoms present.",1
PAT-00059,2024-01-11 09:23:41,93.3,99,35.8,116/82,104,63.4,Reports lowered energy.,0
PAT-00059,2024-01-12 09:19:57,95.3,59,36.8,143/85,76,63.4,No significant complaints today.,0
PAT-00059,2024-01-13 10:56:10,96.2,81,35.8,142/93,153,63.4,"Indicates mild coldness, severe blurred vision, dry mouth, frequent urination. immediate attention may be needed.",0
PAT-00059,2024-01-14 08:24:36,92.8,81,37.9,115/78,123,63.4,"This morning, body aches.",0
PAT-00059,2024-01-15 10:50:51,92.4,66,36.0,114/83,80,63.4,Patient is feeling well with all parameters stable.,0
PAT-00059,2024-01-16 10:08:48,98.1,89,36.6,175/110,89,63.4,Patient describes vision issues.,1
PAT-00059,2024-01-17 08:05:01,96.2,60,36.1,111/80,97,63.4,No significant complaints today.,0
PAT-00059,2024-01-18 09:12:47,98.0,64,37.3,190/106,79,63.4,"Reports chest pain, severe headache. immediate attention may be needed.",1
PAT-00059,2024-01-19 09:37:57,95.2,57,35.8,175/110,92,63.4,"Notes mild coldness, headaches.",1
PAT-00059,2024-01-20 10:10:57,94.1,88,37.1,164/105,113,63.4,Observes chest tightness.,0
PAT-00059,2024-01-21 10:40:30,93.8,98,37.9,117/73,91,63.4,Indicates mild fever.,0
PAT-00059,2024-01-22 08:08:56,94.0,102,36.7,145/91,115,63.4,Patient describes palpitations.,1
PAT-00059,2024-01-23 09:59:28,96.3,78,36.6,178/105,84,63.4,Indicates chest tightness.,0
PAT-00059,2024-01-24 10:22:56,95.6,55,36.8,132/90,72,63.4,Patient is feeling well with all parameters stable.,0
PAT-00059,2024-01-25 10:19:43,96.6,72,37.1,114/73,99,63.4,No significant complaints today.,0
PAT-00059,2024-01-26 09:45:50,93.8,90,36.8,112/81,89,63.4,No symptoms reported. Vitals are within expected range.,0
PAT-00059,2024-01-27 10:57:37,95.8,103,35.5,165/111,97,63.4,"Notes restlessness, mild coldness, vision issues.",0
PAT-00059,2024-01-28 08:31:20,95.3,95,36.9,161/120,141,63.4,"Notes vision issues, dry mouth.",0
PAT-00059,2024-01-29 09:21:02,96.4,68,36.9,124/72,147,63.4,Patient describes frequent urination.,0
PAT-00059,2024-01-30 10:00:47,98.8,108,36.3,110/79,82,63.4,Indicates palpitations.,1
PAT-00060,2024-01-01 08:44:43,95.6,54,36.6,122/80,81,72.8,Observes slow pulse.,0
PAT-00060,2024-01-02 09:08:22,96.4,98,38.1,127/76,85,72.8,"Reports muscle aches, severe discomfort. worsening symptoms present.",1
PAT-00060,2024-01-03 10:05:51,97.9,81,38.9,120/73,70,72.8,"Today, patient states chills, fever.",1
PAT-00060,2024-01-04 09:04:09,95.4,59,36.4,117/72,97,72.8,No symptoms reported. Vitals are within expected range.,0
PAT-00060,2024-01-05 10:00:47,95.3,100,38.6,129/72,104,72.8,"Patient notes that severe discomfort, headache. worsening symptoms present.",1
PAT-00060,2024-01-06 08:39:07,96.6,61,36.8,114/76,123,72.8,Patient is feeling well with all parameters stable.,0
PAT-00060,2024-01-07 08:45:05,96.6,60,38.9,123/77,106,72.8,"Observes fever, severe discomfort. immediate attention may be needed.",0
PAT-00060,2024-01-08 10:12:30,95.9,86,38.2,136/92,89,72.8,"Notes chills, headache.",0
PAT-00060,2024-01-09 10:55:55,94.6,61,37.0,144/87,86,72.8,No symptoms reported. Vitals are within expected range.,0
PAT-00060,2024-01-10 08:12:16,94.8,64,36.2,188/117,88,72.8,"Today, patient states chest pain, severe headache. worsening symptoms present.",0
PAT-00060,2024-01-11 10:48:04,98.3,66,37.2,135/90,94,72.8,Patient is feeling well with all parameters stable.,0
PAT-00060,2024-01-12 09:40:53,99.2,78,35.9,169/119,83,72.8,"Observes lowered energy, chest tightness.",0
PAT-00060,2024-01-13 09:47:15,96.6,106,36.9,110/78,79,72.8,Reports palpitations.,1
PAT-00060,2024-01-14 09:22:57,98.3,83,35.6,111/83,72,72.8,Patient describes lowered energy.,0
PAT-00060,2024-01-15 10:05:20,95.6,78,37.1,121/72,162,72.8,"Notes severe blurred vision, dry mouth, frequent urination. worsening symptoms present.",1
PAT-00060,2024-01-16 09:28:22,97.3,83,38.0,125/81,115,72.8,"Patient notes that muscle aches, headache.",0
PAT-00060,2024-01-17 10:12:14,96.0,108,37.4,115/71,122,72.8,Observes restlessness.,1
PAT-00060,2024-01-18 09:20:59,95.5,85,37.3,187/112,114,72.8,"Indicates chest pain, severe headache. immediate attention may be needed.",1
PAT-00060,2024-01-19 08:47:48,96.8,102,36.9,143/85,134,72.8,"This morning, restlessness, dry mouth.",0
PAT-00060,2024-01-20 08:27:50,92.3,86,36.2,115/74,118,72.8,Patient is feeling well with all parameters stable.,0
PAT-00060,2024-01-21 08:01:25,95.9,57,35.8,114/78,147,72.8,"Indicates mild coldness, blurred vision.",0
PAT-00060,2024-01-22 09:53:54,95.3,58,36.5,138/88,76,72.8,Patient denies any symptoms or discomfort.,0
PAT-00060,2024-01-23 10:31:27,95.8,103,36.6,190/105,85,72.8,"Patient describes anxiety, chest pain, severe headache. immediate attention may be needed.",0
PAT-00060,2024-01-24 08:04:20,96.1,105,38.1,149/89,74,72.8,"Today, patient states palpitations, severe discomfort, headache. immediate attention may be needed.",0
PAT-00060,2024-01-25 08:19:40,99.0,65,38.4,120/79,91,72.8,"Reports severe discomfort, headache. worsening symptoms present.",1
PAT-00060,2024-01-26 10:18:21,97.4,83,35.8,121/74,81,72.8,Reports lowered energy.,0
PAT-00060,2024-01-27 09:26:15,95.8,53,36.8,140/88,99,72.8,Indicates fatigue.,1
PAT-00060,2024-01-28 10:21:36,99.2,85,35.8,120/76,134,72.8,"Today, patient states lowered energy, frequent urination.",0
PAT-00060,2024-01-29 10:15:52,97.4,86,36.9,137/92,162,72.8,"Indicates severe blurred vision, dry mouth, frequent urination. worsening symptoms present.",1
PAT-00060,2024-01-30 09:32:56,95.3,93,36.7,122/74,89,72.8,No symptoms reported. Vitals are within expected range.,0
PAT-00061,2024-01-01 10:31:29,98.9,109,37.3,138/86,84,80.9,"Today, patient states restlessness.",1
PAT-00061,2024-01-02 09:45:09,99.1,101,38.3,131/92,141,80.9,"Indicates palpitations, fever, muscle aches, dry mouth.",0
PAT-00061,2024-01-03 09:20:31,96.8,100,37.7,129/76,178,80.9,"Today, patient states body aches, severe blurred vision, dry mouth, frequent urination. worsening symptoms present.",0
PAT-00061,2024-01-04 10:38:07,96.0,69,37.2,111/76,116,80.9,Patient is feeling well with all parameters stable.,0
PAT-00061,2024-01-05 09:27:44,97.8,86,36.8,110/79,142,80.9,"This morning, blurred vision.",0
PAT-00061,2024-01-06 08:41:41,97.2,103,37.2,132/90,114,80.9,Indicates palpitations.,1
PAT-00061,2024-01-07 10:10:38,96.1,74,38.7,120/73,108,80.9,"Today, patient states headache, muscle aches.",1
PAT-00061,2024-01-08 09:18:10,93.0,59,37.2,114/80,70,80.9,No symptoms reported. Vitals are within expected range.,0
PAT-00061,2024-01-09 09:35:30,94.9,71,36.1,114/80,96,80.9,Patient denies any symptoms or discomfort.,0
PAT-00061,2024-01-10 08:40:27,95.5,80,36.0,170/112,105,80.9,Patient describes headaches.,0
PAT-00061,2024-01-11 09:36:48,95.0,59,35.7,161/116,101,80.9,"Reports mild coldness, headaches.",0
PAT-00061,2024-01-12 08:09:06,98.8,76,36.1,135/88,72,80.9,No significant complaints today.,0
PAT-00061,2024-01-13 09:05:26,98.4,55,36.7,184/102,115,80.9,"Observes chest pain, severe headache. worsening symptoms present.",0
PAT-00061,2024-01-14 10:26:41,93.8,102,36.8,134/93,178,80.9,"Today, patient states palpitations, severe blurred vision, dry mouth, frequent urination. immediate attention may be needed.",0
PAT-00061,2024-01-15 08:48:58,96.1,54,37.2,117/77,71,80.9,Patient describes slow pulse.,0
PAT-00061,2024-01-16 10:14:30,95.8,50,36.6,161/107,94,80.9,"This morning, lightheadedness, chest tightness.",0
PAT-00061,2024-01-17 09:24:48,95.2,80,36.4,181/112,70,80.9,"Notes chest pain, severe headache. immediate attention may be needed.",1
PAT-00061,2024-01-18 10:45:44,92.6,103,35.6,127/72,101,80.9,"Today, patient states palpitations, mild coldness.",1
PAT-00061,2024-01-19 09:00:22,96.8,82,36.8,162/118,149,80.9,"Observes vision issues, blurred vision.",0
PAT-00061,2024-01-20 10:00:58,97.2,80,37.0,149/89,78,80.9,Patient denies any symptoms or discomfort.,0
PAT-00061,2024-01-21 09:10:53,96.7,66,38.7,129/78,110,80.9,"Notes chills, muscle aches.",1
PAT-00061,2024-01-22 10:18:28,95.0,60,36.4,144/94,90,80.9,Patient is feeling well with all parameters stable.,0
PAT-00061,2024-01-23 08:07:02,95.4,72,35.6,185/103,123,80.9,"Today, patient states mild coldness, chest pain, severe headache. worsening symptoms present.",1
PAT-00061,2024-01-24 10:47:19,93.1,60,38.4,136/94,109,80.9,"Patient describes muscle aches, headache.",1
PAT-00061,2024-01-25 08:36:56,94.2,88,37.2,138/88,86,80.9,No significant complaints today.,0
PAT-00061,2024-01-26 08:13:53,94.2,95,37.6,120/76,85,80.9,Observes body aches.,0
PAT-00061,2024-01-27 09:25:38,95.2,84,36.6,115/85,85,80.9,Patient is feeling well with all parameters stable.,0
PAT-00061,2024-01-28 08:39:06,92.5,50,36.5,130/94,71,80.9,Notes lightheadedness.,1
PAT-00061,2024-01-29 09:28:24,96.0,83,37.0,148/87,132,80.9,Patient notes that blurred vision.,0
PAT-00061,2024-01-30 08:27:47,94.3,88,38.9,121/72,78,80.9,"Notes headache, fever.",1
PAT-00062,2024-01-01 08:19:09,96.8,54,38.1,124/76,133,64.4,"Patient describes slow pulse, fever, headache, blurred vision.",0
PAT-00062,2024-01-02 10:15:29,94.0,108,36.8,127/78,78,64.4,Indicates palpitations.,1
PAT-00062,2024-01-03 10:09:13,96.4,92,36.5,172/112,70,64.4,Indicates chest tightness.,0
PAT-00062,2024-01-04 09:26:11,95.0,60,36.8,128/71,121,64.4,No significant complaints today.,0
PAT-00062,2024-01-05 10:18:46,94.1,75,36.8,136/89,100,64.4,Patient is feeling well with all parameters stable.,0
PAT-00062,2024-01-06 08:44:28,97.3,85,36.7,110/71,97,64.4,Patient denies any symptoms or discomfort.,0
PAT-00062,2024-01-07 10:31:50,95.2,97,35.7,111/79,81,64.4,Patient notes that mild coldness.,0
PAT-00062,2024-01-08 09:34:10,96.8,55,36.6,121/74,80,64.4,Vitals remain within acceptable limits. No issues noted.,0
PAT-00062,2024-01-09 08:37:25,96.9,55,37.1,124/81,94,64.4,Patient is feeling well with all parameters stable.,0
PAT-00062,2024-01-10 10:48:56,96.8,105,37.0,127/83,81,64.4,Reports restlessness.,1
PAT-00062,2024-01-11 08:21:59,94.5,55,36.5,130/84,154,64.4,"This morning, severe blurred vision, dry mouth, frequent urination. worsening symptoms present.",0
PAT-00062,2024-01-12 09:32:58,94.6,87,37.0,150/87,119,64.4,Patient denies any symptoms or discomfort.,0
PAT-00062,2024-01-13 10:53:47,97.7,52,36.8,148/87,125,64.4,Observes lightheadedness.,0
PAT-00062,2024-01-14 09:56:07,96.7,106,37.8,127/71,159,64.4,"Patient describes palpitations, body aches, severe blurred vision, dry mouth, frequent urination. immediate attention may be needed.",0
PAT-00062,2024-01-15 10:42:10,95.7,97,36.6,120/85,73,64.4,No significant complaints today.,0
PAT-00062,2024-01-16 10:59:25,92.9,58,37.7,142/88,88,64.4,Observes night sweats.,0
PAT-00062,2024-01-17 08:14:40,95.1,110,37.0,124/74,122,64.4,Patient describes palpitations.,1
PAT-00062,2024-01-18 10:51:06,95.2,75,38.5,114/72,122,64.4,"Observes muscle aches, chills.",0
PAT-00062,2024-01-19 08:34:40,94.9,63,37.7,116/70,70,64.4,Notes mild fever.,0
PAT-00062,2024-01-20 08:52:49,97.7,60,37.3,112/72,78,64.4,No symptoms reported. Vitals are within expected range.,0
PAT-00062,2024-01-21 09:22:42,98.8,102,35.5,110/79,147,64.4,"Notes restlessness, lowered energy, blurred vision.",0
PAT-00062,2024-01-22 10:58:30,96.9,80,37.6,179/118,101,64.4,"Patient describes body aches, headaches.",0
PAT-00062,2024-01-23 09:01:16,97.2,57,37.0,122/73,83,64.4,Vitals remain within acceptable limits. No issues noted.,0
PAT-00062,2024-01-24 08:24:02,95.3,90,37.2,175/102,85,64.4,Reports headaches.,0
PAT-00062,2024-01-25 10:53:45,95.2,110,36.0,133/92,150,64.4,"Patient notes that anxiety, severe blurred vision, dry mouth, frequent urination. immediate attention may be needed.",1
PAT-00062,2024-01-26 09:02:20,96.6,69,37.0,147/92,139,64.4,Observes frequent urination.,0
PAT-00062,2024-01-27 10:08:37,95.4,87,38.2,110/84,72,64.4,"Indicates severe discomfort, chills. immediate attention may be needed.",1
PAT-00062,2024-01-28 10:24:51,98.7,107,36.5,130/71,78,64.4,Reports anxiety.,1
PAT-00062,2024-01-29 09:11:57,91.9,74,35.6,119/75,71,64.4,"Observes dizziness, lowered energy.",1
PAT-00062,2024-01-30 08:53:04,98.4,96,36.2,145/92,77,64.4,Vitals remain within acceptable limits. No issues noted.,0
PAT-00063,2024-01-01 10:51:41,94.6,88,36.9,115/82,71,78.6,Patient is feeling well with all parameters stable.,0
PAT-00063,2024-01-02 08:21:55,96.3,108,38.9,187/115,140,78.6,"This morning, anxiety, headache, fever, chest pain, severe headache, blurred vision. immediate attention may be needed.",0
PAT-00063,2024-01-03 10:38:36,97.4,50,37.2,144/92,81,78.6,Observes slow pulse.,1
PAT-00063,2024-01-04 10:57:44,97.4,101,35.9,130/73,113,78.6,"Notes restlessness, mild coldness.",1
PAT-00063,2024-01-05 10:27:04,95.2,62,35.6,112/78,98,78.6,Indicates lowered energy.,0
PAT-00063,2024-01-06 08:58:59,95.2,94,36.5,113/70,75,78.6,Patient denies any symptoms or discomfort.,0
PAT-00063,2024-01-07 08:42:12,98.7,57,38.7,127/81,87,78.6,"Reports muscle aches, headache.",0
PAT-00063,2024-01-08 10:11:37,99.5,56,35.5,133/93,101,78.6,"Today, patient states mild coldness.",0
PAT-00063,2024-01-09 08:47:44,96.8,56,37.4,110/81,129,78.6,Patient describes frequent urination.,0
PAT-00063,2024-01-10 10:17:37,94.0,76,37.3,110/79,98,78.6,No significant complaints today.,0
PAT-00063,2024-01-11 08:55:30,94.8,85,35.8,116/76,121,78.6,Indicates lowered energy.,0
PAT-00063,2024-01-12 08:11:24,96.2,77,38.2,130/72,74,78.6,"Reports chills, severe discomfort. immediate attention may be needed.",0
PAT-00063,2024-01-13 08:36:10,95.8,97,36.5,130/83,96,78.6,Patient is feeling well with all parameters stable.,0
PAT-00063,2024-01-14 09:26:03,94.4,84,37.7,123/71,146,78.6,"Today, patient states night sweats, blurred vision.",0
PAT-00063,2024-01-15 09:25:28,94.9,109,37.5,186/107,93,78.6,"Observes palpitations, night sweats, chest pain, severe headache. worsening symptoms present.",0
PAT-00063,2024-01-16 10:10:15,95.7,79,35.7,146/89,85,78.6,Observes mild coldness.,0
PAT-00063,2024-01-17 09:04:35,96.8,51,37.3,114/71,149,78.6,"Notes fatigue, dry mouth.",1
PAT-00063,2024-01-18 09:19:53,95.8,58,37.8,149/90,99,78.6,Indicates night sweats.,0
PAT-00063,2024-01-19 09:48:55,96.5,59,35.6,127/74,85,78.6,Reports lowered energy.,0
PAT-00063,2024-01-20 09:34:33,94.6,79,36.8,130/72,78,78.6,No significant complaints today.,0
PAT-00063,2024-01-21 09:38:32,95.8,67,36.9,170/110,99,78.6,"Today, patient states chest tightness.",0
PAT-00063,2024-01-22 09:12:52,97.2,70,37.0,126/83,108,78.6,Patient denies any symptoms or discomfort.,0
PAT-00063,2024-01-23 09:42:42,95.1,66,36.5,129/74,177,78.6,"Notes severe blurred vision, dry mouth, frequent urination. immediate attention may be needed.",0
PAT-00063,2024-01-24 10:23:45,95.1,107,37.1,147/90,106,78.6,"This morning, restlessness.",1
PAT-00063,2024-01-25 10:56:18,96.8,80,38.2,117/76,89,78.6,"Indicates muscle aches, chills.",0
PAT-00063,2024-01-26 09:30:45,99.7,54,36.7,189/118,155,78.6,"Patient notes that slow pulse, chest pain, severe headache, severe blurred vision, dry mouth, frequent urination. immediate attention may be needed.",0
PAT-00063,2024-01-27 10:04:16,98.0,63,36.8,122/82,126,78.6,"Today, patient states blurred vision.",0
PAT-00063,2024-01-28 09:59:31,98.0,104,36.4,147/94,96,78.6,Observes restlessness.,0
PAT-00063,2024-01-29 08:27:40,95.5,75,35.7,129/73,85,78.6,Observes lowered energy.,0
PAT-00063,2024-01-30 08:11:07,98.1,71,36.7,111/71,97,78.6,No significant complaints today.,0
PAT-00064,2024-01-01 08:35:34,96.4,68,36.8,114/73,173,88.2,"Observes severe blurred vision, dry mouth, frequent urination. immediate attention may be needed.",1
PAT-00064,2024-01-02 10:36:03,95.7,60,37.2,133/90,89,88.2,No significant complaints today.,0
PAT-00064,2024-01-03 09:15:14,93.4,97,36.7,149/94,162,88.2,"Notes severe blurred vision, dry mouth, frequent urination. worsening symptoms present.",1
PAT-00064,2024-01-04 09:53:15,95.4,94,37.2,130/93,118,88.2,Patient is feeling well with all parameters stable.,0
PAT-00064,2024-01-05 08:51:52,94.7,72,38.0,166/117,89,88.2,"Notes fever, chills, chest tightness.",0
PAT-00064,2024-01-06 08:06:15,91.9,56,36.9,137/88,84,88.2,"This morning, low energy.",1
PAT-00064,2024-01-07 08:17:06,94.9,90,37.2,137/95,79,88.2,Patient denies any symptoms or discomfort.,0
PAT-00064,2024-01-08 10:54:24,95.3,57,37.4,136/88,73,88.2,Vitals remain within acceptable limits. No issues noted.,0
PAT-00064,2024-01-09 10:28:28,100.0,94,35.6,122/82,70,88.2,"Today, patient states lowered energy.",0
PAT-00064,2024-01-10 09:27:50,95.2,88,36.0,126/80,80,88.2,Vitals remain within acceptable limits. No issues noted.,0
PAT-00064,2024-01-11 10:39:24,93.8,86,36.9,124/76,81,88.2,No symptoms reported. Vitals are within expected range.,0
PAT-00064,2024-01-12 10:53:44,95.3,81,38.6,122/75,95,88.2,"Today, patient states headache, chills.",1
PAT-00064,2024-01-13 09:17:15,97.8,99,38.5,137/91,89,88.2,"Today, patient states headache, fever.",1
PAT-00064,2024-01-14 08:28:45,95.4,85,36.5,110/82,162,88.2,"Patient notes that severe blurred vision, dry mouth, frequent urination. immediate attention may be needed.",1
PAT-00064,2024-01-15 08:31:27,91.6,104,37.1,143/86,83,88.2,"Today, patient states dizziness, restlessness.",0
PAT-00064,2024-01-16 09:30:10,98.5,65,36.6,167/118,90,88.2,"Today, patient states vision issues.",0
PAT-00064,2024-01-17 09:23:03,95.0,53,35.7,132/87,72,88.2,"Notes slow pulse, mild coldness.",1
PAT-00064,2024-01-18 09:28:09,92.3,69,36.1,114/83,78,88.2,Patient is feeling well with all parameters stable.,0
PAT-00064,2024-01-19 09:19:10,96.4,76,37.0,112/77,131,88.2,Patient describes frequent urination.,0
PAT-00064,2024-01-20 10:11:18,97.8,58,36.8,125/83,105,88.2,No symptoms reported. Vitals are within expected range.,0
PAT-00064,2024-01-21 08:38:45,95.4,92,35.7,112/73,108,88.2,Reports mild coldness.,0
PAT-00064,2024-01-22 10:48:23,94.6,83,36.5,115/74,87,88.2,Patient is feeling well with all parameters stable.,0
PAT-00064,2024-01-23 08:20:54,96.5,95,36.9,184/108,116,88.2,"Patient describes chest pain, severe headache. worsening symptoms present.",0
PAT-00064,2024-01-24 08:25:08,96.1,52,37.4,111/85,74,88.2,"Today, patient states lightheadedness.",1
PAT-00064,2024-01-25 09:36:50,98.2,68,37.2,124/77,84,88.2,No symptoms reported. Vitals are within expected range.,0
PAT-00064,2024-01-26 10:15:10,97.4,80,37.2,179/101,72,88.2,"This morning, headaches.",1
PAT-00064,2024-01-27 09:33:51,95.3,75,36.4,122/82,116,88.2,Patient denies any symptoms or discomfort.,0
PAT-00064,2024-01-28 09:50:38,96.5,108,37.6,182/112,124,88.2,"Observes restlessness, body aches, chest pain, severe headache. immediate attention may be needed.",1
PAT-00064,2024-01-29 09:08:51,93.9,61,37.1,116/72,89,88.2,No significant complaints today.,0
PAT-00064,2024-01-30 08:38:57,92.8,56,36.8,122/82,109,88.2,No symptoms reported. Vitals are within expected range.,0
PAT-00065,2024-01-01 09:31:12,95.6,84,38.2,110/76,153,69.8,"This morning, chills, headache, severe blurred vision, dry mouth, frequent urination. worsening symptoms present.",0
PAT-00065,2024-01-02 09:25:15,100.0,94,37.3,110/77,98,69.8,No significant complaints today.,0
PAT-00065,2024-01-03 09:25:29,95.5,82,37.9,124/81,139,69.8,"Observes night sweats, blurred vision.",0
PAT-00065,2024-01-04 08:09:57,97.1,80,36.8,113/79,111,69.8,No significant complaints today.,0
PAT-00065,2024-01-05 09:58:24,94.4,110,36.6,123/72,164,69.8,"Patient notes that restlessness, severe blurred vision, dry mouth, frequent urination. worsening symptoms present.",0
PAT-00065,2024-01-06 10:30:02,96.9,105,36.6,132/90,110,69.8,Notes palpitations.,1
PAT-00065,2024-01-07 08:00:06,95.9,94,37.8,147/89,129,69.8,"Today, patient states mild fever, frequent urination.",0
PAT-00065,2024-01-08 09:01:28,94.5,102,37.2,120/84,111,69.8,Patient notes that anxiety.,0
PAT-00065,2024-01-09 08:51:33,95.4,78,37.1,113/84,124,69.8,Vitals remain within acceptable limits. No issues noted.,0
PAT-00065,2024-01-10 10:02:42,96.8,107,36.0,183/118,86,69.8,"This morning, palpitations, chest pain, severe headache. worsening symptoms present.",1
PAT-00065,2024-01-11 09:21:42,95.0,82,36.6,144/95,108,69.8,Patient is feeling well with all parameters stable.,0
PAT-00065,2024-01-12 08:05:39,95.8,72,37.0,118/82,107,69.8,No symptoms reported. Vitals are within expected range.,0
PAT-00065,2024-01-13 09:00:08,93.7,96,38.0,123/76,113,69.8,"Notes chills, headache.",0
PAT-00065,2024-01-14 08:00:04,95.7,65,37.3,131/89,93,69.8,No symptoms reported. Vitals are within expected range.,0
PAT-00065,2024-01-15 08:29:58,94.9,65,37.3,125/73,72,69.8,No significant complaints today.,0
PAT-00065,2024-01-16 10:46:23,88.2,87,37.2,125/78,162,69.8,"Patient notes that severe shortness of breath, dizziness, severe blurred vision, dry mouth, frequent urination. worsening symptoms present.",0
PAT-00065,2024-01-17 09:33:09,96.6,108,37.3,146/95,143,69.8,"Today, patient states anxiety, blurred vision.",1
PAT-00065,2024-01-18 09:30:17,95.1,70,35.9,126/79,115,69.8,Patient describes lowered energy.,0
PAT-00065,2024-01-19 09:51:55,98.1,68,36.7,163/104,87,69.8,"Today, patient states chest tightness.",0
PAT-00065,2024-01-20 08:29:57,97.6,94,37.7,113/81,83,69.8,Observes body aches.,0
PAT-00065,2024-01-21 09:19:05,96.7,67,36.8,165/119,85,69.8,Reports vision issues.,0
PAT-00065,2024-01-22 08:27:25,95.8,86,38.2,123/74,83,69.8,"Patient notes that headache, fever.",1
PAT-00065,2024-01-23 08:19:15,93.6,75,37.6,188/115,99,69.8,"Today, patient states night sweats, chest pain, severe headache. immediate attention may be needed.",1
PAT-00065,2024-01-24 08:18:15,91.9,109,37.2,135/90,136,69.8,"Observes low energy, restlessness, frequent urination.",0
PAT-00065,2024-01-25 08:05:05,95.6,90,35.5,114/83,157,69.8,"This morning, mild coldness, severe blurred vision, dry mouth, frequent urination. worsening symptoms present.",0
PAT-00065,2024-01-26 08:30:11,93.8,50,36.4,134/89,96,69.8,Patient notes that fatigue.,0
PAT-00065,2024-01-27 08:02:10,98.2,99,36.9,120/73,71,69.8,No symptoms reported. Vitals are within expected range.,0
PAT-00065,2024-01-28 10:00:52,97.0,53,36.7,115/82,96,69.8,Reports fatigue.,0
PAT-00065,2024-01-29 09:39:53,94.7,106,37.0,132/94,109,69.8,Reports palpitations.,1
PAT-00065,2024-01-30 09:10:41,94.0,84,36.6,126/73,85,69.8,No significant complaints today.,0
PAT-00066,2024-01-01 08:25:54,94.3,70,35.7,135/92,125,81.0,Patient notes that lowered energy.,0
PAT-00066,2024-01-02 09:18:41,97.4,102,36.5,123/77,176,81.0,"Patient notes that restlessness, severe blurred vision, dry mouth, frequent urination. immediate attention may be needed.",0
PAT-00066,2024-01-03 09:09:45,97.1,64,38.7,111/72,71,81.0,"This morning, severe discomfort, fever. immediate attention may be needed.",0
PAT-00066,2024-01-04 09:08:09,100.0,83,37.4,132/89,175,81.0,"Patient notes that severe blurred vision, dry mouth, frequent urination. worsening symptoms present.",1
PAT-00066,2024-01-05 10:15:45,96.8,75,37.7,123/83,103,81.0,Notes body aches.,0
PAT-00066,2024-01-06 08:57:30,95.4,80,37.4,111/81,105,81.0,Patient is feeling well with all parameters stable.,0
PAT-00066,2024-01-07 09:04:03,93.8,91,36.4,118/82,105,81.0,Vitals remain within acceptable limits. No issues noted.,0
PAT-00066,2024-01-08 10:25:50,99.4,100,36.0,124/74,96,81.0,Vitals remain within acceptable limits. No issues noted.,0
PAT-00066,2024-01-09 10:20:58,96.5,84,36.7,128/75,70,81.0,No significant complaints today.,0
PAT-00066,2024-01-10 09:05:31,93.8,88,37.8,120/74,71,81.0,"Today, patient states mild fever.",0
PAT-00066,2024-01-11 09:17:58,99.2,66,38.2,115/83,71,81.0,"Patient notes that fever, muscle aches.",1
PAT-00066,2024-01-12 09:21:00,97.9,63,36.9,145/93,106,81.0,Patient is feeling well with all parameters stable.,0
PAT-00066,2024-01-13 09:43:42,96.4,87,37.1,183/116,78,81.0,"Observes chest pain, severe headache. worsening symptoms present.",0
PAT-00066,2024-01-14 10:39:59,97.9,79,36.5,116/83,94,81.0,Vitals remain within acceptable limits. No issues noted.,0
PAT-00066,2024-01-15 10:37:35,92.6,99,36.8,127/84,101,81.0,No significant complaints today.,0
PAT-00066,2024-01-16 08:26:37,98.1,60,37.2,112/85,96,81.0,Vitals remain within acceptable limits. No issues noted.,0
PAT-00066,2024-01-17 10:36:14,97.3,55,37.3,148/88,84,81.0,No significant complaints today.,0
PAT-00066,2024-01-18 10:54:02,94.6,86,35.5,137/95,98,81.0,Observes lowered energy.,0
PAT-00066,2024-01-19 10:14:02,100.0,97,36.9,124/77,112,81.0,Vitals remain within acceptable limits. No issues noted.,0
PAT-00066,2024-01-20 08:04:51,99.7,85,37.3,168/117,178,81.0,"Observes vision issues, severe blurred vision, dry mouth, frequent urination. immediate attention may be needed.",1
PAT-00066,2024-01-21 10:50:49,94.2,60,36.5,119/71,85,81.0,Patient denies any symptoms or discomfort.,0
PAT-00066,2024-01-22 10:35:18,94.1,84,37.3,163/107,99,81.0,Patient notes that headaches.,1
PAT-00066,2024-01-23 10:12:00,93.9,81,38.4,143/86,80,81.0,"Patient describes chills, headache.",1
PAT-00066,2024-01-24 10:46:16,94.4,95,35.9,139/95,78,81.0,"This morning, lowered energy.",0
PAT-00066,2024-01-25 08:46:10,97.7,71,36.8,133/89,109,81.0,No symptoms reported. Vitals are within expected range.,0
PAT-00066,2024-01-26 08:55:07,97.2,50,36.8,117/72,94,81.0,"This morning, fatigue.",1
PAT-00066,2024-01-27 09:21:07,97.1,76,35.7,127/84,86,81.0,Indicates mild coldness.,0
PAT-00066,2024-01-28 09:50:05,96.5,101,36.4,112/81,105,81.0,"Today, patient states restlessness.",0
PAT-00066,2024-01-29 09:46:01,97.3,89,36.8,129/72,102,81.0,Patient is feeling well with all parameters stable.,0
PAT-00066,2024-01-30 09:10:33,93.0,86,36.5,127/76,85,81.0,No symptoms reported. Vitals are within expected range.,0
PAT-00067,2024-01-01 09:54:24,98.0,85,36.6,143/86,125,54.6,Patient is feeling well with all parameters stable.,0
PAT-00067,2024-01-02 08:12:39,93.4,80,38.5,125/72,123,54.6,"Indicates chills, headache.",1
PAT-00067,2024-01-03 10:23:12,95.1,88,37.1,111/71,114,54.6,No symptoms reported. Vitals are within expected range.,0
PAT-00067,2024-01-04 10:22:01,97.5,101,38.9,130/80,83,54.6,"Indicates anxiety, fever, muscle aches.",1
PAT-00067,2024-01-05 08:38:33,99.0,107,37.1,113/74,156,54.6,"Patient notes that restlessness, severe blurred vision, dry mouth, frequent urination. immediate attention may be needed.",0
PAT-00067,2024-01-06 08:50:53,97.0,80,36.6,120/77,109,54.6,No significant complaints today.,0
PAT-00067,2024-01-07 08:54:06,94.9,61,35.6,119/74,122,54.6,Observes lowered energy.,0
PAT-00067,2024-01-08 09:21:54,95.5,73,36.2,162/116,111,54.6,Indicates chest tightness.,0
PAT-00067,2024-01-09 09:26:01,96.2,50,38.7,119/80,75,54.6,"Reports slow pulse, fever, chills.",1
PAT-00067,2024-01-10 08:16:49,94.7,70,35.7,120/73,75,54.6,Reports mild coldness.,0
PAT-00067,2024-01-11 09:19:53,93.8,84,38.6,147/93,99,54.6,"Notes fever, muscle aches.",0
PAT-00067,2024-01-12 09:48:59,93.3,50,36.5,139/91,72,54.6,Patient notes that slow pulse.,0
PAT-00067,2024-01-13 08:08:04,95.9,63,35.6,128/70,73,54.6,Patient describes lowered energy.,0
PAT-00067,2024-01-14 09:25:34,98.0,63,37.8,118/75,88,54.6,"Today, patient states body aches.",0
PAT-00067,2024-01-15 08:11:41,96.9,89,37.0,148/86,90,54.6,Vitals remain within acceptable limits. No issues noted.,0
PAT-00067,2024-01-16 08:46:45,97.2,94,37.1,135/95,86,54.6,Vitals remain within acceptable limits. No issues noted.,0
PAT-00067,2024-01-17 08:43:33,96.4,88,36.8,118/76,157,54.6,"Today, patient states severe blurred vision, dry mouth, frequent urination. immediate attention may be needed.",0
PAT-00067,2024-01-18 08:39:42,95.8,72,37.7,116/79,81,54.6,Observes mild fever.,0
PAT-00067,2024-01-19 09:58:37,99.2,69,36.3,118/77,89,54.6,Vitals remain within acceptable limits. No issues noted.,0
PAT-00067,2024-01-20 09:41:38,94.3,75,38.1,160/103,112,54.6,"Notes severe discomfort, chills, vision issues. worsening symptoms present.",0
PAT-00067,2024-01-21 10:11:52,94.9,80,36.8,128/73,91,54.6,Patient is feeling well with all parameters stable.,0
PAT-00067,2024-01-22 10:02:14,95.4,53,37.9,111/72,91,54.6,"Today, patient states fatigue, mild fever.",1
PAT-00067,2024-01-23 08:36:00,96.2,80,37.0,116/73,96,54.6,Vitals remain within acceptable limits. No issues noted.,0
PAT-00067,2024-01-24 08:21:13,96.9,104,36.5,134/87,172,54.6,"Reports anxiety, severe blurred vision, dry mouth, frequent urination. worsening symptoms present.",0
PAT-00067,2024-01-25 09:26:24,90.6,106,36.4,118/84,91,54.6,"This morning, shortness of breath, anxiety.",0
PAT-00067,2024-01-26 09:12:55,93.9,81,36.7,137/92,157,54.6,"Notes severe blurred vision, dry mouth, frequent urination. immediate attention may be needed.",0
PAT-00067,2024-01-27 09:00:27,95.0,74,35.7,165/101,95,54.6,"Indicates mild coldness, vision issues.",1
PAT-00067,2024-01-28 08:26:07,93.7,88,37.3,169/104,79,54.6,"This morning, headaches.",0
PAT-00067,2024-01-29 08:30:50,95.7,84,36.8,176/102,88,54.6,Patient notes that headaches.,0
PAT-00067,2024-01-30 08:28:12,93.8,54,36.9,125/82,78,54.6,Indicates lightheadedness.,1
PAT-00068,2024-01-01 08:01:49,99.0,67,36.0,150/92,112,95.3,Patient denies any symptoms or discomfort.,0
PAT-00068,2024-01-02 10:41:59,96.2,52,36.5,163/108,93,95.3,"Notes fatigue, vision issues.",1
PAT-00068,2024-01-03 09:55:42,99.0,76,37.2,139/91,70,95.3,Patient denies any symptoms or discomfort.,0
PAT-00068,2024-01-04 08:15:57,98.2,69,35.6,118/77,94,95.3,Indicates mild coldness.,0
PAT-00068,2024-01-05 08:09:01,96.5,100,38.1,127/83,88,95.3,"Indicates muscle aches, fever.",0
PAT-00068,2024-01-06 08:46:19,100.0,56,37.5,168/108,88,95.3,"Observes mild fever, vision issues.",0
PAT-00068,2024-01-07 10:36:36,96.5,71,38.7,163/112,85,95.3,"Patient notes that severe discomfort, chills, chest tightness. immediate attention may be needed.",1
PAT-00068,2024-01-08 09:22:30,98.1,53,37.7,147/90,85,95.3,"Patient describes lightheadedness, night sweats.",1
PAT-00068,2024-01-09 08:36:57,99.0,94,37.3,117/83,97,95.3,Patient is feeling well with all parameters stable.,0
PAT-00068,2024-01-10 09:26:34,93.0,51,36.8,113/84,92,95.3,"Today, patient states lightheadedness.",1
PAT-00068,2024-01-11 08:23:06,98.4,61,38.3,118/70,118,95.3,"Notes headache, fever.",1
PAT-00068,2024-01-12 09:57:13,97.0,62,36.5,120/77,89,95.3,No symptoms reported. Vitals are within expected range.,0
PAT-00068,2024-01-13 09:50:38,97.9,107,36.7,130/77,71,95.3,Notes restlessness.,1
PAT-00068,2024-01-14 10:48:44,93.6,90,37.6,125/76,125,95.3,Patient notes that night sweats.,0
PAT-00068,2024-01-15 10:37:14,93.0,89,37.4,178/108,70,95.3,Patient notes that headaches.,1
PAT-00068,2024-01-16 09:35:44,97.7,52,35.5,130/86,90,95.3,"Notes slow pulse, mild coldness.",0
PAT-00068,2024-01-17 08:14:47,99.2,61,36.9,183/105,106,95.3,"Today, patient states chest pain, severe headache. immediate attention may be needed.",0
PAT-00068,2024-01-18 09:29:03,95.0,81,38.6,124/77,89,95.3,"Reports chills, fever.",1
PAT-00068,2024-01-19 10:13:23,97.1,110,36.5,184/109,96,95.3,"Observes anxiety, chest pain, severe headache. immediate attention may be needed.",0
PAT-00068,2024-01-20 08:53:57,94.5,52,37.5,125/82,70,95.3,"Patient describes lightheadedness, night sweats.",1
PAT-00068,2024-01-21 10:53:57,96.1,103,35.8,163/102,124,95.3,"This morning, palpitations, mild coldness, chest tightness.",0
PAT-00068,2024-01-22 09:14:44,97.8,52,36.4,168/116,92,95.3,"Patient notes that slow pulse, vision issues.",0
PAT-00068,2024-01-23 08:53:38,95.7,107,37.4,181/118,76,95.3,"Observes restlessness, chest pain, severe headache. immediate attention may be needed.",0
PAT-00068,2024-01-24 09:17:20,97.0,98,37.0,149/88,99,95.3,Patient is feeling well with all parameters stable.,0
PAT-00068,2024-01-25 09:18:24,96.2,58,36.8,174/102,97,95.3,Reports vision issues.,0
PAT-00068,2024-01-26 08:57:03,96.8,53,38.5,127/73,87,95.3,"Patient describes fatigue, headache, chills.",1
PAT-00068,2024-01-27 10:56:14,94.8,85,36.8,114/77,99,95.3,Patient denies any symptoms or discomfort.,0
PAT-00068,2024-01-28 10:34:56,94.5,62,36.8,137/93,117,95.3,No significant complaints today.,0
PAT-00068,2024-01-29 10:34:05,99.8,54,38.1,138/90,87,95.3,"Observes lightheadedness, chills, fever.",0
PAT-00068,2024-01-30 08:08:51,94.0,85,38.3,167/120,72,95.3,"Indicates severe discomfort, chills, vision issues. immediate attention may be needed.",1
PAT-00069,2024-01-01 10:40:34,97.2,92,37.9,140/92,75,90.6,Notes body aches.,0
PAT-00069,2024-01-02 09:01:02,98.4,84,37.3,130/85,94,90.6,No symptoms reported. Vitals are within expected range.,0
PAT-00069,2024-01-03 08:20:10,92.7,60,35.9,178/102,102,90.6,"Reports mild coldness, headaches.",0
PAT-00069,2024-01-04 10:41:23,97.0,50,37.9,130/70,93,90.6,"Patient notes that lightheadedness, night sweats.",0
PAT-00069,2024-01-05 08:50:58,98.1,76,36.4,130/79,174,90.6,"Notes severe blurred vision, dry mouth, frequent urination. immediate attention may be needed.",1
PAT-00069,2024-01-06 08:34:52,94.4,94,36.6,129/85,144,90.6,Reports dry mouth.,0
PAT-00069,2024-01-07 09:32:39,99.2,50,35.5,120/82,85,90.6,"Indicates lightheadedness, lowered energy.",0
PAT-00069,2024-01-08 10:03:00,94.7,98,37.1,137/91,81,90.6,No symptoms reported. Vitals are within expected range.,0
PAT-00069,2024-01-09 09:46:33,94.1,54,37.8,126/74,82,90.6,"Reports fatigue, body aches.",0
PAT-00069,2024-01-10 08:51:17,95.7,76,36.7,117/80,149,90.6,Patient describes frequent urination.,0
PAT-00069,2024-01-11 08:50:36,94.3,102,36.4,111/71,90,90.6,Patient describes restlessness.,0
PAT-00069,2024-01-12 08:26:38,96.5,87,37.1,129/84,119,90.6,No symptoms reported. Vitals are within expected range.,0
PAT-00069,2024-01-13 10:49:40,93.5,90,37.4,190/116,75,90.6,"This morning, chest pain, severe headache. immediate attention may be needed.",1
PAT-00069,2024-01-14 09:51:03,94.5,93,37.3,142/89,116,90.6,Patient denies any symptoms or discomfort.,0
PAT-00069,2024-01-15 10:47:00,95.6,68,36.4,130/78,97,90.6,Patient denies any symptoms or discomfort.,0
PAT-00069,2024-01-16 09:31:56,95.7,53,35.9,126/76,82,90.6,"Reports slow pulse, mild coldness.",0
PAT-00069,2024-01-17 08:09:43,95.7,92,36.5,114/82,89,90.6,Patient is feeling well with all parameters stable.,0
PAT-00069,2024-01-18 10:36:41,99.6,81,36.8,139/91,79,90.6,No symptoms reported. Vitals are within expected range.,0
PAT-00069,2024-01-19 08:56:26,97.2,84,36.8,114/81,93,90.6,Patient is feeling well with all parameters stable.,0
PAT-00069,2024-01-20 08:19:49,95.9,68,37.9,162/114,128,90.6,"Observes night sweats, headaches, frequent urination.",1
PAT-00069,2024-01-21 09:48:18,95.8,50,38.0,115/82,95,90.6,"This morning, lightheadedness, muscle aches, severe discomfort. immediate attention may be needed.",0
PAT-00069,2024-01-22 10:01:42,98.3,51,36.7,125/82,79,90.6,Notes fatigue.,0
PAT-00069,2024-01-23 10:36:52,96.4,76,37.2,126/70,175,90.6,"Today, patient states severe blurred vision, dry mouth, frequent urination. worsening symptoms present.",1
PAT-00069,2024-01-24 09:15:35,98.1,106,38.5,126/75,96,90.6,"Indicates restlessness, muscle aches, chills.",0
PAT-00069,2024-01-25 10:03:43,96.8,55,35.9,111/79,121,90.6,Notes mild coldness.,0
PAT-00069,2024-01-26 08:13:48,95.2,86,38.7,171/106,96,90.6,"Patient notes that severe discomfort, muscle aches, vision issues. worsening symptoms present.",0
PAT-00069,2024-01-27 08:25:46,98.1,97,37.1,114/73,72,90.6,Patient denies any symptoms or discomfort.,0
PAT-00069,2024-01-28 09:33:29,95.8,51,36.0,177/101,89,90.6,"Reports lightheadedness, chest tightness.",1
PAT-00069,2024-01-29 08:31:13,94.8,64,38.9,122/80,77,90.6,"Patient describes fever, headache.",0
PAT-00069,2024-01-30 08:58:48,96.9,79,36.7,126/85,94,90.6,Vitals remain within acceptable limits. No issues noted.,0
PAT-00070,2024-01-01 08:29:32,93.5,103,36.5,127/70,70,77.5,"Today, patient states palpitations.",1
PAT-00070,2024-01-02 08:37:06,94.0,100,36.7,143/86,117,77.5,Patient denies any symptoms or discomfort.,0
PAT-00070,2024-01-03 10:59:00,97.0,97,37.4,182/112,80,77.5,"Indicates chest pain, severe headache. worsening symptoms present.",0
PAT-00070,2024-01-04 09:16:46,96.2,69,36.0,149/86,93,77.5,No symptoms reported. Vitals are within expected range.,0
PAT-00070,2024-01-05 10:43:13,99.8,72,38.7,121/81,104,77.5,"Notes fever, severe discomfort. worsening symptoms present.",0
PAT-00070,2024-01-06 08:55:33,96.8,110,37.4,184/118,79,77.5,"Notes palpitations, chest pain, severe headache. immediate attention may be needed.",1
PAT-00070,2024-01-07 09:33:30,94.0,70,35.9,110/74,94,77.5,"Today, patient states lowered energy.",0
PAT-00070,2024-01-08 10:10:13,94.5,109,38.6,129/74,72,77.5,"Patient notes that palpitations, headache, muscle aches.",0
PAT-00070,2024-01-09 08:05:16,93.0,89,38.4,131/89,74,77.5,"Patient describes severe discomfort, headache. worsening symptoms present.",1
PAT-00070,2024-01-10 10:01:49,96.2,55,38.3,117/85,99,77.5,"Observes headache, severe discomfort. worsening symptoms present.",0
PAT-00070,2024-01-11 10:02:33,97.0,82,35.7,113/73,173,77.5,"Observes mild coldness, severe blurred vision, dry mouth, frequent urination. worsening symptoms present.",0
PAT-00070,2024-01-12 08:02:12,93.7,87,36.7,111/76,81,77.5,Vitals remain within acceptable limits. No issues noted.,0
PAT-00070,2024-01-13 10:05:52,95.2,87,36.7,184/100,82,77.5,"This morning, chest pain, severe headache. worsening symptoms present.",0
PAT-00070,2024-01-14 08:20:47,96.3,66,37.3,113/75,124,77.5,No significant complaints today.,0
PAT-00070,2024-01-15 09:22:03,95.1,86,37.2,123/75,83,77.5,Vitals remain within acceptable limits. No issues noted.,0
PAT-00070,2024-01-16 10:54:31,97.6,73,36.8,127/74,89,77.5,Patient denies any symptoms or discomfort.,0
PAT-00070,2024-01-17 09:18:47,96.1,50,37.3,133/88,79,77.5,Patient describes slow pulse.,0
PAT-00070,2024-01-18 09:49:12,90.4,70,36.3,169/107,85,77.5,"This morning, low energy, vision issues.",0
PAT-00070,2024-01-19 08:14:41,94.6,71,36.7,149/86,71,77.5,No significant complaints today.,0
PAT-00070,2024-01-20 09:44:44,93.2,50,38.2,179/101,86,77.5,"Notes fatigue, severe discomfort, fever, headaches. worsening symptoms present.",0
PAT-00070,2024-01-21 08:45:28,96.1,68,37.3,178/105,112,77.5,Observes vision issues.,0
PAT-00070,2024-01-22 10:51:24,95.7,87,35.6,139/93,90,77.5,Reports lowered energy.,0
PAT-00070,2024-01-23 09:09:34,92.3,85,36.0,121/82,90,77.5,Patient is feeling well with all parameters stable.,0
PAT-00070,2024-01-24 09:36:06,95.0,69,37.3,110/79,88,77.5,Patient is feeling well with all parameters stable.,0
PAT-00070,2024-01-25 08:06:11,93.8,97,36.3,139/87,94,77.5,Vitals remain within acceptable limits. No issues noted.,0
PAT-00070,2024-01-26 10:35:03,100.0,73,36.7,149/85,161,77.5,"Indicates severe blurred vision, dry mouth, frequent urination. immediate attention may be needed.",1
PAT-00070,2024-01-27 10:07:29,96.8,103,36.4,110/84,137,77.5,"Notes anxiety, blurred vision.",1
PAT-00070,2024-01-28 10:14:33,95.3,79,36.3,167/110,121,77.5,Patient notes that vision issues.,1
PAT-00070,2024-01-29 10:08:42,97.0,58,36.7,130/89,96,77.5,No significant complaints today.,0
PAT-00070,2024-01-30 09:56:42,97.8,63,36.2,114/83,80,77.5,Patient denies any symptoms or discomfort.,0
PAT-00071,2024-01-01 08:25:37,96.8,84,37.1,171/117,121,87.5,Observes chest tightness.,0
PAT-00071,2024-01-02 08:50:35,96.7,72,37.2,128/82,111,87.5,No symptoms reported. Vitals are within expected range.,0
PAT-00071,2024-01-03 08:00:35,95.5,75,37.8,123/73,121,87.5,"This morning, body aches.",0
PAT-00071,2024-01-04 10:20:36,98.6,70,36.9,133/89,96,87.5,No significant complaints today.,0
PAT-00071,2024-01-05 09:34:09,94.6,67,36.0,128/79,97,87.5,No symptoms reported. Vitals are within expected range.,0
PAT-00071,2024-01-06 08:53:10,95.1,105,36.8,184/107,100,87.5,"Observes palpitations, chest pain, severe headache. worsening symptoms present.",1
PAT-00071,2024-01-07 09:04:03,95.9,93,36.5,142/93,138,87.5,Reports blurred vision.,0
PAT-00071,2024-01-08 10:21:52,99.9,90,37.3,111/72,82,87.5,Patient denies any symptoms or discomfort.,0
PAT-00071,2024-01-09 10:17:05,96.7,69,36.8,180/119,72,87.5,Patient notes that vision issues.,1
PAT-00071,2024-01-10 09:49:11,98.9,110,36.6,126/76,97,87.5,Indicates anxiety.,0
PAT-00071,2024-01-11 10:09:03,94.2,55,37.2,117/78,78,87.5,Vitals remain within acceptable limits. No issues noted.,0
PAT-00071,2024-01-12 09:28:38,97.4,69,36.4,122/75,71,87.5,Patient is feeling well with all parameters stable.,0
PAT-00071,2024-01-13 10:25:48,96.0,56,36.7,114/74,81,87.5,Patient denies any symptoms or discomfort.,0
PAT-00071,2024-01-14 08:47:55,98.2,57,36.9,130/85,150,87.5,"Patient describes severe blurred vision, dry mouth, frequent urination. worsening symptoms present.",1
PAT-00071,2024-01-15 10:44:59,96.4,79,36.7,112/78,70,87.5,Patient denies any symptoms or discomfort.,0
PAT-00071,2024-01-16 10:34:16,98.4,51,36.9,166/106,76,87.5,"Reports fatigue, chest tightness.",1
PAT-00071,2024-01-17 09:22:45,95.0,52,37.1,116/81,99,87.5,Reports fatigue.,1
PAT-00071,2024-01-18 08:29:00,97.0,53,37.2,115/73,72,87.5,"This morning, slow pulse.",0
PAT-00071,2024-01-19 08:14:48,91.8,73,35.9,117/80,74,87.5,"Patient notes that dizziness, lowered energy.",1
PAT-00071,2024-01-20 08:13:28,98.3,62,36.6,127/79,145,87.5,Patient describes dry mouth.,0
PAT-00071,2024-01-21 08:55:37,100.0,55,35.5,161/104,97,87.5,"Patient describes lowered energy, headaches.",0
PAT-00071,2024-01-22 08:27:17,99.0,69,37.4,131/88,84,87.5,No significant complaints today.,0
PAT-00071,2024-01-23 08:25:30,96.4,107,37.2,113/74,98,87.5,Indicates restlessness.,0
PAT-00071,2024-01-24 08:58:11,95.1,51,38.2,110/75,90,87.5,"Reports lightheadedness, headache, chills.",1
PAT-00071,2024-01-25 09:33:59,93.0,103,36.3,115/80,93,87.5,Indicates restlessness.,0
PAT-00071,2024-01-26 09:55:52,94.0,97,35.8,147/88,98,87.5,"This morning, mild coldness.",0
PAT-00071,2024-01-27 09:26:01,89.5,70,37.3,117/84,93,87.5,Indicates shortness of breath.,0
PAT-00071,2024-01-28 10:34:46,99.4,110,36.4,123/82,91,87.5,Indicates palpitations.,0
PAT-00071,2024-01-29 08:25:55,95.9,105,38.4,117/82,86,87.5,"Patient describes palpitations, fever, muscle aches.",1
PAT-00071,2024-01-30 08:05:42,94.8,52,37.8,115/77,90,87.5,"This morning, fatigue, night sweats.",1
PAT-00072,2024-01-01 09:43:55,95.4,81,36.9,121/70,124,90.4,Patient denies any symptoms or discomfort.,0
PAT-00072,2024-01-02 09:59:06,99.2,81,37.0,138/91,118,90.4,No symptoms reported. Vitals are within expected range.,0
PAT-00072,2024-01-03 10:41:49,100.0,89,36.4,115/72,88,90.4,No significant complaints today.,0
PAT-00072,2024-01-04 10:25:29,96.4,59,36.8,111/78,77,90.4,Patient denies any symptoms or discomfort.,0
PAT-00072,2024-01-05 10:34:18,94.5,85,36.9,177/100,75,90.4,Patient describes chest tightness.,0
PAT-00072,2024-01-06 08:38:44,97.6,97,38.8,127/83,93,90.4,"Notes severe discomfort, muscle aches. worsening symptoms present.",0
PAT-00072,2024-01-07 09:56:38,95.5,55,36.8,187/119,86,90.4,"Reports chest pain, severe headache. worsening symptoms present.",1
PAT-00072,2024-01-08 09:22:28,95.0,80,38.8,147/93,84,90.4,"Reports fever, headache.",1
PAT-00072,2024-01-09 08:15:57,94.9,77,37.9,142/92,82,90.4,"Today, patient states night sweats.",0
PAT-00072,2024-01-10 10:11:01,97.0,109,36.6,144/89,82,90.4,Reports palpitations.,1
PAT-00072,2024-01-11 10:29:31,95.8,109,36.3,147/92,112,90.4,"This morning, anxiety.",0
PAT-00072,2024-01-12 10:58:27,96.4,76,36.5,125/74,96,90.4,No significant complaints today.,0
PAT-00072,2024-01-13 10:36:12,93.8,75,35.7,111/80,91,90.4,Observes mild coldness.,0
PAT-00072,2024-01-14 10:40:50,95.4,67,36.5,121/71,122,90.4,No symptoms reported. Vitals are within expected range.,0
PAT-00072,2024-01-15 10:57:55,94.6,55,39.0,142/91,93,90.4,"Indicates severe discomfort, muscle aches. worsening symptoms present.",0
PAT-00072,2024-01-16 08:43:07,94.6,95,36.7,168/117,105,90.4,Patient notes that vision issues.,0
PAT-00072,2024-01-17 09:16:11,94.3,58,37.7,172/114,88,90.4,"This morning, night sweats, chest tightness.",0
PAT-00072,2024-01-18 10:18:11,97.2,110,37.1,117/74,91,90.4,Notes anxiety.,0
PAT-00072,2024-01-19 08:55:12,94.3,107,36.6,128/73,80,90.4,"This morning, restlessness.",0
PAT-00072,2024-01-20 10:43:58,97.4,70,37.2,115/80,93,90.4,Patient is feeling well with all parameters stable.,0
PAT-00072,2024-01-21 09:24:10,96.0,108,38.7,115/82,88,90.4,"Patient notes that palpitations, chills, muscle aches.",0
PAT-00072,2024-01-22 10:06:35,95.3,82,36.6,122/81,111,90.4,Vitals remain within acceptable limits. No issues noted.,0
PAT-00072,2024-01-23 10:16:24,97.4,58,38.1,120/70,119,90.4,"Notes muscle aches, headache.",0
PAT-00072,2024-01-24 08:00:12,97.2,69,37.5,130/73,98,90.4,Reports body aches.,0
PAT-00072,2024-01-25 08:58:30,94.3,79,36.1,145/87,71,90.4,Patient denies any symptoms or discomfort.,0
PAT-00072,2024-01-26 10:21:37,94.5,97,37.2,168/101,131,90.4,"Observes headaches, blurred vision.",1
PAT-00072,2024-01-27 09:18:29,96.2,51,38.8,120/80,138,90.4,"Today, patient states lightheadedness, chills, severe discomfort, dry mouth. worsening symptoms present.",0
PAT-00072,2024-01-28 09:46:54,96.9,90,36.5,126/73,77,90.4,Vitals remain within acceptable limits. No issues noted.,0
PAT-00072,2024-01-29 09:02:01,94.6,59,35.8,118/74,92,90.4,Notes mild coldness.,0
PAT-00072,2024-01-30 08:02:49,95.3,101,36.9,135/92,82,90.4,Reports anxiety.,0
PAT-00073,2024-01-01 10:30:35,92.8,91,36.5,129/74,94,61.8,No symptoms reported. Vitals are within expected range.,0
PAT-00073,2024-01-02 09:23:08,94.0,67,38.1,146/93,161,61.8,"This morning, muscle aches, headache, severe blurred vision, dry mouth, frequent urination. worsening symptoms present.",0
PAT-00073,2024-01-03 09:35:51,95.4,56,37.1,123/71,80,61.8,Vitals remain within acceptable limits. No issues noted.,0
PAT-00073,2024-01-04 10:28:17,94.5,69,36.1,115/74,85,61.8,Patient denies any symptoms or discomfort.,0
PAT-00073,2024-01-05 09:47:57,95.0,98,36.0,177/120,80,61.8,Observes vision issues.,0
PAT-00073,2024-01-06 09:50:45,97.4,109,38.3,119/75,86,61.8,"Reports palpitations, muscle aches, fever.",0
PAT-00073,2024-01-07 09:21:01,95.2,94,37.3,130/85,101,61.8,No significant complaints today.,0
PAT-00073,2024-01-08 09:40:14,94.7,78,37.2,130/77,102,61.8,Patient is feeling well with all parameters stable.,0
PAT-00073,2024-01-09 10:56:52,97.6,51,36.5,120/80,72,61.8,Patient describes lightheadedness.,0
PAT-00073,2024-01-10 09:02:33,96.7,66,37.1,130/83,87,61.8,No symptoms reported. Vitals are within expected range.,0
PAT-00073,2024-01-11 09:19:18,96.3,58,36.4,126/82,112,61.8,Patient is feeling well with all parameters stable.,0
PAT-00073,2024-01-12 09:54:44,97.2,97,38.3,143/92,98,61.8,"Observes headache, muscle aches.",1
PAT-00073,2024-01-13 08:08:23,96.9,106,37.7,115/81,109,61.8,"Today, patient states palpitations, mild fever.",0
PAT-00073,2024-01-14 08:45:34,98.2,85,37.3,113/74,138,61.8,"This morning, blurred vision.",0
PAT-00073,2024-01-15 08:56:53,96.8,110,37.7,110/79,165,61.8,"Observes palpitations, mild fever, severe blurred vision, dry mouth, frequent urination. worsening symptoms present.",1
PAT-00073,2024-01-16 08:33:15,99.3,56,37.3,118/85,75,61.8,Patient denies any symptoms or discomfort.,0
PAT-00073,2024-01-17 09:22:01,95.6,107,36.5,115/85,82,61.8,Reports anxiety.,0
PAT-00073,2024-01-18 08:50:11,96.7,88,37.6,171/115,114,61.8,"Patient notes that night sweats, headaches.",0
PAT-00073,2024-01-19 09:30:08,98.4,102,37.2,114/71,146,61.8,"Reports palpitations, frequent urination.",0
PAT-00073,2024-01-20 10:47:29,95.1,102,36.6,188/117,77,61.8,"Reports anxiety, chest pain, severe headache. immediate attention may be needed.",0
PAT-00073,2024-01-21 10:55:11,94.5,82,37.3,174/103,120,61.8,"This morning, headaches.",0
PAT-00073,2024-01-22 10:13:12,95.7,74,36.7,116/75,179,61.8,"Patient describes severe blurred vision, dry mouth, frequent urination. immediate attention may be needed.",0
PAT-00073,2024-01-23 08:09:36,94.5,108,37.1,189/119,139,61.8,"This morning, anxiety, chest pain, severe headache, dry mouth. worsening symptoms present.",1
PAT-00073,2024-01-24 10:27:51,96.2,100,37.2,181/118,102,61.8,"Notes chest pain, severe headache. immediate attention may be needed.",0
PAT-00073,2024-01-25 10:09:15,99.2,95,36.7,120/81,92,61.8,Patient denies any symptoms or discomfort.,0
PAT-00073,2024-01-26 10:13:20,94.2,58,36.4,119/78,83,61.8,Vitals remain within acceptable limits. No issues noted.,0
PAT-00073,2024-01-27 10:41:29,94.0,105,36.0,117/75,95,61.8,Notes restlessness.,0
PAT-00073,2024-01-28 08:36:21,95.6,54,36.8,138/94,95,61.8,Reports fatigue.,0
PAT-00073,2024-01-29 09:38:52,98.2,108,36.9,144/85,137,61.8,"Indicates anxiety, blurred vision.",0
PAT-00073,2024-01-30 08:21:15,98.9,81,38.7,188/119,84,61.8,"Reports severe discomfort, headache, chest pain, severe headache. immediate attention may be needed.",0
PAT-00074,2024-01-01 10:57:52,94.9,70,37.0,114/77,104,71.0,No symptoms reported. Vitals are within expected range.,0
PAT-00074,2024-01-02 10:48:06,97.6,94,35.6,121/82,123,71.0,"Today, patient states mild coldness.",0
PAT-00074,2024-01-03 08:16:48,95.4,77,36.7,125/84,86,71.0,No significant complaints today.,0
PAT-00074,2024-01-04 10:13:44,96.9,101,35.6,146/90,75,71.0,"Patient describes palpitations, lowered energy.",0
PAT-00074,2024-01-05 08:12:01,94.9,98,36.2,119/77,112,71.0,Patient denies any symptoms or discomfort.,0
PAT-00074,2024-01-06 10:20:07,93.9,74,37.0,112/81,105,71.0,Patient denies any symptoms or discomfort.,0
PAT-00074,2024-01-07 08:01:49,98.6,64,38.7,180/118,75,71.0,"Patient describes severe discomfort, muscle aches, vision issues. immediate attention may be needed.",0
PAT-00074,2024-01-08 08:30:17,95.9,80,37.3,187/116,76,71.0,"Patient describes chest pain, severe headache. worsening symptoms present.",0
PAT-00074,2024-01-09 08:58:00,94.8,78,35.8,173/115,72,71.0,"Indicates mild coldness, vision issues.",0
PAT-00074,2024-01-10 08:09:25,97.2,61,36.5,130/74,93,71.0,No symptoms reported. Vitals are within expected range.,0
PAT-00074,2024-01-11 08:10:07,97.0,60,36.6,124/83,114,71.0,No symptoms reported. Vitals are within expected range.,0
PAT-00074,2024-01-12 08:38:49,94.9,92,35.9,163/103,82,71.0,"This morning, lowered energy, chest tightness.",0
PAT-00074,2024-01-13 08:07:39,96.9,83,37.0,161/114,104,71.0,Patient notes that vision issues.,1
PAT-00074,2024-01-14 10:48:28,95.8,53,37.1,116/76,71,71.0,"Today, patient states fatigue.",0
PAT-00074,2024-01-15 09:13:34,94.6,60,37.2,115/84,120,71.0,Patient denies any symptoms or discomfort.,0
PAT-00074,2024-01-16 08:09:48,98.0,85,35.9,119/75,73,71.0,Notes mild coldness.,0
PAT-00074,2024-01-17 10:43:25,94.9,60,36.0,126/74,110,71.0,Patient denies any symptoms or discomfort.,0
PAT-00074,2024-01-18 10:20:08,95.6,64,37.1,149/89,82,71.0,No symptoms reported. Vitals are within expected range.,0
PAT-00074,2024-01-19 10:12:44,93.4,101,36.8,121/82,125,71.0,Patient describes palpitations.,1
PAT-00074,2024-01-20 08:45:42,97.8,78,36.5,149/90,74,71.0,No symptoms reported. Vitals are within expected range.,0
PAT-00074,2024-01-21 08:14:29,98.7,63,36.9,134/89,106,71.0,No significant complaints today.,0
PAT-00074,2024-01-22 10:20:34,94.1,101,35.6,142/89,174,71.0,"Patient describes palpitations, mild coldness, severe blurred vision, dry mouth, frequent urination. immediate attention may be needed.",0
PAT-00074,2024-01-23 08:56:47,93.6,84,38.8,134/85,135,71.0,"Reports headache, fever, dry mouth.",1
PAT-00074,2024-01-24 08:30:14,95.4,107,35.6,145/89,71,71.0,"Indicates palpitations, mild coldness.",0
PAT-00074,2024-01-25 08:27:27,89.2,87,37.8,128/70,113,71.0,"This morning, shortness of breath, mild fever.",1
PAT-00074,2024-01-26 10:41:57,95.1,93,37.2,170/110,142,71.0,"Patient describes chest tightness, frequent urination.",1
PAT-00074,2024-01-27 10:55:18,97.7,91,36.5,117/71,133,71.0,Patient notes that blurred vision.,0
PAT-00074,2024-01-28 09:31:36,92.5,89,36.8,130/84,149,71.0,Notes dry mouth.,0
PAT-00074,2024-01-29 09:28:37,97.8,81,35.9,141/90,79,71.0,"This morning, lowered energy.",0
PAT-00074,2024-01-30 09:30:53,93.1,93,36.1,134/89,84,71.0,No symptoms reported. Vitals are within expected range.,0
PAT-00075,2024-01-01 08:02:35,97.0,61,37.3,184/103,95,96.7,"Reports chest pain, severe headache. immediate attention may be needed.",0
PAT-00075,2024-01-02 08:51:58,97.3,83,35.6,123/77,73,96.7,Observes lowered energy.,0
PAT-00075,2024-01-03 08:31:10,95.2,73,37.4,126/71,87,96.7,Patient denies any symptoms or discomfort.,0
PAT-00075,2024-01-04 08:51:46,100.0,81,35.5,121/84,73,96.7,Patient describes mild coldness.,0
PAT-00075,2024-01-05 08:21:45,99.0,61,37.3,174/102,138,96.7,"Observes vision issues, blurred vision.",0
PAT-00075,2024-01-06 08:03:29,95.8,82,36.1,167/110,131,96.7,"Patient notes that chest tightness, dry mouth.",0
PAT-00075,2024-01-07 09:31:19,96.4,66,36.5,122/75,103,96.7,No symptoms reported. Vitals are within expected range.,0
PAT-00075,2024-01-08 08:36:27,98.6,52,37.9,171/117,97,96.7,"Indicates slow pulse, body aches, headaches.",0
PAT-00075,2024-01-09 09:38:16,95.8,105,37.2,110/76,103,96.7,Patient describes anxiety.,0
PAT-00075,2024-01-10 10:51:55,94.3,53,36.2,129/82,75,96.7,Notes fatigue.,1
PAT-00075,2024-01-11 09:27:52,97.4,64,35.8,112/81,88,96.7,"Today, patient states mild coldness.",0
PAT-00075,2024-01-12 10:54:30,95.9,60,37.3,131/85,108,96.7,Vitals remain within acceptable limits. No issues noted.,0
PAT-00075,2024-01-13 09:06:19,93.3,90,37.1,120/70,174,96.7,"Reports severe blurred vision, dry mouth, frequent urination. worsening symptoms present.",1
PAT-00075,2024-01-14 08:28:37,94.6,75,35.7,124/73,108,96.7,Patient describes mild coldness.,0
PAT-00075,2024-01-15 09:37:15,97.6,77,37.5,127/72,122,96.7,Notes body aches.,0
PAT-00075,2024-01-16 09:15:42,96.9,92,35.9,140/87,71,96.7,Patient describes lowered energy.,0
PAT-00075,2024-01-17 09:41:53,94.0,109,36.6,125/82,95,96.7,Indicates anxiety.,1
PAT-00075,2024-01-18 10:04:12,94.4,74,36.5,128/84,169,96.7,"Reports severe blurred vision, dry mouth, frequent urination. worsening symptoms present.",0
PAT-00075,2024-01-19 09:38:35,99.9,99,35.5,133/91,99,96.7,Reports lowered energy.,0
PAT-00075,2024-01-20 09:18:03,92.5,105,35.6,125/78,77,96.7,"Patient notes that palpitations, mild coldness.",0
PAT-00075,2024-01-21 08:47:44,93.5,106,37.4,128/79,163,96.7,"Reports anxiety, severe blurred vision, dry mouth, frequent urination. worsening symptoms present.",1
PAT-00075,2024-01-22 09:51:00,94.6,62,35.6,182/108,136,96.7,"This morning, lowered energy, chest pain, severe headache, frequent urination. immediate attention may be needed.",0
PAT-00075,2024-01-23 09:03:32,91.6,104,35.8,127/75,73,96.7,"This morning, shortness of breath, restlessness, mild coldness.",0
PAT-00075,2024-01-24 10:01:40,95.7,110,36.5,118/73,180,96.7,"Reports anxiety, severe blurred vision, dry mouth, frequent urination. immediate attention may be needed.",1
PAT-00075,2024-01-25 10:44:48,93.9,79,38.8,178/116,119,96.7,"Reports severe discomfort, headache, chest tightness. immediate attention may be needed.",0
PAT-00075,2024-01-26 09:01:46,97.8,107,37.4,146/95,163,96.7,"Patient describes restlessness, severe blurred vision, dry mouth, frequent urination. worsening symptoms present.",1
PAT-00075,2024-01-27 08:34:59,96.8,72,38.6,138/89,87,96.7,"Reports chills, severe discomfort. immediate attention may be needed.",0
PAT-00075,2024-01-28 09:33:32,96.9,83,36.2,117/84,86,96.7,Vitals remain within acceptable limits. No issues noted.,0
PAT-00075,2024-01-29 08:34:11,97.8,91,38.8,130/89,117,96.7,"Indicates fever, headache.",0
PAT-00075,2024-01-30 10:05:53,93.2,95,37.6,136/91,88,96.7,Notes mild fever.,0
PAT-00076,2024-01-01 08:48:41,95.8,92,36.9,115/85,91,88.1,Patient is feeling well with all parameters stable.,0
PAT-00076,2024-01-02 10:42:27,95.0,77,38.2,126/74,114,88.1,"Patient describes headache, severe discomfort. immediate attention may be needed.",0
PAT-00076,2024-01-03 10:22:14,93.3,82,37.1,133/89,176,88.1,"Reports severe blurred vision, dry mouth, frequent urination. worsening symptoms present.",1
PAT-00076,2024-01-04 09:07:22,97.1,103,38.3,131/92,98,88.1,"Indicates anxiety, chills, severe discomfort. immediate attention may be needed.",0
PAT-00076,2024-01-05 10:35:35,98.7,67,35.9,120/82,148,88.1,"Observes mild coldness, dry mouth.",0
PAT-00076,2024-01-06 10:02:56,94.8,59,36.2,189/113,92,88.1,"Notes chest pain, severe headache. worsening symptoms present.",1
PAT-00076,2024-01-07 09:24:34,95.1,67,36.7,118/83,70,88.1,Vitals remain within acceptable limits. No issues noted.,0
PAT-00076,2024-01-08 10:19:09,99.4,51,36.8,174/100,74,88.1,"Reports slow pulse, headaches.",1
PAT-00076,2024-01-09 08:59:22,97.2,59,35.9,184/107,96,88.1,"Notes lowered energy, chest pain, severe headache. worsening symptoms present.",0
PAT-00076,2024-01-10 08:00:32,96.1,90,35.6,148/88,108,88.1,"Today, patient states lowered energy.",0
PAT-00076,2024-01-11 09:08:16,97.2,72,37.3,175/104,94,88.1,Indicates vision issues.,1
PAT-00076,2024-01-12 08:27:01,95.4,59,36.9,186/102,131,88.1,"Reports chest pain, severe headache, dry mouth. immediate attention may be needed.",0
PAT-00076,2024-01-13 08:37:57,94.3,97,36.4,121/75,96,88.1,Vitals remain within acceptable limits. No issues noted.,0
PAT-00076,2024-01-14 08:14:13,94.6,75,36.2,123/70,80,88.1,Patient is feeling well with all parameters stable.,0
PAT-00076,2024-01-15 08:58:16,96.8,100,36.1,127/73,112,88.1,No symptoms reported. Vitals are within expected range.,0
PAT-00076,2024-01-16 08:23:58,97.1,90,36.9,138/89,157,88.1,"This morning, severe blurred vision, dry mouth, frequent urination. immediate attention may be needed.",0
PAT-00076,2024-01-17 10:06:27,96.1,100,37.3,130/71,138,88.1,Notes frequent urination.,0
PAT-00076,2024-01-18 10:26:25,94.7,87,38.6,112/85,94,88.1,"This morning, headache, fever.",0
PAT-00076,2024-01-19 10:34:36,93.7,84,37.4,127/71,117,88.1,Vitals remain within acceptable limits. No issues noted.,0
PAT-00076,2024-01-20 09:53:35,95.3,52,37.8,113/78,72,88.1,"Observes fatigue, night sweats.",1
PAT-00076,2024-01-21 08:50:14,92.6,55,36.9,179/105,99,88.1,Observes headaches.,1
PAT-00076,2024-01-22 10:27:39,93.6,81,36.6,147/94,95,88.1,Patient denies any symptoms or discomfort.,0
PAT-00076,2024-01-23 09:44:39,95.2,77,36.6,124/79,99,88.1,Patient denies any symptoms or discomfort.,0
PAT-00076,2024-01-24 09:44:57,97.7,87,37.0,112/80,110,88.1,No significant complaints today.,0
PAT-00076,2024-01-25 10:03:07,94.5,63,37.9,129/74,93,88.1,"This morning, body aches.",0
PAT-00076,2024-01-26 10:49:30,95.2,71,36.4,137/91,98,88.1,No significant complaints today.,0
PAT-00076,2024-01-27 08:04:30,98.6,62,36.3,173/101,107,88.1,Observes vision issues.,1
PAT-00076,2024-01-28 09:15:26,95.8,82,36.3,130/74,132,88.1,Notes frequent urination.,0
PAT-00076,2024-01-29 10:03:24,93.4,57,36.5,110/71,70,88.1,Patient is feeling well with all parameters stable.,0
PAT-00076,2024-01-30 09:33:37,93.5,98,36.8,135/85,79,88.1,Vitals remain within acceptable limits. No issues noted.,0
PAT-00077,2024-01-01 10:55:17,95.2,58,38.3,129/83,113,83.6,"Patient describes headache, severe discomfort. immediate attention may be needed.",0
PAT-00077,2024-01-02 09:16:10,95.0,90,37.2,186/109,110,83.6,"Observes chest pain, severe headache. worsening symptoms present.",0
PAT-00077,2024-01-03 09:48:28,94.7,70,37.1,127/70,118,83.6,No significant complaints today.,0
PAT-00077,2024-01-04 09:14:12,98.4,85,37.9,126/70,113,83.6,"Today, patient states mild fever.",0
PAT-00077,2024-01-05 09:16:51,98.1,72,38.0,122/74,180,83.6,"Patient notes that chills, headache, severe blurred vision, dry mouth, frequent urination. worsening symptoms present.",0
PAT-00077,2024-01-06 08:06:25,98.6,80,37.1,120/81,140,83.6,Patient describes blurred vision.,0
PAT-00077,2024-01-07 10:27:10,90.2,87,36.1,135/86,75,83.6,Notes shortness of breath.,1
PAT-00077,2024-01-08 09:27:56,94.7,75,36.9,145/89,112,83.6,No significant complaints today.,0
PAT-00077,2024-01-09 10:04:24,92.9,60,36.7,163/102,105,83.6,Reports headaches.,0
PAT-00077,2024-01-10 10:52:16,96.4,107,36.8,146/95,82,83.6,Patient describes palpitations.,0
PAT-00077,2024-01-11 10:00:06,98.6,57,37.1,128/82,156,83.6,"Indicates severe blurred vision, dry mouth, frequent urination. worsening symptoms present.",0
PAT-00077,2024-01-12 08:12:55,96.9,62,36.5,115/81,84,83.6,No significant complaints today.,0
PAT-00077,2024-01-13 09:08:45,97.0,73,36.8,118/75,166,83.6,"Observes severe blurred vision, dry mouth, frequent urination. immediate attention may be needed.",0
PAT-00077,2024-01-14 10:07:58,96.4,95,35.6,131/88,86,83.6,"Today, patient states lowered energy.",0
PAT-00077,2024-01-15 09:21:14,95.5,56,36.4,141/94,93,83.6,Patient denies any symptoms or discomfort.,0
PAT-00077,2024-01-16 08:29:35,94.9,71,37.4,130/75,111,83.6,Patient denies any symptoms or discomfort.,0
PAT-00077,2024-01-17 08:19:08,96.9,93,38.5,127/77,86,83.6,"Patient notes that muscle aches, severe discomfort. worsening symptoms present.",1
PAT-00077,2024-01-18 09:03:02,95.4,103,37.4,118/79,90,83.6,Notes restlessness.,1
PAT-00077,2024-01-19 09:47:09,94.1,87,38.3,116/72,73,83.6,"This morning, chills, severe discomfort. worsening symptoms present.",1
PAT-00077,2024-01-20 09:18:49,94.8,77,36.9,129/85,169,83.6,"Reports severe blurred vision, dry mouth, frequent urination. immediate attention may be needed.",0
PAT-00077,2024-01-21 09:48:13,95.8,53,35.8,139/95,90,83.6,"Indicates slow pulse, mild coldness.",1
PAT-00077,2024-01-22 08:55:53,93.4,58,38.4,127/82,169,83.6,"Indicates chills, fever, severe blurred vision, dry mouth, frequent urination. immediate attention may be needed.",0
PAT-00077,2024-01-23 08:41:34,94.5,50,37.7,112/82,107,83.6,"Patient notes that lightheadedness, night sweats.",1
PAT-00077,2024-01-24 08:02:24,95.3,109,38.8,117/80,172,83.6,"Notes anxiety, severe discomfort, chills, severe blurred vision, dry mouth, frequent urination. worsening symptoms present.",0
PAT-00077,2024-01-25 08:21:54,96.1,67,38.1,119/70,71,83.6,"Observes fever, severe discomfort. immediate attention may be needed.",0
PAT-00077,2024-01-26 10:18:32,100.0,92,37.9,123/81,75,83.6,Notes night sweats.,0
PAT-00077,2024-01-27 10:23:16,92.4,68,37.2,123/71,117,83.6,Patient denies any symptoms or discomfort.,0
PAT-00077,2024-01-28 09:44:04,98.0,105,37.3,129/76,84,83.6,Reports anxiety.,0
PAT-00077,2024-01-29 10:41:48,96.4,60,35.6,170/107,167,83.6,"Indicates mild coldness, chest tightness, severe blurred vision, dry mouth, frequent urination. worsening symptoms present.",0
PAT-00077,2024-01-30 10:42:16,99.0,58,36.7,122/83,88,83.6,Patient denies any symptoms or discomfort.,0
PAT-00078,2024-01-01 08:19:20,96.4,75,37.1,128/74,96,117.1,No symptoms reported. Vitals are within expected range.,0
PAT-00078,2024-01-02 09:53:28,98.0,60,36.8,134/89,112,117.1,No symptoms reported. Vitals are within expected range.,0
PAT-00078,2024-01-03 08:55:46,97.0,109,35.8,147/91,171,117.1,"Notes restlessness, mild coldness, severe blurred vision, dry mouth, frequent urination. immediate attention may be needed.",0
PAT-00078,2024-01-04 08:53:35,95.1,60,37.7,117/84,75,117.1,"Today, patient states body aches.",0
PAT-00078,2024-01-05 08:09:07,97.7,80,37.9,127/85,70,117.1,"This morning, night sweats.",0
PAT-00078,2024-01-06 10:13:11,94.9,106,36.8,126/71,92,117.1,"Today, patient states anxiety.",1
PAT-00078,2024-01-07 08:02:52,96.0,63,35.7,110/75,77,117.1,Patient describes mild coldness.,0
PAT-00078,2024-01-08 10:33:24,95.3,104,37.1,143/91,103,117.1,Patient describes palpitations.,0
PAT-00078,2024-01-09 10:38:42,98.2,58,37.1,125/82,73,117.1,Patient denies any symptoms or discomfort.,0
PAT-00078,2024-01-10 08:52:18,90.4,66,35.8,121/82,95,117.1,"Patient describes shortness of breath, lowered energy.",1
PAT-00078,2024-01-11 08:57:35,96.9,69,36.8,189/110,90,117.1,"Today, patient states chest pain, severe headache. worsening symptoms present.",0
PAT-00078,2024-01-12 08:37:32,93.1,84,38.6,131/92,78,117.1,"Today, patient states headache, chills.",0
PAT-00078,2024-01-13 09:55:37,98.3,70,37.0,133/85,70,117.1,No symptoms reported. Vitals are within expected range.,0
PAT-00078,2024-01-14 09:53:48,95.8,72,36.1,135/85,81,117.1,No significant complaints today.,0
PAT-00078,2024-01-15 10:37:24,94.3,104,36.6,112/80,70,117.1,Patient describes anxiety.,1
PAT-00078,2024-01-16 10:24:27,99.5,68,37.0,112/72,126,117.1,Observes frequent urination.,0
PAT-00078,2024-01-17 09:55:05,95.0,82,36.8,162/107,79,117.1,Indicates chest tightness.,0
PAT-00078,2024-01-18 08:25:39,97.1,108,38.9,138/94,85,117.1,"Patient notes that palpitations, severe discomfort, fever. worsening symptoms present.",1
PAT-00078,2024-01-19 08:27:26,93.5,107,36.5,116/79,87,117.1,Observes palpitations.,0
PAT-00078,2024-01-20 10:36:39,96.3,102,37.2,115/82,89,117.1,Patient describes restlessness.,0
PAT-00078,2024-01-21 10:27:35,96.6,77,36.8,126/73,115,117.1,Patient denies any symptoms or discomfort.,0
PAT-00078,2024-01-22 08:23:01,92.7,71,36.9,148/91,137,117.1,Indicates dry mouth.,0
PAT-00078,2024-01-23 10:29:57,96.1,72,37.3,110/77,74,117.1,No symptoms reported. Vitals are within expected range.,0
PAT-00078,2024-01-24 08:27:56,97.6,82,35.9,121/84,97,117.1,Observes mild coldness.,0
PAT-00078,2024-01-25 08:35:54,97.2,60,36.9,128/81,99,117.1,No symptoms reported. Vitals are within expected range.,0
PAT-00078,2024-01-26 09:23:21,96.9,76,36.3,120/73,84,117.1,Vitals remain within acceptable limits. No issues noted.,0
PAT-00078,2024-01-27 09:45:05,92.3,81,36.1,114/85,79,117.1,Patient denies any symptoms or discomfort.,0
PAT-00078,2024-01-28 08:50:04,95.1,63,38.8,147/95,95,117.1,"Notes severe discomfort, chills. immediate attention may be needed.",0
PAT-00078,2024-01-29 10:37:25,99.2,52,35.8,143/89,75,117.1,"Indicates lightheadedness, mild coldness.",0
PAT-00078,2024-01-30 10:04:28,96.0,61,37.0,185/108,93,117.1,"Patient notes that chest pain, severe headache. immediate attention may be needed.",0
PAT-00079,2024-01-01 08:06:52,100.0,107,37.1,121/79,81,53.3,Patient describes restlessness.,1
PAT-00079,2024-01-02 10:08:00,95.4,87,37.1,178/104,134,53.3,"Patient describes headaches, dry mouth.",1
PAT-00079,2024-01-03 08:46:03,99.1,62,36.8,150/91,107,53.3,Vitals remain within acceptable limits. No issues noted.,0
PAT-00079,2024-01-04 09:03:29,93.8,65,37.0,116/74,78,53.3,Patient is feeling well with all parameters stable.,0
PAT-00079,2024-01-05 10:10:58,97.6,107,37.0,129/80,98,53.3,Notes anxiety.,0
PAT-00079,2024-01-06 08:31:33,96.0,60,38.3,146/87,75,53.3,"Today, patient states muscle aches, headache.",0
PAT-00079,2024-01-07 09:04:24,96.7,90,37.2,127/81,100,53.3,No symptoms reported. Vitals are within expected range.,0
PAT-00079,2024-01-08 08:50:22,98.1,90,37.0,177/120,92,53.3,Reports chest tightness.,0
PAT-00079,2024-01-09 09:00:39,93.4,52,37.2,124/73,96,53.3,Reports slow pulse.,0
PAT-00079,2024-01-10 09:05:47,95.5,88,35.6,131/90,107,53.3,Patient describes lowered energy.,0
PAT-00079,2024-01-11 08:12:02,98.1,61,35.9,124/72,95,53.3,Patient notes that lowered energy.,0
PAT-00079,2024-01-12 08:30:16,96.7,110,38.2,132/93,88,53.3,"Notes restlessness, severe discomfort, muscle aches. immediate attention may be needed.",0
PAT-00079,2024-01-13 10:09:51,96.9,78,36.8,126/84,83,53.3,Vitals remain within acceptable limits. No issues noted.,0
PAT-00079,2024-01-14 09:08:38,95.6,98,36.4,138/92,94,53.3,Vitals remain within acceptable limits. No issues noted.,0
PAT-00079,2024-01-15 10:05:39,95.4,58,37.8,134/92,76,53.3,Reports night sweats.,0
PAT-00079,2024-01-16 10:49:04,96.1,91,36.5,118/80,101,53.3,No significant complaints today.,0
PAT-00079,2024-01-17 10:42:39,97.5,72,36.5,117/75,72,53.3,No significant complaints today.,0
PAT-00079,2024-01-18 08:56:50,95.3,85,36.6,141/92,78,53.3,No significant complaints today.,0
PAT-00079,2024-01-19 08:26:33,96.6,61,36.9,122/78,87,53.3,No symptoms reported. Vitals are within expected range.,0
PAT-00079,2024-01-20 10:27:28,94.6,96,37.3,178/117,77,53.3,Notes vision issues.,0
PAT-00079,2024-01-21 10:32:12,95.9,77,36.5,139/87,110,53.3,Vitals remain within acceptable limits. No issues noted.,0
PAT-00079,2024-01-22 10:54:19,97.1,72,37.6,114/71,80,53.3,Patient describes night sweats.,0
PAT-00079,2024-01-23 09:59:17,95.0,91,37.0,122/81,84,53.3,No significant complaints today.,0
PAT-00079,2024-01-24 08:23:25,95.0,52,36.7,166/118,137,53.3,"Patient describes slow pulse, chest tightness, frequent urination.",1
PAT-00079,2024-01-25 09:57:49,100.0,100,36.5,113/71,85,53.3,No symptoms reported. Vitals are within expected range.,0
PAT-00079,2024-01-26 10:38:06,97.6,88,38.6,117/73,102,53.3,"Observes fever, headache.",0
PAT-00079,2024-01-27 10:01:09,94.9,55,37.2,185/109,92,53.3,"Indicates chest pain, severe headache. worsening symptoms present.",0
PAT-00079,2024-01-28 08:43:44,97.6,52,36.9,135/95,70,53.3,Patient notes that fatigue.,0
PAT-00079,2024-01-29 09:52:58,96.9,89,36.7,118/72,91,53.3,No symptoms reported. Vitals are within expected range.,0
PAT-00079,2024-01-30 08:42:08,95.2,95,35.5,124/80,95,53.3,Patient describes lowered energy.,0
PAT-00080,2024-01-01 09:48:51,94.3,50,36.7,112/80,73,69.4,"Today, patient states fatigue.",1
PAT-00080,2024-01-02 08:58:56,98.1,101,35.6,150/95,91,69.4,"Indicates anxiety, lowered energy.",0
PAT-00080,2024-01-03 10:21:02,96.8,104,37.4,119/71,96,69.4,Reports restlessness.,0
PAT-00080,2024-01-04 10:12:54,90.6,94,36.8,144/94,161,69.4,"Patient notes that shortness of breath, severe blurred vision, dry mouth, frequent urination. worsening symptoms present.",1
PAT-00080,2024-01-05 10:43:23,96.4,80,36.8,110/77,91,69.4,No symptoms reported. Vitals are within expected range.,0
PAT-00080,2024-01-06 08:25:18,93.2,90,37.2,129/76,79,69.4,Patient is feeling well with all parameters stable.,0
PAT-00080,2024-01-07 10:57:37,96.2,51,35.9,110/78,148,69.4,"Observes lightheadedness, mild coldness, blurred vision.",1
PAT-00080,2024-01-08 10:44:48,97.8,99,36.8,162/102,160,69.4,"Reports headaches, severe blurred vision, dry mouth, frequent urination. worsening symptoms present.",0
PAT-00080,2024-01-09 10:21:56,95.2,59,37.8,149/87,160,69.4,"Patient notes that night sweats, severe blurred vision, dry mouth, frequent urination. worsening symptoms present.",1
PAT-00080,2024-01-10 08:58:23,94.1,81,35.9,128/80,74,69.4,Patient notes that mild coldness.,0
PAT-00080,2024-01-11 08:03:26,95.3,57,36.9,178/118,70,69.4,Patient describes vision issues.,0
PAT-00080,2024-01-12 09:58:58,95.9,107,37.9,131/86,87,69.4,"Indicates restlessness, body aches.",0
PAT-00080,2024-01-13 08:49:44,96.0,97,37.0,175/116,108,69.4,"This morning, vision issues.",0
PAT-00080,2024-01-14 08:42:12,95.0,108,38.5,139/89,118,69.4,"Patient describes anxiety, muscle aches, chills.",0
PAT-00080,2024-01-15 09:29:24,93.7,84,36.6,135/90,80,69.4,Patient is feeling well with all parameters stable.,0
PAT-00080,2024-01-16 08:40:22,100.0,90,36.0,112/85,106,69.4,No significant complaints today.,0
PAT-00080,2024-01-17 09:08:57,95.5,72,36.8,165/109,132,69.4,"Notes headaches, frequent urination.",0
PAT-00080,2024-01-18 08:40:11,91.3,60,38.2,128/74,107,69.4,"Reports shortness of breath, muscle aches, severe discomfort. immediate attention may be needed.",1
PAT-00080,2024-01-19 10:50:02,97.3,78,38.0,131/95,113,69.4,"Today, patient states fever, muscle aches.",0
PAT-00080,2024-01-20 10:35:58,96.7,73,37.2,176/108,77,69.4,"This morning, chest tightness.",0
PAT-00080,2024-01-21 08:05:24,93.3,56,36.6,124/77,125,69.4,Patient denies any symptoms or discomfort.,0
PAT-00080,2024-01-22 08:18:57,99.2,100,37.3,190/114,80,69.4,"Indicates chest pain, severe headache. immediate attention may be needed.",1
PAT-00080,2024-01-23 10:55:11,96.7,92,37.2,115/83,109,69.4,Vitals remain within acceptable limits. No issues noted.,0
PAT-00080,2024-01-24 08:14:53,95.3,67,36.2,123/75,95,69.4,Patient is feeling well with all parameters stable.,0
PAT-00080,2024-01-25 09:23:22,93.9,58,36.5,165/102,78,69.4,Indicates headaches.,1
PAT-00080,2024-01-26 10:38:08,96.9,60,37.2,124/73,72,69.4,Patient is feeling well with all parameters stable.,0
PAT-00080,2024-01-27 08:45:48,94.4,77,36.7,110/75,106,69.4,Patient is feeling well with all parameters stable.,0
PAT-00080,2024-01-28 08:41:50,95.9,59,37.0,115/72,111,69.4,Patient denies any symptoms or discomfort.,0
PAT-00080,2024-01-29 10:58:31,96.0,83,38.1,130/95,81,69.4,"Observes severe discomfort, fever. immediate attention may be needed.",0
PAT-00080,2024-01-30 08:32:27,95.4,53,36.7,177/111,80,69.4,"Reports slow pulse, vision issues.",0
PAT-00081,2024-01-01 09:36:47,96.0,74,36.0,145/87,92,49.0,Vitals remain within acceptable limits. No issues noted.,0
PAT-00081,2024-01-02 10:33:02,96.2,50,37.2,120/77,156,49.0,"Today, patient states slow pulse, severe blurred vision, dry mouth, frequent urination. immediate attention may be needed.",0
PAT-00081,2024-01-03 09:38:09,95.3,76,36.2,189/118,115,49.0,"This morning, chest pain, severe headache. worsening symptoms present.",0
PAT-00081,2024-01-04 09:21:56,94.5,69,37.7,131/95,73,49.0,"This morning, body aches.",0
PAT-00081,2024-01-05 09:10:00,94.4,50,38.1,115/76,119,49.0,"Today, patient states fatigue, severe discomfort, chills. immediate attention may be needed.",0
PAT-00081,2024-01-06 08:03:16,99.9,62,36.2,118/78,157,49.0,"Notes severe blurred vision, dry mouth, frequent urination. worsening symptoms present.",0
PAT-00081,2024-01-07 10:08:59,96.6,106,36.7,113/72,83,49.0,"Today, patient states restlessness.",0
PAT-00081,2024-01-08 10:08:47,96.7,60,37.1,130/87,71,49.0,No symptoms reported. Vitals are within expected range.,0
PAT-00081,2024-01-09 09:59:45,99.2,82,36.8,114/77,104,49.0,Vitals remain within acceptable limits. No issues noted.,0
PAT-00081,2024-01-10 09:22:54,97.4,52,37.0,113/77,149,49.0,"Patient describes slow pulse, blurred vision.",0
PAT-00081,2024-01-11 08:32:05,94.1,103,37.4,120/71,113,49.0,Observes restlessness.,0
PAT-00081,2024-01-12 10:52:03,94.6,71,36.1,129/77,179,49.0,"Indicates severe blurred vision, dry mouth, frequent urination. immediate attention may be needed.",0
PAT-00081,2024-01-13 09:25:57,95.8,108,37.0,113/77,74,49.0,Patient describes palpitations.,1
PAT-00081,2024-01-14 10:05:26,92.1,81,37.0,112/85,145,49.0,Patient describes dry mouth.,0
PAT-00081,2024-01-15 08:37:47,95.3,90,35.9,176/106,73,49.0,"Today, patient states mild coldness, headaches.",0
PAT-00081,2024-01-16 10:34:52,97.0,98,38.1,112/82,112,49.0,"Reports chills, severe discomfort. worsening symptoms present.",0
PAT-00081,2024-01-17 08:07:26,99.8,75,38.4,130/93,101,49.0,"Patient notes that muscle aches, headache.",1
PAT-00081,2024-01-18 09:53:58,94.7,72,36.1,124/71,150,49.0,"Today, patient states severe blurred vision, dry mouth, frequent urination. worsening symptoms present.",0
PAT-00081,2024-01-19 08:05:36,96.3,106,36.6,142/90,111,49.0,Notes palpitations.,0
PAT-00081,2024-01-20 09:19:41,97.7,50,35.8,144/91,82,49.0,"Today, patient states lightheadedness, lowered energy.",0
PAT-00081,2024-01-21 10:26:22,97.2,90,36.8,119/82,105,49.0,Patient is feeling well with all parameters stable.,0
PAT-00081,2024-01-22 08:54:10,95.3,102,38.9,134/91,98,49.0,"This morning, palpitations, fever, muscle aches.",0
PAT-00081,2024-01-23 09:42:08,95.9,55,37.2,150/93,92,49.0,No significant complaints today.,0
PAT-00081,2024-01-24 10:09:06,93.3,106,37.3,146/95,98,49.0,Indicates palpitations.,0
PAT-00081,2024-01-25 10:43:39,95.8,93,35.8,129/83,104,49.0,Notes mild coldness.,0
PAT-00081,2024-01-26 10:05:42,98.0,79,36.1,148/95,82,49.0,Patient is feeling well with all parameters stable.,0
PAT-00081,2024-01-27 08:35:21,95.2,85,36.0,167/104,93,49.0,Indicates headaches.,0
PAT-00081,2024-01-28 08:56:23,96.9,91,36.9,121/77,77,49.0,No significant complaints today.,0
PAT-00081,2024-01-29 08:52:02,95.5,97,36.1,132/86,122,49.0,Patient denies any symptoms or discomfort.,0
PAT-00081,2024-01-30 09:25:01,93.5,101,38.2,118/81,97,49.0,"Indicates restlessness, headache, muscle aches.",1
PAT-00082,2024-01-01 09:25:37,93.0,82,36.7,118/80,76,56.8,Patient is feeling well with all parameters stable.,0
PAT-00082,2024-01-02 09:23:36,96.3,75,35.9,187/108,82,56.8,"Observes lowered energy, chest pain, severe headache. worsening symptoms present.",1
PAT-00082,2024-01-03 08:27:13,95.6,98,36.9,134/86,105,56.8,No significant complaints today.,0
PAT-00082,2024-01-04 09:01:34,96.5,82,38.1,110/80,99,56.8,"Reports severe discomfort, muscle aches. worsening symptoms present.",1
PAT-00082,2024-01-05 08:48:25,95.3,109,36.5,114/80,125,56.8,Observes restlessness.,0
PAT-00082,2024-01-06 09:11:07,94.8,87,37.1,117/70,84,56.8,Patient is feeling well with all parameters stable.,0
PAT-00082,2024-01-07 08:23:49,94.4,82,38.4,148/86,78,56.8,"Reports chills, headache.",1
PAT-00082,2024-01-08 09:03:42,97.3,98,37.1,150/93,88,56.8,Patient is feeling well with all parameters stable.,0
PAT-00082,2024-01-09 08:26:52,99.3,93,37.3,119/80,98,56.8,Patient is feeling well with all parameters stable.,0
PAT-00082,2024-01-10 10:51:03,96.9,74,38.2,128/83,107,56.8,"Reports headache, chills.",0
PAT-00082,2024-01-11 10:57:01,97.2,60,37.0,177/120,169,56.8,"Reports vision issues, severe blurred vision, dry mouth, frequent urination. immediate attention may be needed.",1
PAT-00082,2024-01-12 10:52:22,97.6,95,36.9,164/103,102,56.8,Indicates headaches.,1
PAT-00082,2024-01-13 10:17:20,95.3,65,36.2,136/90,96,56.8,Patient is feeling well with all parameters stable.,0
PAT-00082,2024-01-14 09:56:57,95.9,76,37.9,124/78,143,56.8,"Indicates body aches, frequent urination.",0
PAT-00082,2024-01-15 09:12:41,97.0,95,35.5,130/70,122,56.8,Patient notes that lowered energy.,0
PAT-00082,2024-01-16 08:14:57,96.9,104,36.7,124/84,134,56.8,"Observes anxiety, dry mouth.",1
PAT-00082,2024-01-17 09:12:12,94.7,74,35.9,110/73,108,56.8,Patient describes mild coldness.,0
PAT-00082,2024-01-18 10:44:22,93.3,52,36.4,144/93,72,56.8,Patient notes that lightheadedness.,1
PAT-00082,2024-01-19 10:42:02,99.1,91,38.9,130/87,85,56.8,"Reports chills, severe discomfort. immediate attention may be needed.",1
PAT-00082,2024-01-20 09:29:42,97.9,87,38.0,136/86,83,56.8,"Today, patient states fever, muscle aches.",1
PAT-00082,2024-01-21 10:50:07,97.5,53,35.7,184/112,86,56.8,"Indicates slow pulse, mild coldness, chest pain, severe headache. worsening symptoms present.",0
PAT-00082,2024-01-22 08:12:07,97.3,66,36.5,122/81,81,56.8,Patient denies any symptoms or discomfort.,0
PAT-00082,2024-01-23 09:11:58,96.9,83,36.7,110/75,88,56.8,Patient is feeling well with all parameters stable.,0
PAT-00082,2024-01-24 09:08:46,97.5,101,36.8,129/81,96,56.8,"Today, patient states anxiety.",1
PAT-00082,2024-01-25 08:10:09,98.5,110,37.6,182/114,77,56.8,"Today, patient states anxiety, body aches, chest pain, severe headache. worsening symptoms present.",0
PAT-00082,2024-01-26 10:38:11,100.0,50,36.1,119/81,115,56.8,"Today, patient states slow pulse.",1
PAT-00082,2024-01-27 08:08:14,94.6,73,36.2,123/72,86,56.8,No symptoms reported. Vitals are within expected range.,0
PAT-00082,2024-01-28 09:25:05,95.7,89,36.6,131/93,114,56.8,Patient denies any symptoms or discomfort.,0
PAT-00082,2024-01-29 08:24:38,95.6,75,36.7,133/93,95,56.8,Patient is feeling well with all parameters stable.,0
PAT-00082,2024-01-30 09:02:06,97.4,60,37.1,175/103,104,56.8,Reports headaches.,0
PAT-00083,2024-01-01 10:14:57,94.9,58,36.8,181/117,120,80.5,"This morning, chest pain, severe headache. worsening symptoms present.",1
PAT-00083,2024-01-02 09:42:50,93.6,110,35.6,123/78,87,80.5,"Indicates restlessness, lowered energy.",0
PAT-00083,2024-01-03 09:48:16,97.7,94,35.6,134/88,106,80.5,"This morning, mild coldness.",0
PAT-00083,2024-01-04 10:32:01,92.8,80,35.7,163/119,144,80.5,"This morning, lowered energy, chest tightness, dry mouth.",0
PAT-00083,2024-01-05 10:43:40,96.7,87,38.5,115/75,172,80.5,"Patient describes muscle aches, headache, severe blurred vision, dry mouth, frequent urination. immediate attention may be needed.",0
PAT-00083,2024-01-06 10:21:13,96.6,101,37.0,130/71,98,80.5,"Today, patient states restlessness.",0
PAT-00083,2024-01-07 10:50:46,94.7,75,37.4,137/86,97,80.5,Patient denies any symptoms or discomfort.,0
PAT-00083,2024-01-08 08:17:25,97.1,105,36.8,168/103,96,80.5,"Indicates palpitations, chest tightness.",0
PAT-00083,2024-01-09 08:54:35,94.9,99,36.7,113/80,74,80.5,No symptoms reported. Vitals are within expected range.,0
PAT-00083,2024-01-10 08:49:24,94.1,95,38.8,122/71,86,80.5,"Today, patient states muscle aches, headache.",1
PAT-00083,2024-01-11 10:30:42,95.7,101,37.1,122/72,110,80.5,Notes anxiety.,0
PAT-00083,2024-01-12 08:23:20,96.6,98,35.6,178/102,125,80.5,"Reports mild coldness, vision issues.",0
PAT-00083,2024-01-13 09:46:17,96.3,62,35.7,112/80,80,80.5,Notes lowered energy.,0
PAT-00083,2024-01-14 10:05:36,95.5,83,36.9,122/76,118,80.5,Vitals remain within acceptable limits. No issues noted.,0
PAT-00083,2024-01-15 10:31:22,95.7,85,38.2,165/101,156,80.5,"Notes fever, chills, chest tightness, severe blurred vision, dry mouth, frequent urination. immediate attention may be needed.",1
PAT-00083,2024-01-16 08:42:00,97.4,62,36.4,129/85,103,80.5,No symptoms reported. Vitals are within expected range.,0
PAT-00083,2024-01-17 08:19:04,96.2,90,35.9,116/77,124,80.5,Observes lowered energy.,0
PAT-00083,2024-01-18 10:41:29,94.5,56,36.4,111/85,76,80.5,Patient is feeling well with all parameters stable.,0
PAT-00083,2024-01-19 09:31:57,94.0,57,36.7,117/72,95,80.5,Patient is feeling well with all parameters stable.,0
PAT-00083,2024-01-20 09:41:24,95.3,81,36.0,110/84,80,80.5,Patient denies any symptoms or discomfort.,0
PAT-00083,2024-01-21 09:22:15,97.7,60,35.5,116/79,76,80.5,Reports mild coldness.,0
PAT-00083,2024-01-22 09:21:19,96.0,66,36.1,110/80,105,80.5,No symptoms reported. Vitals are within expected range.,0
PAT-00083,2024-01-23 08:02:10,95.0,63,37.3,128/72,81,80.5,No significant complaints today.,0
PAT-00083,2024-01-24 09:51:24,96.5,98,37.1,169/118,90,80.5,Notes headaches.,1
PAT-00083,2024-01-25 10:03:00,98.2,94,36.6,123/84,82,80.5,No significant complaints today.,0
PAT-00083,2024-01-26 10:42:48,95.4,56,35.7,125/82,145,80.5,"Indicates lowered energy, frequent urination.",0
PAT-00083,2024-01-27 08:26:52,95.5,66,36.5,142/90,83,80.5,No significant complaints today.,0
PAT-00083,2024-01-28 09:02:01,97.0,56,37.3,167/111,80,80.5,"Today, patient states vision issues.",1
PAT-00083,2024-01-29 08:37:47,92.8,72,36.2,118/83,165,80.5,"This morning, severe blurred vision, dry mouth, frequent urination. worsening symptoms present.",0
PAT-00083,2024-01-30 09:05:07,93.8,110,37.3,128/81,74,80.5,Observes anxiety.,1
PAT-00084,2024-01-01 08:03:44,97.1,71,37.0,128/84,93,49.1,Patient is feeling well with all parameters stable.,0
PAT-00084,2024-01-02 09:22:07,95.3,65,37.1,126/75,114,49.1,Patient is feeling well with all parameters stable.,0
PAT-00084,2024-01-03 09:19:15,93.5,92,38.6,120/79,99,49.1,"Observes severe discomfort, muscle aches. immediate attention may be needed.",0
PAT-00084,2024-01-04 09:26:42,93.7,103,37.2,117/79,80,49.1,Notes restlessness.,0
PAT-00084,2024-01-05 09:45:16,93.7,85,36.8,132/89,165,49.1,"Reports severe blurred vision, dry mouth, frequent urination. immediate attention may be needed.",0
PAT-00084,2024-01-06 10:37:15,98.8,109,38.3,137/89,143,49.1,"Notes anxiety, headache, muscle aches, blurred vision.",1
PAT-00084,2024-01-07 09:01:33,98.5,107,36.0,165/104,140,49.1,"Observes palpitations, vision issues, dry mouth.",1
PAT-00084,2024-01-08 10:30:46,95.8,89,36.7,166/118,91,49.1,Notes vision issues.,1
PAT-00084,2024-01-09 08:06:00,96.4,88,37.4,128/84,134,49.1,"This morning, blurred vision.",0
PAT-00084,2024-01-10 09:48:02,99.3,105,37.1,140/89,180,49.1,"Patient notes that anxiety, severe blurred vision, dry mouth, frequent urination. immediate attention may be needed.",1
PAT-00084,2024-01-11 10:45:50,95.0,56,36.9,121/80,85,49.1,Patient is feeling well with all parameters stable.,0
PAT-00084,2024-01-12 08:15:00,95.9,61,35.8,119/78,162,49.1,"Notes lowered energy, severe blurred vision, dry mouth, frequent urination. immediate attention may be needed.",0
PAT-00084,2024-01-13 08:09:46,96.4,59,37.4,167/118,71,49.1,"This morning, chest tightness.",0
PAT-00084,2024-01-14 09:06:08,93.1,84,35.9,133/88,93,49.1,Patient notes that lowered energy.,0
PAT-00084,2024-01-15 09:33:45,98.1,109,38.2,122/76,147,49.1,"Observes anxiety, muscle aches, headache, blurred vision.",1
PAT-00084,2024-01-16 08:59:36,97.7,79,36.9,116/72,108,49.1,Patient denies any symptoms or discomfort.,0
PAT-00084,2024-01-17 09:12:16,92.4,100,37.6,172/112,77,49.1,"Today, patient states mild fever, chest tightness.",1
PAT-00084,2024-01-18 10:23:03,98.8,88,37.7,116/79,105,49.1,Observes mild fever.,0
PAT-00084,2024-01-19 10:47:08,96.3,61,37.2,137/88,79,49.1,No significant complaints today.,0
PAT-00084,2024-01-20 08:16:26,99.2,53,36.4,130/73,70,49.1,"Today, patient states fatigue.",0
PAT-00084,2024-01-21 10:37:26,95.3,106,36.5,122/70,71,49.1,Patient notes that anxiety.,1
PAT-00084,2024-01-22 08:36:55,94.7,98,37.0,172/118,129,49.1,"Reports chest tightness, frequent urination.",1
PAT-00084,2024-01-23 09:28:56,95.8,99,36.1,112/84,78,49.1,No symptoms reported. Vitals are within expected range.,0
PAT-00084,2024-01-24 09:13:53,96.3,100,37.4,131/87,107,49.1,No symptoms reported. Vitals are within expected range.,0
PAT-00084,2024-01-25 08:10:52,98.1,77,37.9,129/78,113,49.1,Patient notes that night sweats.,0
PAT-00084,2024-01-26 09:46:55,96.4,84,39.0,115/76,76,49.1,"Today, patient states chills, severe discomfort. immediate attention may be needed.",1
PAT-00084,2024-01-27 08:08:21,98.3,72,35.9,128/73,106,49.1,Patient describes mild coldness.,0
PAT-00084,2024-01-28 08:12:16,95.8,73,37.2,124/84,72,49.1,Vitals remain within acceptable limits. No issues noted.,0
PAT-00084,2024-01-29 09:23:59,93.2,86,38.7,160/114,180,49.1,"Patient notes that headache, chills, headaches, severe blurred vision, dry mouth, frequent urination. worsening symptoms present.",1
PAT-00084,2024-01-30 09:15:57,95.0,83,36.6,131/87,108,49.1,Patient is feeling well with all parameters stable.,0
PAT-00085,2024-01-01 08:05:57,96.1,65,38.2,137/94,161,58.4,"This morning, muscle aches, headache, severe blurred vision, dry mouth, frequent urination. immediate attention may be needed.",1
PAT-00085,2024-01-02 08:17:45,95.8,89,37.3,114/71,74,58.4,Vitals remain within acceptable limits. No issues noted.,0
PAT-00085,2024-01-03 08:51:37,93.1,90,38.9,112/84,92,58.4,"This morning, chills, severe discomfort. immediate attention may be needed.",0
PAT-00085,2024-01-04 09:03:28,97.4,86,39.0,123/78,91,58.4,"Reports severe discomfort, headache. worsening symptoms present.",0
PAT-00085,2024-01-05 09:41:40,98.0,105,36.8,120/78,83,58.4,"This morning, palpitations.",0
PAT-00085,2024-01-06 08:24:23,94.5,80,37.0,127/77,87,58.4,Patient is feeling well with all parameters stable.,0
PAT-00085,2024-01-07 10:30:40,94.7,52,37.4,120/72,105,58.4,Patient notes that lightheadedness.,1
PAT-00085,2024-01-08 10:50:44,96.3,55,39.0,122/82,94,58.4,"Notes severe discomfort, muscle aches. worsening symptoms present.",1
PAT-00085,2024-01-09 10:47:09,95.1,90,36.6,167/115,141,58.4,"Indicates vision issues, blurred vision.",0
PAT-00085,2024-01-10 08:50:11,92.5,93,36.7,164/102,102,58.4,Reports chest tightness.,0
PAT-00085,2024-01-11 10:02:15,95.2,82,36.4,171/117,113,58.4,Patient describes vision issues.,0
PAT-00085,2024-01-12 08:29:54,96.0,61,36.0,145/89,122,58.4,Patient is feeling well with all parameters stable.,0
PAT-00085,2024-01-13 10:09:22,96.4,63,37.4,178/119,89,58.4,Patient notes that headaches.,0
PAT-00085,2024-01-14 09:47:56,95.7,88,37.4,113/85,73,58.4,Patient is feeling well with all parameters stable.,0
PAT-00085,2024-01-15 08:57:31,96.6,90,37.0,122/78,107,58.4,Patient denies any symptoms or discomfort.,0
PAT-00085,2024-01-16 09:11:10,95.3,60,36.4,171/109,74,58.4,Reports chest tightness.,1
PAT-00085,2024-01-17 09:43:20,97.9,60,36.2,118/82,97,58.4,Patient is feeling well with all parameters stable.,0
PAT-00085,2024-01-18 10:47:00,94.0,82,36.5,177/106,76,58.4,Notes headaches.,0
PAT-00085,2024-01-19 08:19:32,98.0,86,37.0,126/85,86,58.4,No symptoms reported. Vitals are within expected range.,0
PAT-00085,2024-01-20 09:29:01,91.5,85,37.1,115/70,97,58.4,Observes dizziness.,0
PAT-00085,2024-01-21 10:22:04,99.2,79,35.7,120/76,176,58.4,"Indicates lowered energy, severe blurred vision, dry mouth, frequent urination. immediate attention may be needed.",0
PAT-00085,2024-01-22 10:57:11,95.2,102,36.8,143/95,168,58.4,"This morning, palpitations, severe blurred vision, dry mouth, frequent urination. worsening symptoms present.",1
PAT-00085,2024-01-23 10:47:20,96.4,73,36.1,167/108,75,58.4,Indicates headaches.,1
PAT-00085,2024-01-24 08:10:58,93.7,71,37.3,148/87,100,58.4,No symptoms reported. Vitals are within expected range.,0
PAT-00085,2024-01-25 09:22:34,98.5,92,36.9,114/74,100,58.4,Patient denies any symptoms or discomfort.,0
PAT-00085,2024-01-26 10:59:10,97.9,52,36.6,148/89,133,58.4,"Observes lightheadedness, dry mouth.",0
PAT-00085,2024-01-27 08:37:20,94.7,70,35.5,128/82,77,58.4,"Today, patient states lowered energy.",0
PAT-00085,2024-01-28 10:51:09,96.8,110,36.6,173/105,96,58.4,"Notes anxiety, vision issues.",0
PAT-00085,2024-01-29 08:02:27,96.7,72,37.0,112/80,91,58.4,Patient denies any symptoms or discomfort.,0
PAT-00085,2024-01-30 10:01:41,98.4,107,35.8,120/73,106,58.4,"Today, patient states palpitations, mild coldness.",1
PAT-00086,2024-01-01 08:02:17,96.0,78,36.6,127/77,171,63.4,"This morning, severe blurred vision, dry mouth, frequent urination. immediate attention may be needed.",0
PAT-00086,2024-01-02 10:05:11,93.2,52,38.7,163/105,95,63.4,"Reports lightheadedness, muscle aches, severe discomfort, vision issues. worsening symptoms present.",1
PAT-00086,2024-01-03 10:09:55,96.7,103,37.1,177/113,117,63.4,"Notes restlessness, headaches.",1
PAT-00086,2024-01-04 08:48:37,96.3,51,36.7,126/80,78,63.4,Patient describes slow pulse.,1
PAT-00086,2024-01-05 09:48:08,97.7,86,36.8,110/71,95,63.4,Patient is feeling well with all parameters stable.,0
PAT-00086,2024-01-06 10:59:32,97.7,105,36.1,124/85,141,63.4,"Patient notes that restlessness, frequent urination.",0
PAT-00086,2024-01-07 09:40:25,96.7,99,36.7,142/89,94,63.4,Patient denies any symptoms or discomfort.,0
PAT-00086,2024-01-08 09:46:08,96.0,96,38.1,119/75,73,63.4,"Observes severe discomfort, chills. worsening symptoms present.",0
PAT-00086,2024-01-09 08:04:12,93.5,65,36.0,130/89,92,63.4,No symptoms reported. Vitals are within expected range.,0
PAT-00086,2024-01-10 09:10:39,97.6,68,35.7,127/76,95,63.4,Notes mild coldness.,0
PAT-00086,2024-01-11 10:58:56,97.3,108,36.9,113/72,156,63.4,"Indicates anxiety, severe blurred vision, dry mouth, frequent urination. immediate attention may be needed.",1
PAT-00086,2024-01-12 09:37:39,96.1,109,36.0,129/78,88,63.4,Reports anxiety.,1
PAT-00086,2024-01-13 10:44:12,94.3,63,35.8,127/70,71,63.4,Observes mild coldness.,0
PAT-00086,2024-01-14 08:47:44,93.8,52,36.3,110/71,100,63.4,"Today, patient states fatigue.",0
PAT-00086,2024-01-15 10:21:12,93.0,58,37.9,122/76,97,63.4,Patient describes mild fever.,0
PAT-00086,2024-01-16 08:20:51,91.5,52,37.1,138/88,116,63.4,"Patient describes shortness of breath, slow pulse.",1
PAT-00086,2024-01-17 10:44:10,92.0,56,37.1,129/75,121,63.4,No symptoms reported. Vitals are within expected range.,0
PAT-00086,2024-01-18 09:25:34,98.6,103,37.1,115/84,124,63.4,"Today, patient states restlessness.",0
PAT-00086,2024-01-19 08:54:35,97.3,88,36.7,136/93,119,63.4,Patient is feeling well with all parameters stable.,0
PAT-00086,2024-01-20 08:52:30,92.9,103,37.1,132/93,110,63.4,Reports anxiety.,1
PAT-00086,2024-01-21 10:58:51,94.1,84,36.6,142/87,82,63.4,No symptoms reported. Vitals are within expected range.,0
PAT-00086,2024-01-22 08:27:35,99.2,54,38.8,190/103,70,63.4,"This morning, lightheadedness, chills, severe discomfort, chest pain, severe headache. immediate attention may be needed.",0
PAT-00086,2024-01-23 08:45:38,95.5,94,36.5,163/117,116,63.4,"Today, patient states vision issues.",1
PAT-00086,2024-01-24 08:29:47,96.5,79,37.1,112/85,110,63.4,Vitals remain within acceptable limits. No issues noted.,0
PAT-00086,2024-01-25 09:31:24,97.0,93,35.9,130/71,113,63.4,"This morning, lowered energy.",0
PAT-00086,2024-01-26 10:33:06,94.2,110,37.0,118/77,94,63.4,"This morning, palpitations.",0
PAT-00086,2024-01-27 09:26:07,95.1,104,36.8,126/73,81,63.4,Observes anxiety.,0
PAT-00086,2024-01-28 10:41:15,96.9,77,35.8,119/81,121,63.4,"This morning, lowered energy.",0
PAT-00086,2024-01-29 08:45:52,96.0,52,36.4,122/82,81,63.4,Observes slow pulse.,0
PAT-00086,2024-01-30 08:39:55,97.1,71,35.8,128/73,74,63.4,Indicates lowered energy.,0
PAT-00087,2024-01-01 10:32:37,99.0,78,36.8,115/80,80,82.9,Patient denies any symptoms or discomfort.,0
PAT-00087,2024-01-02 09:42:27,95.3,60,37.0,130/70,174,82.9,"Indicates severe blurred vision, dry mouth, frequent urination. worsening symptoms present.",0
PAT-00087,2024-01-03 08:37:55,95.5,79,37.3,130/92,78,82.9,Patient is feeling well with all parameters stable.,0
PAT-00087,2024-01-04 10:26:27,97.0,59,37.0,139/86,94,82.9,Patient denies any symptoms or discomfort.,0
PAT-00087,2024-01-05 10:25:31,94.9,60,36.3,147/85,117,82.9,No significant complaints today.,0
PAT-00087,2024-01-06 10:43:31,94.2,68,37.0,127/81,121,82.9,Vitals remain within acceptable limits. No issues noted.,0
PAT-00087,2024-01-07 09:04:32,95.0,53,35.9,149/93,97,82.9,"Observes fatigue, mild coldness.",0
PAT-00087,2024-01-08 09:53:29,96.5,58,35.9,130/80,76,82.9,Reports lowered energy.,0
PAT-00087,2024-01-09 09:49:37,100.0,77,36.3,160/108,79,82.9,Patient describes headaches.,1
PAT-00087,2024-01-10 08:42:40,97.0,58,36.4,142/85,110,82.9,No symptoms reported. Vitals are within expected range.,0
PAT-00087,2024-01-11 08:10:25,100.0,64,38.9,124/71,112,82.9,"Patient describes headache, muscle aches.",0
PAT-00087,2024-01-12 10:11:17,94.0,58,36.5,186/108,111,82.9,"Reports chest pain, severe headache. worsening symptoms present.",1
PAT-00087,2024-01-13 08:35:56,94.9,58,35.9,148/93,76,82.9,Patient notes that mild coldness.,0
PAT-00087,2024-01-14 10:52:34,98.0,77,37.7,117/85,78,82.9,Reports body aches.,0
PAT-00087,2024-01-15 09:55:15,97.1,60,37.2,134/92,95,82.9,No symptoms reported. Vitals are within expected range.,0
PAT-00087,2024-01-16 08:00:13,95.1,91,37.0,141/91,94,82.9,No symptoms reported. Vitals are within expected range.,0
PAT-00087,2024-01-17 10:56:55,96.3,84,37.4,129/81,90,82.9,No symptoms reported. Vitals are within expected range.,0
PAT-00087,2024-01-18 09:24:18,96.2,63,36.6,127/78,94,82.9,Vitals remain within acceptable limits. No issues noted.,0
PAT-00087,2024-01-19 10:42:54,93.1,88,35.8,119/83,154,82.9,"Indicates mild coldness, severe blurred vision, dry mouth, frequent urination. worsening symptoms present.",1
PAT-00087,2024-01-20 08:41:07,98.5,76,38.2,125/75,83,82.9,"Reports fever, severe discomfort. worsening symptoms present.",0
PAT-00087,2024-01-21 08:27:23,96.7,88,36.7,113/71,107,82.9,No significant complaints today.,0
PAT-00087,2024-01-22 09:16:08,94.2,79,37.2,129/71,82,82.9,No significant complaints today.,0
PAT-00087,2024-01-23 10:21:27,96.0,58,36.7,142/90,75,82.9,No symptoms reported. Vitals are within expected range.,0
PAT-00087,2024-01-24 09:09:50,96.9,52,36.5,113/80,99,82.9,Observes fatigue.,1
PAT-00087,2024-01-25 08:20:59,96.0,103,37.3,184/105,75,82.9,"Reports palpitations, chest pain, severe headache. worsening symptoms present.",0
PAT-00087,2024-01-26 09:15:13,95.8,110,36.1,130/79,154,82.9,"Notes palpitations, severe blurred vision, dry mouth, frequent urination. immediate attention may be needed.",1
PAT-00087,2024-01-27 09:57:24,96.0,69,36.6,147/89,169,82.9,"Patient notes that severe blurred vision, dry mouth, frequent urination. immediate attention may be needed.",1
PAT-00087,2024-01-28 08:38:27,94.2,70,37.4,135/86,107,82.9,No significant complaints today.,0
PAT-00087,2024-01-29 08:31:53,98.6,62,36.7,114/79,80,82.9,Patient is feeling well with all parameters stable.,0
PAT-00087,2024-01-30 08:10:44,96.4,109,37.9,111/70,93,82.9,"This morning, palpitations, night sweats.",1
PAT-00088,2024-01-01 08:59:55,94.1,62,36.1,145/88,124,82.5,Vitals remain within acceptable limits. No issues noted.,0
PAT-00088,2024-01-02 09:10:27,98.3,84,36.5,168/117,90,82.5,"Today, patient states vision issues.",0
PAT-00088,2024-01-03 10:20:45,96.5,81,36.2,170/117,110,82.5,"This morning, chest tightness.",0
PAT-00088,2024-01-04 09:10:43,93.8,86,36.7,121/74,171,82.5,"Patient notes that severe blurred vision, dry mouth, frequent urination. immediate attention may be needed.",0
PAT-00088,2024-01-05 08:32:20,94.3,105,36.7,121/72,114,82.5,Patient describes palpitations.,0
PAT-00088,2024-01-06 08:33:54,94.5,80,37.2,111/81,79,82.5,No significant complaints today.,0
PAT-00088,2024-01-07 09:29:19,96.3,68,35.7,145/88,174,82.5,"Today, patient states lowered energy, severe blurred vision, dry mouth, frequent urination. immediate attention may be needed.",0
PAT-00088,2024-01-08 08:19:28,98.9,58,36.9,139/86,96,82.5,No symptoms reported. Vitals are within expected range.,0
PAT-00088,2024-01-09 09:37:19,97.8,82,37.8,128/84,106,82.5,Notes night sweats.,0
PAT-00088,2024-01-10 10:13:02,96.1,100,36.6,137/92,116,82.5,Patient is feeling well with all parameters stable.,0
PAT-00088,2024-01-11 08:07:33,95.8,66,36.8,173/102,97,82.5,"Today, patient states chest tightness.",0
PAT-00088,2024-01-12 10:33:58,93.2,79,36.2,115/83,99,82.5,Patient denies any symptoms or discomfort.,0
PAT-00088,2024-01-13 09:32:34,94.8,88,37.2,115/72,148,82.5,Indicates blurred vision.,0
PAT-00088,2024-01-14 08:00:18,97.3,58,37.1,123/75,80,82.5,No significant complaints today.,0
PAT-00088,2024-01-15 08:07:28,97.4,82,36.8,119/83,80,82.5,No significant complaints today.,0
PAT-00088,2024-01-16 10:14:30,96.5,85,37.0,126/71,103,82.5,No significant complaints today.,0
PAT-00088,2024-01-17 09:43:30,94.9,53,36.7,119/78,97,82.5,Indicates fatigue.,0
PAT-00088,2024-01-18 09:28:47,96.2,102,36.2,115/82,118,82.5,Notes palpitations.,1
PAT-00088,2024-01-19 09:08:37,97.0,59,38.2,178/108,112,82.5,"Patient describes headache, muscle aches, headaches.",1
PAT-00088,2024-01-20 10:37:50,97.1,90,37.1,182/101,73,82.5,"Patient describes chest pain, severe headache. worsening symptoms present.",1
PAT-00088,2024-01-21 10:21:30,95.6,67,35.9,148/85,87,82.5,Patient notes that mild coldness.,0
PAT-00088,2024-01-22 10:05:34,96.1,79,36.5,123/79,98,82.5,Patient is feeling well with all parameters stable.,0
PAT-00088,2024-01-23 10:18:24,95.1,98,37.0,126/79,89,82.5,Patient denies any symptoms or discomfort.,0
PAT-00088,2024-01-24 09:28:10,96.2,58,36.5,121/85,110,82.5,Patient denies any symptoms or discomfort.,0
PAT-00088,2024-01-25 08:33:47,97.1,63,37.2,148/85,75,82.5,No symptoms reported. Vitals are within expected range.,0
PAT-00088,2024-01-26 09:47:37,97.5,74,37.5,147/94,168,82.5,"Reports body aches, severe blurred vision, dry mouth, frequent urination. worsening symptoms present.",0
PAT-00088,2024-01-27 09:33:34,94.9,66,36.7,130/84,98,82.5,Vitals remain within acceptable limits. No issues noted.,0
PAT-00088,2024-01-28 08:59:21,97.7,84,37.9,128/79,108,82.5,Reports night sweats.,0
PAT-00088,2024-01-29 08:27:31,97.4,95,38.3,146/91,86,82.5,"This morning, fever, severe discomfort. worsening symptoms present.",0
PAT-00088,2024-01-30 10:01:13,96.6,76,36.7,126/80,124,82.5,Patient denies any symptoms or discomfort.,0
PAT-00089,2024-01-01 08:49:05,95.9,78,36.6,137/94,85,89.9,No significant complaints today.,0
PAT-00089,2024-01-02 09:36:00,98.0,90,37.3,183/119,91,89.9,"This morning, chest pain, severe headache. worsening symptoms present.",0
PAT-00089,2024-01-03 09:29:36,98.5,91,36.8,141/90,135,89.9,Observes frequent urination.,0
PAT-00089,2024-01-04 10:13:14,94.9,55,36.3,132/95,179,89.9,"Patient notes that severe blurred vision, dry mouth, frequent urination. worsening symptoms present.",1
PAT-00089,2024-01-05 10:48:01,95.6,104,35.9,110/80,76,89.9,"Patient describes palpitations, lowered energy.",1
PAT-00089,2024-01-06 08:07:36,94.1,67,36.8,185/118,72,89.9,"Patient describes chest pain, severe headache. immediate attention may be needed.",0
PAT-00089,2024-01-07 10:08:54,96.9,108,36.1,145/89,74,89.9,Patient notes that anxiety.,0
PAT-00089,2024-01-08 08:46:27,95.7,91,37.3,128/71,122,89.9,Patient denies any symptoms or discomfort.,0
PAT-00089,2024-01-09 08:54:32,93.5,93,36.9,111/79,80,89.9,Patient is feeling well with all parameters stable.,0
PAT-00089,2024-01-10 09:13:45,95.6,57,36.0,166/112,130,89.9,"Indicates headaches, frequent urination.",0
PAT-00089,2024-01-11 09:08:58,94.7,74,35.7,162/106,170,89.9,"Observes lowered energy, vision issues, severe blurred vision, dry mouth, frequent urination. worsening symptoms present.",0
PAT-00089,2024-01-12 08:22:15,98.8,85,37.2,149/85,92,89.9,No significant complaints today.,0
PAT-00089,2024-01-13 10:20:55,97.1,103,36.9,112/81,120,89.9,Indicates restlessness.,1
PAT-00089,2024-01-14 08:41:21,96.7,102,36.6,186/112,77,89.9,"Indicates anxiety, chest pain, severe headache. worsening symptoms present.",0
PAT-00089,2024-01-15 09:22:50,96.3,88,36.8,163/103,150,89.9,"Today, patient states headaches, severe blurred vision, dry mouth, frequent urination. immediate attention may be needed.",1
PAT-00089,2024-01-16 10:39:02,93.9,60,37.6,114/77,85,89.9,"This morning, night sweats.",0
PAT-00089,2024-01-17 08:34:38,94.0,103,36.7,130/82,113,89.9,Patient notes that palpitations.,0
PAT-00089,2024-01-18 09:11:33,94.5,51,37.3,122/78,142,89.9,"Observes lightheadedness, frequent urination.",0
PAT-00089,2024-01-19 08:39:44,96.8,57,36.8,190/110,120,89.9,"Today, patient states chest pain, severe headache. immediate attention may be needed.",1
PAT-00089,2024-01-20 10:58:19,94.2,103,38.0,118/71,111,89.9,"Patient describes palpitations, fever, chills.",0
PAT-00089,2024-01-21 08:00:16,96.5,64,36.7,125/83,76,89.9,Patient is feeling well with all parameters stable.,0
PAT-00089,2024-01-22 10:55:06,94.7,54,38.5,130/78,91,89.9,"Today, patient states fatigue, headache, fever.",0
PAT-00089,2024-01-23 08:59:01,98.1,78,37.2,123/71,113,89.9,Vitals remain within acceptable limits. No issues noted.,0
PAT-00089,2024-01-24 09:44:48,96.1,87,36.6,149/95,92,89.9,Patient denies any symptoms or discomfort.,0
PAT-00089,2024-01-25 08:11:32,96.7,77,37.3,118/84,94,89.9,No significant complaints today.,0
PAT-00089,2024-01-26 09:07:54,94.3,97,35.9,120/84,74,89.9,Reports lowered energy.,0
PAT-00089,2024-01-27 08:01:41,96.3,56,36.5,127/73,125,89.9,Vitals remain within acceptable limits. No issues noted.,0
PAT-00089,2024-01-28 09:49:46,96.5,84,38.6,186/101,76,89.9,"Reports muscle aches, chills, chest pain, severe headache. worsening symptoms present.",0
PAT-00089,2024-01-29 08:35:30,98.6,74,36.7,130/81,86,89.9,Patient is feeling well with all parameters stable.,0
PAT-00089,2024-01-30 08:25:18,95.3,84,38.2,145/92,70,89.9,"Today, patient states muscle aches, fever.",0
PAT-00090,2024-01-01 10:00:39,94.7,89,37.6,133/90,138,99.7,"Observes body aches, frequent urination.",0
PAT-00090,2024-01-02 08:34:08,97.6,72,38.9,134/90,78,99.7,"Notes chills, fever.",1
PAT-00090,2024-01-03 08:55:55,95.6,53,38.4,112/71,93,99.7,"Indicates slow pulse, muscle aches, headache.",1
PAT-00090,2024-01-04 09:48:17,95.8,62,37.3,130/85,122,99.7,Patient denies any symptoms or discomfort.,0
PAT-00090,2024-01-05 10:17:06,97.4,78,38.5,116/75,78,99.7,"Reports muscle aches, chills.",1
PAT-00090,2024-01-06 09:45:39,98.7,99,36.7,113/74,74,99.7,Patient denies any symptoms or discomfort.,0
PAT-00090,2024-01-07 09:01:37,96.9,83,36.5,127/85,74,99.7,No significant complaints today.,0
PAT-00090,2024-01-08 10:26:13,95.0,52,36.6,135/90,72,99.7,Notes fatigue.,0
PAT-00090,2024-01-09 08:18:00,99.6,54,37.1,186/120,91,99.7,"This morning, lightheadedness, chest pain, severe headache. immediate attention may be needed.",1
PAT-00090,2024-01-10 08:34:53,97.1,79,38.5,131/85,76,99.7,"Observes muscle aches, headache.",1
PAT-00090,2024-01-11 09:13:03,94.0,75,37.4,130/87,117,99.7,Vitals remain within acceptable limits. No issues noted.,0
PAT-00090,2024-01-12 10:41:10,95.3,61,38.4,134/85,71,99.7,"Today, patient states severe discomfort, muscle aches. immediate attention may be needed.",1
PAT-00090,2024-01-13 09:46:08,100.0,62,38.8,178/111,106,99.7,"Patient notes that headache, fever, chest tightness.",0
PAT-00090,2024-01-14 10:20:01,97.5,50,37.9,113/85,77,99.7,"Patient describes lightheadedness, night sweats.",0
PAT-00090,2024-01-15 09:13:39,92.5,74,39.0,132/88,94,99.7,"This morning, fever, headache.",0
PAT-00090,2024-01-16 08:13:34,94.6,86,36.6,122/71,173,99.7,"Indicates severe blurred vision, dry mouth, frequent urination. worsening symptoms present.",0
PAT-00090,2024-01-17 10:24:31,97.2,64,36.5,115/73,70,99.7,No significant complaints today.,0
PAT-00090,2024-01-18 10:49:17,94.3,83,36.1,123/73,115,99.7,Patient denies any symptoms or discomfort.,0
PAT-00090,2024-01-19 08:35:51,92.3,92,36.9,125/70,114,99.7,No significant complaints today.,0
PAT-00090,2024-01-20 08:26:03,93.5,52,36.5,137/89,79,99.7,"This morning, lightheadedness.",0
PAT-00090,2024-01-21 08:41:25,94.2,90,38.4,114/80,75,99.7,"Reports chills, muscle aches.",0
PAT-00090,2024-01-22 10:58:59,99.0,81,38.4,183/100,88,99.7,"Indicates muscle aches, severe discomfort, chest pain, severe headache. worsening symptoms present.",1
PAT-00090,2024-01-23 09:56:11,98.7,72,36.0,149/85,106,99.7,Vitals remain within acceptable limits. No issues noted.,0
PAT-00090,2024-01-24 10:40:22,96.6,70,37.1,113/77,99,99.7,Vitals remain within acceptable limits. No issues noted.,0
PAT-00090,2024-01-25 09:05:41,96.1,74,36.9,149/89,93,99.7,Patient is feeling well with all parameters stable.,0
PAT-00090,2024-01-26 09:22:52,94.4,82,38.9,121/81,73,99.7,"This morning, headache, fever.",0
PAT-00090,2024-01-27 10:42:07,92.3,70,36.4,190/117,118,99.7,"Reports chest pain, severe headache. immediate attention may be needed.",0
PAT-00090,2024-01-28 09:34:56,94.4,72,36.8,139/94,95,99.7,No significant complaints today.,0
PAT-00090,2024-01-29 09:35:27,96.9,85,36.9,188/116,91,99.7,"Observes chest pain, severe headache. immediate attention may be needed.",0
PAT-00090,2024-01-30 09:24:03,92.4,89,36.8,110/78,109,99.7,No significant complaints today.,0
PAT-00091,2024-01-01 08:32:47,92.8,67,36.9,144/95,87,53.7,Patient denies any symptoms or discomfort.,0
PAT-00091,2024-01-02 08:36:02,96.8,75,37.9,169/119,97,53.7,"Reports body aches, chest tightness.",1
PAT-00091,2024-01-03 08:03:25,99.5,78,38.7,146/88,112,53.7,"Today, patient states severe discomfort, chills. worsening symptoms present.",0
PAT-00091,2024-01-04 08:17:34,99.1,98,36.2,126/83,78,53.7,No symptoms reported. Vitals are within expected range.,0
PAT-00091,2024-01-05 10:10:07,91.6,67,35.7,128/83,80,53.7,"This morning, dizziness, lowered energy.",1
PAT-00091,2024-01-06 08:10:04,96.1,65,36.9,136/92,169,53.7,"This morning, severe blurred vision, dry mouth, frequent urination. worsening symptoms present.",0
PAT-00091,2024-01-07 09:57:21,99.1,60,36.4,136/88,70,53.7,No symptoms reported. Vitals are within expected range.,0
PAT-00091,2024-01-08 08:35:33,98.8,72,37.2,117/79,123,53.7,Vitals remain within acceptable limits. No issues noted.,0
PAT-00091,2024-01-09 08:37:07,96.0,79,36.2,110/70,159,53.7,"Reports severe blurred vision, dry mouth, frequent urination. immediate attention may be needed.",1
PAT-00091,2024-01-10 08:25:51,97.8,60,36.8,130/94,97,53.7,Vitals remain within acceptable limits. No issues noted.,0
PAT-00091,2024-01-11 10:48:47,98.2,80,36.5,134/88,104,53.7,Patient is feeling well with all parameters stable.,0
PAT-00091,2024-01-12 09:47:53,94.1,108,36.7,127/84,123,53.7,Patient describes anxiety.,0
PAT-00091,2024-01-13 10:50:46,96.9,70,36.6,169/117,96,53.7,Observes chest tightness.,1
PAT-00091,2024-01-14 09:24:15,93.6,91,36.4,131/85,99,53.7,Patient is feeling well with all parameters stable.,0
PAT-00091,2024-01-15 08:27:07,97.3,51,36.9,183/107,84,53.7,"Reports lightheadedness, chest pain, severe headache. worsening symptoms present.",1
PAT-00091,2024-01-16 08:20:05,97.9,109,36.8,147/95,111,53.7,Notes anxiety.,1
PAT-00091,2024-01-17 08:48:36,97.6,90,36.6,139/87,127,53.7,Notes blurred vision.,0
PAT-00091,2024-01-18 10:00:04,96.6,71,38.1,136/90,94,53.7,"Observes chills, muscle aches.",1
PAT-00091,2024-01-19 09:20:24,96.8,59,37.2,129/78,109,53.7,Vitals remain within acceptable limits. No issues noted.,0
PAT-00091,2024-01-20 09:28:09,97.4,91,36.5,113/71,87,53.7,No significant complaints today.,0
PAT-00091,2024-01-21 10:46:01,98.2,85,35.7,114/72,170,53.7,"This morning, mild coldness, severe blurred vision, dry mouth, frequent urination. worsening symptoms present.",1
PAT-00091,2024-01-22 10:28:38,91.2,89,37.3,119/70,74,53.7,"This morning, dizziness.",0
PAT-00091,2024-01-23 09:32:56,97.4,51,36.4,125/78,92,53.7,"This morning, fatigue.",0
PAT-00091,2024-01-24 09:40:12,95.2,103,36.8,139/87,99,53.7,Patient notes that palpitations.,0
PAT-00091,2024-01-25 08:00:18,96.2,51,37.1,165/119,73,53.7,"Patient notes that slow pulse, chest tightness.",1
PAT-00091,2024-01-26 08:43:26,95.3,92,36.7,130/75,176,53.7,"Patient notes that severe blurred vision, dry mouth, frequent urination. immediate attention may be needed.",0
PAT-00091,2024-01-27 08:18:42,95.5,102,36.5,113/71,71,53.7,"This morning, restlessness.",1
PAT-00091,2024-01-28 09:27:26,95.7,90,36.5,111/72,104,53.7,Patient denies any symptoms or discomfort.,0
PAT-00091,2024-01-29 08:29:05,97.1,90,37.0,112/75,76,53.7,Patient denies any symptoms or discomfort.,0
PAT-00091,2024-01-30 10:59:40,94.6,73,36.7,112/81,72,53.7,No symptoms reported. Vitals are within expected range.,0
PAT-00092,2024-01-01 10:57:16,97.8,90,36.2,127/81,70,89.2,Vitals remain within acceptable limits. No issues noted.,0
PAT-00092,2024-01-02 09:48:20,96.4,67,38.9,190/108,79,89.2,"Notes headache, fever, chest pain, severe headache. worsening symptoms present.",0
PAT-00092,2024-01-03 08:28:26,96.2,67,36.9,187/120,79,89.2,"Observes chest pain, severe headache. worsening symptoms present.",0
PAT-00092,2024-01-04 08:06:39,92.5,92,37.6,140/88,100,89.2,Indicates night sweats.,0
PAT-00092,2024-01-05 10:13:46,99.9,99,37.7,125/74,78,89.2,Patient notes that mild fever.,0
PAT-00092,2024-01-06 09:05:31,96.1,73,37.3,147/87,75,89.2,No symptoms reported. Vitals are within expected range.,0
PAT-00092,2024-01-07 10:43:08,95.9,86,36.8,144/95,75,89.2,Vitals remain within acceptable limits. No issues noted.,0
PAT-00092,2024-01-08 08:32:25,97.5,87,37.3,173/112,99,89.2,Observes headaches.,0
PAT-00092,2024-01-09 08:17:04,93.6,90,38.9,189/119,98,89.2,"Indicates headache, severe discomfort, chest pain, severe headache. worsening symptoms present.",0
PAT-00092,2024-01-10 09:50:39,99.3,54,38.0,125/84,102,89.2,"Today, patient states slow pulse, chills, fever.",0
PAT-00092,2024-01-11 08:26:59,96.3,63,37.2,126/79,158,89.2,"Indicates severe blurred vision, dry mouth, frequent urination. worsening symptoms present.",0
PAT-00092,2024-01-12 08:08:15,96.0,70,36.5,118/76,109,89.2,No significant complaints today.,0
PAT-00092,2024-01-13 10:26:56,95.7,83,36.1,184/112,117,89.2,"This morning, chest pain, severe headache. worsening symptoms present.",1
PAT-00092,2024-01-14 08:05:21,96.5,85,36.5,150/91,108,89.2,Patient is feeling well with all parameters stable.,0
PAT-00092,2024-01-15 09:16:36,97.4,85,37.3,165/100,82,89.2,Notes vision issues.,1
PAT-00092,2024-01-16 10:52:05,96.6,93,37.2,113/85,94,89.2,Patient denies any symptoms or discomfort.,0
PAT-00092,2024-01-17 10:05:33,96.3,64,36.5,144/88,70,89.2,Patient is feeling well with all parameters stable.,0
PAT-00092,2024-01-18 09:14:21,95.5,108,37.0,119/75,123,89.2,Notes palpitations.,0
PAT-00092,2024-01-19 09:34:01,97.7,102,36.1,142/89,97,89.2,Patient notes that palpitations.,0
PAT-00092,2024-01-20 08:02:11,94.7,92,38.7,115/81,109,89.2,"Reports chills, muscle aches.",0
PAT-00092,2024-01-21 08:15:55,96.0,90,36.5,113/82,71,89.2,Patient denies any symptoms or discomfort.,0
PAT-00092,2024-01-22 10:33:27,93.9,60,35.8,137/92,74,89.2,Observes mild coldness.,0
PAT-00092,2024-01-23 08:12:10,94.3,61,37.4,116/73,89,89.2,Patient denies any symptoms or discomfort.,0
PAT-00092,2024-01-24 10:39:38,98.8,89,39.0,111/72,72,89.2,"Patient describes muscle aches, fever.",1
PAT-00092,2024-01-25 09:52:07,97.5,67,38.6,113/85,93,89.2,"Observes fever, headache.",1
PAT-00092,2024-01-26 10:06:56,100.0,80,36.9,122/74,94,89.2,Patient denies any symptoms or discomfort.,0
PAT-00092,2024-01-27 08:46:32,98.6,98,36.7,113/79,180,89.2,"Indicates severe blurred vision, dry mouth, frequent urination. worsening symptoms present.",0
PAT-00092,2024-01-28 09:55:23,95.9,50,36.1,130/73,130,89.2,"Patient notes that lightheadedness, dry mouth.",0
PAT-00092,2024-01-29 10:10:45,93.9,63,37.8,130/92,99,89.2,Indicates mild fever.,0
PAT-00092,2024-01-30 08:30:08,94.4,57,36.2,129/71,92,89.2,Vitals remain within acceptable limits. No issues noted.,0
PAT-00093,2024-01-01 08:26:06,93.8,73,37.0,110/73,124,119.0,Patient is feeling well with all parameters stable.,0
PAT-00093,2024-01-02 08:57:12,94.7,81,37.1,129/82,108,119.0,Vitals remain within acceptable limits. No issues noted.,0
PAT-00093,2024-01-03 08:34:12,96.7,105,37.2,140/88,71,119.0,Observes restlessness.,0
PAT-00093,2024-01-04 08:57:57,96.8,90,38.6,135/89,87,119.0,"Patient notes that fever, muscle aches.",0
PAT-00093,2024-01-05 10:02:00,96.2,95,38.0,130/78,121,119.0,"This morning, muscle aches, chills.",0
PAT-00093,2024-01-06 09:11:10,96.5,86,38.7,113/82,88,119.0,"Observes fever, headache.",0
PAT-00093,2024-01-07 09:16:25,95.3,81,37.4,145/85,82,119.0,No significant complaints today.,0
PAT-00093,2024-01-08 08:27:39,96.9,51,36.7,117/81,92,119.0,"This morning, slow pulse.",0
PAT-00093,2024-01-09 08:47:07,94.7,86,37.0,173/109,96,119.0,Observes chest tightness.,0
PAT-00093,2024-01-10 09:59:00,96.8,66,37.7,116/81,71,119.0,Notes body aches.,0
PAT-00093,2024-01-11 08:18:54,95.2,66,37.0,113/77,88,119.0,No significant complaints today.,0
PAT-00093,2024-01-12 10:54:18,94.4,76,36.7,112/77,70,119.0,No significant complaints today.,0
PAT-00093,2024-01-13 08:47:27,99.8,109,37.2,112/70,80,119.0,Patient describes palpitations.,1
PAT-00093,2024-01-14 09:58:04,95.4,72,37.0,125/81,94,119.0,No significant complaints today.,0
PAT-00093,2024-01-15 09:45:50,94.2,67,37.0,117/80,77,119.0,Patient denies any symptoms or discomfort.,0
PAT-00093,2024-01-16 08:05:00,98.2,70,36.6,110/73,98,119.0,Vitals remain within acceptable limits. No issues noted.,0
PAT-00093,2024-01-17 09:16:49,97.0,64,37.2,145/93,125,119.0,No symptoms reported. Vitals are within expected range.,0
PAT-00093,2024-01-18 09:30:15,94.3,58,37.2,120/80,93,119.0,Patient is feeling well with all parameters stable.,0
PAT-00093,2024-01-19 10:49:04,94.8,88,36.0,124/85,80,119.0,Patient is feeling well with all parameters stable.,0
PAT-00093,2024-01-20 08:37:23,94.4,108,36.6,125/73,147,119.0,"This morning, restlessness, dry mouth.",0
PAT-00093,2024-01-21 10:02:48,94.1,81,37.1,185/119,84,119.0,"This morning, chest pain, severe headache. immediate attention may be needed.",0
PAT-00093,2024-01-22 09:01:09,100.0,69,37.4,185/109,83,119.0,"Patient notes that chest pain, severe headache. worsening symptoms present.",0
PAT-00093,2024-01-23 09:49:29,94.0,104,38.2,114/71,111,119.0,"Patient describes palpitations, headache, fever.",1
PAT-00093,2024-01-24 08:52:32,94.0,57,35.6,113/81,112,119.0,Indicates lowered energy.,0
PAT-00093,2024-01-25 10:48:14,94.2,105,37.0,131/88,73,119.0,Patient notes that restlessness.,0
PAT-00093,2024-01-26 08:33:01,94.9,84,36.5,135/92,79,119.0,No significant complaints today.,0
PAT-00093,2024-01-27 10:54:20,97.3,104,37.1,115/82,71,119.0,"This morning, palpitations.",0
PAT-00093,2024-01-28 09:43:33,96.0,72,36.5,114/84,105,119.0,No symptoms reported. Vitals are within expected range.,0
PAT-00093,2024-01-29 09:26:27,95.5,68,37.5,164/100,84,119.0,"Today, patient states body aches, headaches.",0
PAT-00093,2024-01-30 08:55:53,91.7,82,38.6,166/110,106,119.0,"Observes low energy, severe discomfort, headache, headaches. worsening symptoms present.",0
PAT-00094,2024-01-01 09:38:08,99.6,66,37.3,126/83,93,59.9,Patient denies any symptoms or discomfort.,0
PAT-00094,2024-01-02 08:26:57,96.9,90,36.5,118/82,88,59.9,Patient is feeling well with all parameters stable.,0
PAT-00094,2024-01-03 08:44:21,90.9,101,38.9,117/78,100,59.9,"Indicates dizziness, palpitations, severe discomfort, chills. immediate attention may be needed.",0
PAT-00094,2024-01-04 09:47:05,96.8,90,36.7,120/84,83,59.9,No symptoms reported. Vitals are within expected range.,0
PAT-00094,2024-01-05 09:12:43,97.8,80,36.6,120/83,84,59.9,Vitals remain within acceptable limits. No issues noted.,0
PAT-00094,2024-01-06 10:38:56,94.8,74,37.2,125/80,111,59.9,Patient is feeling well with all parameters stable.,0
PAT-00094,2024-01-07 09:54:04,96.3,108,36.5,182/100,77,59.9,"Notes anxiety, chest pain, severe headache. immediate attention may be needed.",1
PAT-00094,2024-01-08 08:30:13,97.1,87,35.8,172/104,84,59.9,"Patient describes mild coldness, chest tightness.",0
PAT-00094,2024-01-09 08:41:09,97.5,75,37.0,113/73,94,59.9,Vitals remain within acceptable limits. No issues noted.,0
PAT-00094,2024-01-10 09:41:56,95.9,105,37.3,123/73,85,59.9,Observes palpitations.,0
PAT-00094,2024-01-11 09:10:39,98.3,107,37.6,171/103,79,59.9,"Today, patient states restlessness, body aches, headaches.",1
PAT-00094,2024-01-12 08:06:53,95.0,73,37.2,128/70,76,59.9,Patient is feeling well with all parameters stable.,0
PAT-00094,2024-01-13 08:57:11,98.1,83,37.0,123/70,103,59.9,Patient is feeling well with all parameters stable.,0
PAT-00094,2024-01-14 10:25:17,95.4,75,36.9,186/102,129,59.9,"Patient describes chest pain, severe headache, dry mouth. worsening symptoms present.",0
PAT-00094,2024-01-15 09:29:56,93.4,88,36.8,110/76,95,59.9,Vitals remain within acceptable limits. No issues noted.,0
PAT-00094,2024-01-16 08:28:56,98.9,84,36.7,131/90,91,59.9,No symptoms reported. Vitals are within expected range.,0
PAT-00094,2024-01-17 09:37:12,95.6,53,36.7,165/113,96,59.9,"Notes fatigue, chest tightness.",0
PAT-00094,2024-01-18 09:36:14,94.8,51,36.4,124/75,88,59.9,Indicates fatigue.,0
PAT-00094,2024-01-19 08:58:35,98.8,50,36.8,127/77,88,59.9,Observes lightheadedness.,1
PAT-00094,2024-01-20 09:16:03,96.4,65,36.1,121/80,73,59.9,Patient denies any symptoms or discomfort.,0
PAT-00094,2024-01-21 08:08:29,93.3,82,36.9,115/85,105,59.9,Patient is feeling well with all parameters stable.,0
PAT-00094,2024-01-22 10:07:52,96.3,102,36.9,117/81,167,59.9,"Notes palpitations, severe blurred vision, dry mouth, frequent urination. worsening symptoms present.",0
PAT-00094,2024-01-23 10:52:27,97.4,91,37.1,134/91,122,59.9,Vitals remain within acceptable limits. No issues noted.,0
PAT-00094,2024-01-24 09:41:21,95.2,86,37.2,135/92,97,59.9,Patient denies any symptoms or discomfort.,0
PAT-00094,2024-01-25 10:19:22,99.6,53,36.7,178/115,78,59.9,"Patient notes that slow pulse, vision issues.",0
PAT-00094,2024-01-26 10:00:32,95.5,107,37.4,143/89,100,59.9,Indicates restlessness.,0
PAT-00094,2024-01-27 09:54:55,96.7,60,38.0,115/71,87,59.9,"This morning, fever, severe discomfort. worsening symptoms present.",1
PAT-00094,2024-01-28 08:11:49,95.5,92,37.4,141/89,178,59.9,"Today, patient states severe blurred vision, dry mouth, frequent urination. worsening symptoms present.",1
PAT-00094,2024-01-29 09:16:34,99.0,59,36.9,131/94,107,59.9,Patient is feeling well with all parameters stable.,0
PAT-00094,2024-01-30 09:12:15,95.5,96,38.9,115/70,105,59.9,"Reports chills, muscle aches.",1
PAT-00095,2024-01-01 09:57:41,98.0,100,38.5,141/85,73,88.7,"Patient notes that severe discomfort, chills. immediate attention may be needed.",1
PAT-00095,2024-01-02 10:43:57,96.7,50,36.5,137/91,163,88.7,"Notes slow pulse, severe blurred vision, dry mouth, frequent urination. worsening symptoms present.",0
PAT-00095,2024-01-03 08:39:12,95.2,84,36.8,117/76,136,88.7,"Today, patient states dry mouth.",0
PAT-00095,2024-01-04 08:37:27,99.0,94,37.0,160/117,100,88.7,"Today, patient states headaches.",0
PAT-00095,2024-01-05 09:48:17,97.0,51,38.8,115/71,114,88.7,"Patient notes that fatigue, severe discomfort, headache. worsening symptoms present.",1
PAT-00095,2024-01-06 10:38:39,92.8,94,36.7,111/73,104,88.7,Vitals remain within acceptable limits. No issues noted.,0
PAT-00095,2024-01-07 09:12:04,98.8,57,38.2,124/79,88,88.7,"This morning, muscle aches, severe discomfort. immediate attention may be needed.",0
PAT-00095,2024-01-08 08:24:11,94.3,59,36.5,118/72,88,88.7,Vitals remain within acceptable limits. No issues noted.,0
PAT-00095,2024-01-09 09:39:50,95.4,63,36.3,128/74,75,88.7,Vitals remain within acceptable limits. No issues noted.,0
PAT-00095,2024-01-10 08:44:14,96.3,93,35.8,145/90,77,88.7,"This morning, lowered energy.",0
PAT-00095,2024-01-11 09:30:20,94.5,64,36.6,126/82,78,88.7,No symptoms reported. Vitals are within expected range.,0
PAT-00095,2024-01-12 08:44:01,96.1,109,35.8,173/103,114,88.7,"This morning, palpitations, mild coldness, chest tightness.",0
PAT-00095,2024-01-13 10:57:17,94.8,55,39.0,134/89,101,88.7,"Reports chills, severe discomfort. immediate attention may be needed.",0
PAT-00095,2024-01-14 10:14:55,93.8,70,38.2,141/85,80,88.7,"Today, patient states fever, muscle aches.",1
PAT-00095,2024-01-15 08:06:37,95.1,80,36.9,113/79,107,88.7,Patient denies any symptoms or discomfort.,0
PAT-00095,2024-01-16 09:31:58,96.7,78,37.1,124/74,78,88.7,Patient denies any symptoms or discomfort.,0
PAT-00095,2024-01-17 08:23:44,95.5,83,36.7,138/87,104,88.7,Patient denies any symptoms or discomfort.,0
PAT-00095,2024-01-18 10:15:45,97.0,86,35.8,118/80,122,88.7,"This morning, mild coldness.",0
PAT-00095,2024-01-19 08:19:49,96.6,107,37.2,145/92,101,88.7,Indicates restlessness.,0
PAT-00095,2024-01-20 10:12:13,97.1,88,37.4,117/75,88,88.7,No significant complaints today.,0
PAT-00095,2024-01-21 08:22:55,97.2,109,37.3,111/75,80,88.7,Notes restlessness.,0
PAT-00095,2024-01-22 09:03:56,94.4,76,37.3,120/81,93,88.7,Patient denies any symptoms or discomfort.,0
PAT-00095,2024-01-23 08:49:20,93.1,103,36.5,125/74,112,88.7,Patient describes palpitations.,0
PAT-00095,2024-01-24 09:25:30,98.9,94,37.0,128/75,111,88.7,Patient is feeling well with all parameters stable.,0
PAT-00095,2024-01-25 10:55:20,93.8,83,36.8,171/102,125,88.7,Observes vision issues.,1
PAT-00095,2024-01-26 08:11:11,95.8,87,37.0,141/85,94,88.7,Patient denies any symptoms or discomfort.,0
PAT-00095,2024-01-27 08:22:46,95.5,110,36.0,142/87,94,88.7,Indicates restlessness.,0
PAT-00095,2024-01-28 09:12:37,94.9,98,36.8,135/95,100,88.7,Patient is feeling well with all parameters stable.,0
PAT-00095,2024-01-29 08:15:59,96.3,54,35.9,132/89,118,88.7,"Patient describes slow pulse, mild coldness.",0
PAT-00095,2024-01-30 10:44:41,94.6,103,37.1,122/75,96,88.7,Indicates anxiety.,0
PAT-00096,2024-01-01 09:25:00,95.1,68,36.4,120/71,88,69.7,Vitals remain within acceptable limits. No issues noted.,0
PAT-00096,2024-01-02 08:11:04,94.3,75,35.9,119/71,70,69.7,Reports mild coldness.,0
PAT-00096,2024-01-03 08:36:14,95.1,53,35.6,121/76,117,69.7,"This morning, slow pulse, mild coldness.",0
PAT-00096,2024-01-04 09:05:05,100.0,90,36.7,128/77,150,69.7,"Patient describes severe blurred vision, dry mouth, frequent urination. worsening symptoms present.",1
PAT-00096,2024-01-05 09:01:59,98.9,76,36.5,134/92,85,69.7,No significant complaints today.,0
PAT-00096,2024-01-06 09:17:25,96.5,63,37.2,143/85,115,69.7,Patient is feeling well with all parameters stable.,0
PAT-00096,2024-01-07 09:18:13,95.2,106,37.4,121/70,70,69.7,Patient notes that anxiety.,1
PAT-00096,2024-01-08 08:12:17,94.1,73,38.3,112/84,178,69.7,"Today, patient states headache, chills, severe blurred vision, dry mouth, frequent urination. worsening symptoms present.",1
PAT-00096,2024-01-09 08:55:56,95.7,53,36.8,123/73,100,69.7,Notes slow pulse.,0
PAT-00096,2024-01-10 08:27:19,96.3,64,36.3,116/73,112,69.7,No significant complaints today.,0
PAT-00096,2024-01-11 09:07:58,93.7,96,38.1,144/87,84,69.7,"Patient notes that headache, severe discomfort. immediate attention may be needed.",1
PAT-00096,2024-01-12 09:57:58,97.0,84,36.7,111/83,180,69.7,"Today, patient states severe blurred vision, dry mouth, frequent urination. worsening symptoms present.",1
PAT-00096,2024-01-13 10:18:11,93.1,59,36.5,161/108,113,69.7,Indicates chest tightness.,0
PAT-00096,2024-01-14 09:06:32,95.7,107,37.1,144/85,72,69.7,"Today, patient states restlessness.",0
PAT-00096,2024-01-15 10:11:02,94.3,88,35.6,135/89,117,69.7,Indicates mild coldness.,0
PAT-00096,2024-01-16 09:04:49,93.8,75,36.8,115/77,143,69.7,Observes dry mouth.,0
PAT-00096,2024-01-17 08:32:52,94.6,72,37.0,128/78,114,69.7,Patient is feeling well with all parameters stable.,0
PAT-00096,2024-01-18 09:55:18,97.3,84,37.3,147/90,123,69.7,Vitals remain within acceptable limits. No issues noted.,0
PAT-00096,2024-01-19 08:26:35,97.1,78,37.6,131/89,92,69.7,"This morning, night sweats.",0
PAT-00096,2024-01-20 09:46:45,95.4,68,35.6,112/70,100,69.7,"Today, patient states lowered energy.",0
PAT-00096,2024-01-21 09:40:56,94.4,70,36.3,125/78,75,69.7,Vitals remain within acceptable limits. No issues noted.,0
PAT-00096,2024-01-22 10:17:15,95.4,55,37.1,148/94,127,69.7,"Today, patient states blurred vision.",0
PAT-00096,2024-01-23 08:16:43,96.6,73,36.5,111/79,157,69.7,"Observes severe blurred vision, dry mouth, frequent urination. worsening symptoms present.",1
PAT-00096,2024-01-24 09:14:29,98.4,76,37.2,126/78,78,69.7,Vitals remain within acceptable limits. No issues noted.,0
PAT-00096,2024-01-25 08:25:46,97.8,102,37.8,112/84,96,69.7,"Observes anxiety, night sweats.",0
PAT-00096,2024-01-26 09:54:29,97.8,64,36.8,142/88,82,69.7,No significant complaints today.,0
PAT-00096,2024-01-27 10:19:56,96.7,51,36.5,126/81,178,69.7,"Patient describes slow pulse, severe blurred vision, dry mouth, frequent urination. worsening symptoms present.",0
PAT-00096,2024-01-28 08:28:30,98.7,52,37.0,128/73,126,69.7,"Patient notes that slow pulse, dry mouth.",0
PAT-00096,2024-01-29 09:41:53,97.1,86,38.4,127/82,70,69.7,"Patient notes that muscle aches, chills.",1
PAT-00096,2024-01-30 09:02:21,95.0,88,36.8,111/77,92,69.7,Vitals remain within acceptable limits. No issues noted.,0
PAT-00097,2024-01-01 09:58:27,97.7,108,37.0,126/77,106,67.7,Observes palpitations.,0
PAT-00097,2024-01-02 09:42:13,93.7,50,37.1,122/85,92,67.7,"This morning, lightheadedness.",0
PAT-00097,2024-01-03 08:26:26,95.5,88,35.9,125/78,94,67.7,Patient describes mild coldness.,0
PAT-00097,2024-01-04 09:32:41,95.0,58,35.7,143/90,76,67.7,Patient describes lowered energy.,0
PAT-00097,2024-01-05 08:36:26,96.4,66,36.1,139/95,96,67.7,Patient denies any symptoms or discomfort.,0
PAT-00097,2024-01-06 10:39:55,98.3,87,35.8,126/85,82,67.7,Patient notes that mild coldness.,0
PAT-00097,2024-01-07 10:20:54,95.0,50,36.8,187/120,79,67.7,"This morning, slow pulse, chest pain, severe headache. immediate attention may be needed.",0
PAT-00097,2024-01-08 08:44:29,92.8,61,36.8,168/120,180,67.7,"Observes vision issues, severe blurred vision, dry mouth, frequent urination. worsening symptoms present.",0
PAT-00097,2024-01-09 08:34:55,96.9,72,36.9,124/70,83,67.7,Patient is feeling well with all parameters stable.,0
PAT-00097,2024-01-10 08:53:03,95.5,51,35.9,142/87,88,67.7,"Indicates slow pulse, mild coldness.",1
PAT-00097,2024-01-11 10:37:11,99.0,58,37.7,129/72,91,67.7,"This morning, body aches.",0
PAT-00097,2024-01-12 10:09:26,93.9,82,37.0,140/88,94,67.7,Vitals remain within acceptable limits. No issues noted.,0
PAT-00097,2024-01-13 08:29:47,99.0,89,35.8,110/83,96,67.7,Notes lowered energy.,0
PAT-00097,2024-01-14 10:18:10,95.1,60,36.6,116/77,98,67.7,Patient is feeling well with all parameters stable.,0
PAT-00097,2024-01-15 09:19:43,98.3,80,37.4,129/70,133,67.7,Patient notes that dry mouth.,0
PAT-00097,2024-01-16 10:26:28,94.7,60,36.4,122/75,72,67.7,Patient denies any symptoms or discomfort.,0
PAT-00097,2024-01-17 09:12:00,94.8,71,36.9,118/75,143,67.7,Notes blurred vision.,0
PAT-00097,2024-01-18 08:51:03,98.1,82,38.2,134/95,96,67.7,"Reports fever, headache.",0
PAT-00097,2024-01-19 10:55:59,94.2,60,36.8,172/120,82,67.7,Notes vision issues.,0
PAT-00097,2024-01-20 10:07:21,89.5,88,37.7,130/71,103,67.7,"Notes dizziness, body aches.",1
PAT-00097,2024-01-21 10:58:46,100.0,60,37.0,114/72,80,67.7,Patient is feeling well with all parameters stable.,0
PAT-00097,2024-01-22 09:49:02,97.7,63,36.5,125/71,99,67.7,Vitals remain within acceptable limits. No issues noted.,0
PAT-00097,2024-01-23 10:19:02,97.6,74,36.1,131/88,70,67.7,Patient denies any symptoms or discomfort.,0
PAT-00097,2024-01-24 10:57:55,95.2,90,36.5,132/92,105,67.7,Patient is feeling well with all parameters stable.,0
PAT-00097,2024-01-25 10:10:38,94.4,103,37.1,147/87,90,67.7,Notes restlessness.,0
PAT-00097,2024-01-26 09:48:01,95.1,81,37.1,187/100,84,67.7,"This morning, chest pain, severe headache. worsening symptoms present.",0
PAT-00097,2024-01-27 10:37:21,94.8,108,36.7,115/84,90,67.7,Reports restlessness.,1
PAT-00097,2024-01-28 10:00:27,96.6,89,37.2,128/73,172,67.7,"Observes severe blurred vision, dry mouth, frequent urination. worsening symptoms present.",0
PAT-00097,2024-01-29 08:51:30,94.5,72,37.8,142/87,70,67.7,Patient describes body aches.,0
PAT-00097,2024-01-30 08:15:39,97.1,63,38.1,124/71,120,67.7,"Today, patient states chills, headache.",0
PAT-00098,2024-01-01 09:17:17,95.6,53,37.3,120/82,120,70.5,"This morning, slow pulse.",1
PAT-00098,2024-01-02 09:33:43,95.4,86,37.0,145/85,72,70.5,No symptoms reported. Vitals are within expected range.,0
PAT-00098,2024-01-03 10:47:18,96.7,60,38.2,114/79,105,70.5,"Observes muscle aches, chills.",0
PAT-00098,2024-01-04 10:05:59,96.7,64,36.9,117/84,111,70.5,No symptoms reported. Vitals are within expected range.,0
PAT-00098,2024-01-05 08:35:58,93.6,54,37.2,148/92,112,70.5,Patient describes slow pulse.,1
PAT-00098,2024-01-06 09:41:48,94.3,74,37.4,110/74,174,70.5,"Notes severe blurred vision, dry mouth, frequent urination. immediate attention may be needed.",0
PAT-00098,2024-01-07 09:08:54,97.4,99,37.0,161/111,148,70.5,"Observes chest tightness, frequent urination.",0
PAT-00098,2024-01-08 08:44:34,91.2,57,37.4,121/78,169,70.5,"Today, patient states shortness of breath, severe blurred vision, dry mouth, frequent urination. worsening symptoms present.",0
PAT-00098,2024-01-09 10:17:53,96.1,58,38.5,147/87,73,70.5,"Indicates muscle aches, headache.",0
PAT-00098,2024-01-10 09:17:45,93.0,72,36.5,123/74,76,70.5,Patient is feeling well with all parameters stable.,0
PAT-00098,2024-01-11 09:02:24,94.6,72,37.0,144/94,124,70.5,No significant complaints today.,0
PAT-00098,2024-01-12 10:04:08,96.9,71,36.8,178/109,88,70.5,"This morning, headaches.",0
PAT-00098,2024-01-13 08:16:11,97.8,79,38.0,146/91,75,70.5,"This morning, chills, headache.",0
PAT-00098,2024-01-14 09:25:04,94.3,90,37.2,174/118,88,70.5,"This morning, headaches.",1
PAT-00098,2024-01-15 09:24:39,97.1,59,37.6,149/95,96,70.5,"Today, patient states mild fever.",0
PAT-00098,2024-01-16 10:47:30,97.8,102,37.3,177/116,114,70.5,"Indicates anxiety, headaches.",1
PAT-00098,2024-01-17 09:58:49,96.0,56,38.4,160/109,73,70.5,"This morning, chills, muscle aches, vision issues.",1
PAT-00098,2024-01-18 09:57:38,93.0,53,36.7,163/110,76,70.5,"Today, patient states slow pulse, vision issues.",0
PAT-00098,2024-01-19 10:05:09,91.9,64,37.5,172/100,70,70.5,"Notes shortness of breath, mild fever, headaches.",0
PAT-00098,2024-01-20 10:44:29,96.1,89,36.1,122/74,96,70.5,No significant complaints today.,0
PAT-00098,2024-01-21 10:41:42,94.5,67,36.6,111/79,93,70.5,Patient is feeling well with all parameters stable.,0
PAT-00098,2024-01-22 09:07:01,95.2,66,35.7,126/85,80,70.5,Indicates mild coldness.,0
PAT-00098,2024-01-23 10:39:34,96.5,73,37.1,150/90,96,70.5,No significant complaints today.,0
PAT-00098,2024-01-24 08:47:50,96.6,81,37.0,114/79,100,70.5,Patient denies any symptoms or discomfort.,0
PAT-00098,2024-01-25 10:41:09,97.3,50,38.2,126/75,77,70.5,"Indicates fatigue, chills, fever.",0
PAT-00098,2024-01-26 09:38:51,94.7,63,38.5,129/78,161,70.5,"This morning, severe discomfort, headache, severe blurred vision, dry mouth, frequent urination. worsening symptoms present.",0
PAT-00098,2024-01-27 10:52:49,95.9,77,37.1,189/101,90,70.5,"Patient notes that chest pain, severe headache. immediate attention may be needed.",1
PAT-00098,2024-01-28 08:56:00,96.4,62,37.3,175/111,141,70.5,"Indicates vision issues, blurred vision.",0
PAT-00098,2024-01-29 09:06:59,98.6,76,36.7,143/94,147,70.5,"This morning, dry mouth.",0
PAT-00098,2024-01-30 10:58:46,96.1,110,36.2,139/85,145,70.5,"Indicates palpitations, dry mouth.",0
PAT-00099,2024-01-01 10:10:20,95.3,97,36.5,190/102,91,48.6,"Today, patient states chest pain, severe headache. immediate attention may be needed.",0
PAT-00099,2024-01-02 10:20:54,97.8,72,37.1,133/85,129,48.6,Indicates dry mouth.,0
PAT-00099,2024-01-03 10:10:04,95.7,75,38.3,121/71,140,48.6,"This morning, headache, fever, frequent urination.",0
PAT-00099,2024-01-04 08:44:21,97.8,109,37.3,128/72,163,48.6,"Indicates palpitations, severe blurred vision, dry mouth, frequent urination. immediate attention may be needed.",0
PAT-00099,2024-01-05 09:02:12,96.2,54,38.3,135/89,180,48.6,"Notes fatigue, muscle aches, headache, severe blurred vision, dry mouth, frequent urination. worsening symptoms present.",0
PAT-00099,2024-01-06 08:49:17,97.2,57,37.4,123/70,84,48.6,Patient is feeling well with all parameters stable.,0
PAT-00099,2024-01-07 08:20:04,98.5,89,37.2,110/85,152,48.6,"Patient notes that severe blurred vision, dry mouth, frequent urination. immediate attention may be needed.",0
PAT-00099,2024-01-08 10:04:50,94.6,105,36.5,130/71,122,48.6,Patient notes that anxiety.,1
PAT-00099,2024-01-09 10:15:42,92.4,95,37.2,127/81,72,48.6,No significant complaints today.,0
PAT-00099,2024-01-10 09:12:16,94.9,50,37.7,179/102,87,48.6,"Patient notes that fatigue, body aches, chest tightness.",0
PAT-00099,2024-01-11 10:05:46,96.5,93,35.8,140/92,78,48.6,Observes lowered energy.,0
PAT-00099,2024-01-12 08:38:42,97.0,63,37.3,122/71,90,48.6,Vitals remain within acceptable limits. No issues noted.,0
PAT-00099,2024-01-13 08:03:18,97.6,60,36.9,128/77,125,48.6,No significant complaints today.,0
PAT-00099,2024-01-14 09:57:19,98.0,93,36.8,127/78,127,48.6,"This morning, blurred vision.",0
PAT-00099,2024-01-15 10:01:43,99.7,66,35.9,148/91,112,48.6,Patient describes mild coldness.,0
PAT-00099,2024-01-16 09:58:52,92.7,77,37.4,147/91,121,48.6,No symptoms reported. Vitals are within expected range.,0
PAT-00099,2024-01-17 10:28:34,96.2,77,37.2,110/74,151,48.6,"Patient notes that severe blurred vision, dry mouth, frequent urination. immediate attention may be needed.",0
PAT-00099,2024-01-18 10:21:05,94.5,88,35.7,122/79,122,48.6,"Today, patient states lowered energy.",0
PAT-00099,2024-01-19 10:15:21,95.9,83,36.0,123/74,138,48.6,"Today, patient states blurred vision.",0
PAT-00099,2024-01-20 09:19:16,99.7,90,37.1,176/116,98,48.6,Observes chest tightness.,0
PAT-00099,2024-01-21 10:46:38,96.0,77,36.5,125/71,164,48.6,"This morning, severe blurred vision, dry mouth, frequent urination. immediate attention may be needed.",0
PAT-00099,2024-01-22 10:45:07,96.6,109,37.0,129/72,160,48.6,"Notes anxiety, severe blurred vision, dry mouth, frequent urination. worsening symptoms present.",0
PAT-00099,2024-01-23 08:05:12,95.9,94,38.5,122/82,132,48.6,"Notes fever, muscle aches, frequent urination.",0
PAT-00099,2024-01-24 10:03:21,98.6,65,38.5,122/77,105,48.6,"Observes fever, severe discomfort. immediate attention may be needed.",0
PAT-00099,2024-01-25 09:51:43,95.4,95,36.6,114/70,80,48.6,Patient denies any symptoms or discomfort.,0
PAT-00099,2024-01-26 09:43:00,93.1,75,37.1,145/89,81,48.6,No significant complaints today.,0
PAT-00099,2024-01-27 09:46:44,100.0,50,37.1,127/74,99,48.6,"Today, patient states slow pulse.",1
PAT-00099,2024-01-28 08:18:24,96.4,92,37.1,149/94,147,48.6,"Today, patient states frequent urination.",0
PAT-00099,2024-01-29 09:56:50,96.5,105,36.5,122/83,74,48.6,"This morning, restlessness.",1
PAT-00099,2024-01-30 10:48:36,96.1,56,35.7,110/81,77,48.6,"This morning, mild coldness.",0
PAT-00100,2024-01-01 08:47:34,95.3,69,36.5,110/74,111,72.4,Patient denies any symptoms or discomfort.,0
PAT-00100,2024-01-02 09:00:13,99.1,89,36.5,122/82,71,72.4,No symptoms reported. Vitals are within expected range.,0
PAT-00100,2024-01-03 09:15:02,94.0,102,38.4,172/107,83,72.4,"Reports palpitations, muscle aches, fever, chest tightness.",1
PAT-00100,2024-01-04 09:17:53,95.6,60,37.0,129/73,70,72.4,Patient denies any symptoms or discomfort.,0
PAT-00100,2024-01-05 08:37:07,96.2,52,36.7,111/77,120,72.4,"This morning, lightheadedness.",0
PAT-00100,2024-01-06 08:38:16,97.5,70,37.5,135/88,94,72.4,Patient notes that night sweats.,0
PAT-00100,2024-01-07 10:38:23,96.1,67,35.7,113/75,82,72.4,Patient describes mild coldness.,0
PAT-00100,2024-01-08 10:27:02,93.3,64,35.5,187/114,148,72.4,"Patient notes that lowered energy, chest pain, severe headache, dry mouth. immediate attention may be needed.",0
PAT-00100,2024-01-09 09:40:37,96.4,90,35.6,164/101,110,72.4,"Notes lowered energy, vision issues.",1
PAT-00100,2024-01-10 09:14:32,96.0,51,38.2,113/70,90,72.4,"Patient notes that slow pulse, fever, headache.",0
PAT-00100,2024-01-11 10:13:18,94.1,99,36.7,120/82,82,72.4,Patient is feeling well with all parameters stable.,0
PAT-00100,2024-01-12 10:50:43,95.6,71,37.7,114/73,157,72.4,"Indicates body aches, severe blurred vision, dry mouth, frequent urination. immediate attention may be needed.",1
PAT-00100,2024-01-13 10:26:24,99.2,90,38.9,137/91,73,72.4,"Notes headache, chills.",1
PAT-00100,2024-01-14 08:28:00,96.1,54,37.2,124/74,124,72.4,Observes fatigue.,1
PAT-00100,2024-01-15 08:22:51,95.3,62,37.1,141/93,81,72.4,No symptoms reported. Vitals are within expected range.,0
PAT-00100,2024-01-16 09:12:43,95.0,60,37.7,112/84,77,72.4,Reports body aches.,0
PAT-00100,2024-01-17 08:20:27,92.4,61,36.3,141/93,84,72.4,No significant complaints today.,0
PAT-00100,2024-01-18 08:11:16,95.3,69,36.8,112/76,77,72.4,No significant complaints today.,0
PAT-00100,2024-01-19 09:36:16,94.4,61,37.7,122/78,93,72.4,Patient notes that body aches.,0
PAT-00100,2024-01-20 10:51:20,94.9,57,38.4,178/101,80,72.4,"Reports headache, fever, vision issues.",0
PAT-00100,2024-01-21 10:40:36,97.4,77,36.7,142/91,93,72.4,Vitals remain within acceptable limits. No issues noted.,0
PAT-00100,2024-01-22 10:13:27,93.4,100,38.8,172/103,117,72.4,"Indicates chills, severe discomfort, headaches. immediate attention may be needed.",1
PAT-00100,2024-01-23 10:35:29,97.2,102,35.7,177/100,81,72.4,"This morning, anxiety, lowered energy, chest tightness.",1
PAT-00100,2024-01-24 10:44:30,99.7,57,37.1,112/78,77,72.4,No symptoms reported. Vitals are within expected range.,0
PAT-00100,2024-01-25 10:11:10,94.1,90,37.0,129/81,83,72.4,Patient is feeling well with all parameters stable.,0
PAT-00100,2024-01-26 08:12:54,94.7,94,38.7,129/85,76,72.4,"Observes chills, severe discomfort. immediate attention may be needed.",1
PAT-00100,2024-01-27 08:11:55,96.9,107,36.6,114/80,77,72.4,Observes palpitations.,0
PAT-00100,2024-01-28 09:24:39,96.5,108,36.9,150/87,78,72.4,Indicates palpitations.,1
PAT-00100,2024-01-29 08:39:59,96.6,95,37.1,167/117,97,72.4,"This morning, headaches.",0
PAT-00100,2024-01-30 08:43:11,98.6,90,37.4,128/73,78,72.4,No symptoms reported. Vitals are within expected range.,0
PAT-00101,2024-01-01 09:39:12,95.2,97,37.2,184/105,159,62.6,"Notes chest pain, severe headache, severe blurred vision, dry mouth, frequent urination. immediate attention may be needed.",0
PAT-00101,2024-01-02 08:19:31,97.2,92,37.0,129/74,98,62.6,Vitals remain within acceptable limits. No issues noted.,0
PAT-00101,2024-01-03 09:52:20,95.8,92,38.0,140/89,92,62.6,"Observes muscle aches, chills.",0
PAT-00101,2024-01-04 09:20:27,94.3,78,36.6,149/94,72,62.6,Patient denies any symptoms or discomfort.,0
PAT-00101,2024-01-05 08:07:01,95.0,90,37.0,142/89,77,62.6,Patient is feeling well with all parameters stable.,0
PAT-00101,2024-01-06 08:49:48,93.7,56,38.5,130/74,99,62.6,"Indicates chills, headache.",0
PAT-00101,2024-01-07 08:13:04,96.2,73,39.0,188/116,92,62.6,"Observes fever, headache, chest pain, severe headache. worsening symptoms present.",0
PAT-00101,2024-01-08 10:30:01,96.3,57,36.7,110/76,87,62.6,No symptoms reported. Vitals are within expected range.,0
PAT-00101,2024-01-09 08:24:51,97.0,61,37.6,120/80,75,62.6,Notes body aches.,0
PAT-00101,2024-01-10 09:05:46,95.4,50,37.5,150/92,125,62.6,"Patient describes slow pulse, night sweats.",1
PAT-00101,2024-01-11 09:17:01,95.5,81,37.4,130/83,85,62.6,Patient denies any symptoms or discomfort.,0
PAT-00101,2024-01-12 08:27:29,93.9,56,36.4,114/81,88,62.6,Vitals remain within acceptable limits. No issues noted.,0
PAT-00101,2024-01-13 08:00:53,91.6,50,37.0,137/91,106,62.6,"Patient notes that low energy, slow pulse.",0
PAT-00101,2024-01-14 09:56:50,93.4,54,37.1,190/113,123,62.6,"Notes lightheadedness, chest pain, severe headache. worsening symptoms present.",0
PAT-00101,2024-01-15 09:20:38,97.3,57,37.7,130/76,73,62.6,"Today, patient states body aches.",0
PAT-00101,2024-01-16 10:49:36,97.9,81,37.4,125/78,119,62.6,No significant complaints today.,0
PAT-00101,2024-01-17 10:58:45,95.1,76,36.6,173/101,88,62.6,Patient notes that vision issues.,1
PAT-00101,2024-01-18 08:55:18,96.4,109,36.8,182/106,74,62.6,"Observes restlessness, chest pain, severe headache. immediate attention may be needed.",0
PAT-00101,2024-01-19 08:08:47,98.6,53,39.0,128/78,150,62.6,"This morning, lightheadedness, chills, fever, severe blurred vision, dry mouth, frequent urination. worsening symptoms present.",1
PAT-00101,2024-01-20 10:45:59,95.3,107,37.5,130/72,91,62.6,"Notes palpitations, night sweats.",0
PAT-00101,2024-01-21 09:14:16,95.9,90,36.2,110/72,137,62.6,Indicates frequent urination.,0
PAT-00101,2024-01-22 10:58:56,100.0,65,37.2,134/88,118,62.6,Vitals remain within acceptable limits. No issues noted.,0
PAT-00101,2024-01-23 09:11:52,96.3,88,36.0,130/75,80,62.6,Vitals remain within acceptable limits. No issues noted.,0
PAT-00101,2024-01-24 10:32:44,95.7,57,38.6,162/116,94,62.6,"Today, patient states severe discomfort, chills, chest tightness. immediate attention may be needed.",0
PAT-00101,2024-01-25 10:34:41,94.5,105,36.2,131/90,121,62.6,Notes anxiety.,0
PAT-00101,2024-01-26 10:03:24,93.7,51,36.1,116/78,88,62.6,Patient notes that slow pulse.,1
PAT-00101,2024-01-27 09:47:36,92.9,79,37.1,147/89,82,62.6,No significant complaints today.,0
PAT-00101,2024-01-28 10:27:43,96.8,104,37.0,129/78,162,62.6,"Today, patient states restlessness, severe blurred vision, dry mouth, frequent urination. worsening symptoms present.",1
PAT-00101,2024-01-29 10:15:00,98.8,87,38.8,129/84,74,62.6,"Reports chills, headache.",0
PAT-00101,2024-01-30 10:03:36,93.4,52,36.5,143/86,150,62.6,"This morning, fatigue, severe blurred vision, dry mouth, frequent urination. immediate attention may be needed.",1
PAT-00102,2024-01-01 09:20:22,93.5,88,37.0,140/92,121,86.6,No significant complaints today.,0
PAT-00102,2024-01-02 09:31:42,93.1,106,35.7,122/80,80,86.6,"Patient notes that restlessness, lowered energy.",0
PAT-00102,2024-01-03 08:16:30,94.7,73,36.9,118/70,70,86.6,Vitals remain within acceptable limits. No issues noted.,0
PAT-00102,2024-01-04 10:28:21,96.2,58,36.0,185/113,95,86.6,"This morning, chest pain, severe headache. immediate attention may be needed.",0
PAT-00102,2024-01-05 08:22:04,89.8,103,36.8,142/90,142,86.6,"This morning, dizziness, palpitations, blurred vision.",0
PAT-00102,2024-01-06 09:16:04,95.1,106,36.8,128/85,109,86.6,"This morning, palpitations.",0
PAT-00102,2024-01-07 08:12:33,95.1,73,38.3,127/83,70,86.6,"Patient notes that severe discomfort, chills. worsening symptoms present.",0
PAT-00102,2024-01-08 08:46:04,95.9,104,36.8,160/107,83,86.6,"Notes palpitations, chest tightness.",1
PAT-00102,2024-01-09 09:09:58,94.8,66,36.8,126/83,71,86.6,No symptoms reported. Vitals are within expected range.,0
PAT-00102,2024-01-10 10:21:46,94.4,91,35.5,127/77,70,86.6,Reports lowered energy.,0
PAT-00102,2024-01-11 10:37:00,98.3,78,37.3,123/72,178,86.6,"Indicates severe blurred vision, dry mouth, frequent urination. worsening symptoms present.",0
PAT-00102,2024-01-12 10:56:31,94.6,64,36.8,118/80,135,86.6,Notes frequent urination.,0
PAT-00102,2024-01-13 09:24:39,95.2,68,35.6,126/70,79,86.6,Patient describes lowered energy.,0
PAT-00102,2024-01-14 09:48:49,94.2,56,36.5,145/89,158,86.6,"Patient describes severe blurred vision, dry mouth, frequent urination. worsening symptoms present.",0
PAT-00102,2024-01-15 09:40:40,94.5,53,35.9,128/78,169,86.6,"Patient describes lightheadedness, lowered energy, severe blurred vision, dry mouth, frequent urination. immediate attention may be needed.",0
PAT-00102,2024-01-16 09:00:10,94.1,59,38.0,118/78,74,86.6,"Reports fever, chills.",0
PAT-00102,2024-01-17 10:38:48,99.6,94,37.0,120/78,89,86.6,Vitals remain within acceptable limits. No issues noted.,0
PAT-00102,2024-01-18 08:54:19,94.1,94,38.8,161/107,103,86.6,"Indicates severe discomfort, headache, vision issues. immediate attention may be needed.",1
PAT-00102,2024-01-19 10:27:29,92.6,55,37.1,149/90,103,86.6,No symptoms reported. Vitals are within expected range.,0
PAT-00102,2024-01-20 10:57:27,96.7,98,37.1,189/116,123,86.6,"This morning, chest pain, severe headache. immediate attention may be needed.",0
PAT-00102,2024-01-21 10:33:48,92.4,83,37.0,114/80,176,86.6,"Observes severe blurred vision, dry mouth, frequent urination. worsening symptoms present.",0
PAT-00102,2024-01-22 09:06:36,93.8,73,36.6,115/77,167,86.6,"Today, patient states severe blurred vision, dry mouth, frequent urination. immediate attention may be needed.",0
PAT-00102,2024-01-23 09:01:47,96.0,80,36.7,121/82,171,86.6,"Notes severe blurred vision, dry mouth, frequent urination. immediate attention may be needed.",0
PAT-00102,2024-01-24 09:53:30,94.7,69,35.7,189/116,76,86.6,"Indicates mild coldness, chest pain, severe headache. immediate attention may be needed.",0
PAT-00102,2024-01-25 08:24:25,93.3,52,37.0,128/76,168,86.6,"Reports slow pulse, severe blurred vision, dry mouth, frequent urination. immediate attention may be needed.",0
PAT-00102,2024-01-26 10:59:57,99.7,85,38.2,132/92,87,86.6,"Notes severe discomfort, chills. worsening symptoms present.",1
PAT-00102,2024-01-27 09:52:23,94.4,86,35.6,120/79,83,86.6,Observes mild coldness.,0
PAT-00102,2024-01-28 08:08:29,98.4,52,37.1,117/85,73,86.6,Patient describes fatigue.,1
PAT-00102,2024-01-29 08:14:30,96.8,60,37.2,128/71,71,86.6,No significant complaints today.,0
PAT-00102,2024-01-30 09:55:51,96.0,107,36.6,150/95,84,86.6,Notes palpitations.,0
PAT-00103,2024-01-01 09:37:20,97.0,54,37.2,132/95,95,82.5,Observes fatigue.,1
PAT-00103,2024-01-02 09:12:37,95.4,58,37.1,132/93,87,82.5,Vitals remain within acceptable limits. No issues noted.,0
PAT-00103,2024-01-03 10:13:29,92.0,106,37.1,162/111,88,82.5,"Indicates palpitations, headaches.",1
PAT-00103,2024-01-04 10:37:19,95.5,71,36.5,126/82,75,82.5,Patient denies any symptoms or discomfort.,0
PAT-00103,2024-01-05 08:32:16,97.7,77,36.6,146/92,83,82.5,Patient denies any symptoms or discomfort.,0
PAT-00103,2024-01-06 08:55:09,97.2,90,36.7,130/95,85,82.5,No symptoms reported. Vitals are within expected range.,0
PAT-00103,2024-01-07 08:15:37,97.2,102,36.0,133/87,103,82.5,Patient describes anxiety.,0
PAT-00103,2024-01-08 09:47:05,94.2,58,36.8,127/73,74,82.5,No symptoms reported. Vitals are within expected range.,0
PAT-00103,2024-01-09 10:49:08,95.6,90,36.6,130/85,126,82.5,Observes dry mouth.,0
PAT-00103,2024-01-10 10:02:55,92.9,63,37.7,131/92,88,82.5,"Today, patient states mild fever.",0
PAT-00103,2024-01-11 08:37:35,100.0,94,36.9,142/93,89,82.5,Patient is feeling well with all parameters stable.,0
PAT-00103,2024-01-12 09:57:45,99.9,76,38.8,123/79,164,82.5,"Today, patient states headache, fever, severe blurred vision, dry mouth, frequent urination. worsening symptoms present.",1
PAT-00103,2024-01-13 08:26:31,96.7,100,35.8,144/93,119,82.5,"Today, patient states lowered energy.",0
PAT-00103,2024-01-14 08:21:22,93.9,104,38.8,130/92,114,82.5,"Today, patient states palpitations, fever, chills.",1
PAT-00103,2024-01-15 09:21:40,95.9,61,36.8,140/92,91,82.5,No significant complaints today.,0
PAT-00103,2024-01-16 08:41:05,95.0,76,37.6,125/77,86,82.5,Notes night sweats.,0
PAT-00103,2024-01-17 09:23:32,97.4,77,38.1,116/73,72,82.5,"Notes muscle aches, fever.",0
PAT-00103,2024-01-18 08:41:58,95.8,82,37.0,133/87,99,82.5,No significant complaints today.,0
PAT-00103,2024-01-19 08:12:25,95.0,77,36.9,124/73,110,82.5,Patient denies any symptoms or discomfort.,0
PAT-00103,2024-01-20 10:04:47,95.9,61,36.5,128/84,98,82.5,Patient denies any symptoms or discomfort.,0
PAT-00103,2024-01-21 09:34:03,96.7,94,36.4,117/79,95,82.5,No significant complaints today.,0
PAT-00103,2024-01-22 09:32:18,92.5,68,36.7,143/92,88,82.5,No symptoms reported. Vitals are within expected range.,0
PAT-00103,2024-01-23 08:52:49,96.6,103,37.1,123/79,96,82.5,Reports palpitations.,1
PAT-00103,2024-01-24 08:39:20,90.2,75,36.9,136/92,116,82.5,"Today, patient states low energy.",1
PAT-00103,2024-01-25 09:37:31,95.8,71,36.8,124/75,89,82.5,Vitals remain within acceptable limits. No issues noted.,0
PAT-00103,2024-01-26 08:06:32,96.7,56,37.4,147/88,171,82.5,"Patient describes severe blurred vision, dry mouth, frequent urination. immediate attention may be needed.",0
PAT-00103,2024-01-27 08:21:35,97.3,101,36.0,189/109,90,82.5,"Today, patient states palpitations, chest pain, severe headache. immediate attention may be needed.",1
PAT-00103,2024-01-28 09:05:24,96.2,87,37.1,183/111,130,82.5,"Patient notes that chest pain, severe headache, frequent urination. worsening symptoms present.",0
PAT-00103,2024-01-29 09:34:15,93.0,108,36.8,123/82,70,82.5,"Today, patient states restlessness.",1
PAT-00103,2024-01-30 09:54:30,94.7,54,37.5,172/105,123,82.5,"Patient notes that lightheadedness, night sweats, vision issues.",0
PAT-00104,2024-01-01 10:05:58,98.1,110,36.7,125/78,93,67.9,Reports anxiety.,0
PAT-00104,2024-01-02 09:00:21,93.0,60,36.5,190/105,105,67.9,"Reports chest pain, severe headache. worsening symptoms present.",1
PAT-00104,2024-01-03 08:25:36,96.1,77,36.0,132/95,109,67.9,Patient is feeling well with all parameters stable.,0
PAT-00104,2024-01-04 09:53:17,94.0,105,38.0,172/101,92,67.9,"Indicates anxiety, muscle aches, chills, vision issues.",1
PAT-00104,2024-01-05 09:01:47,100.0,94,37.0,128/74,117,67.9,No significant complaints today.,0
PAT-00104,2024-01-06 10:40:15,95.3,66,36.3,184/100,95,67.9,"This morning, chest pain, severe headache. immediate attention may be needed.",0
PAT-00104,2024-01-07 10:22:59,92.1,83,38.0,130/94,93,67.9,"This morning, severe discomfort, headache. immediate attention may be needed.",0
PAT-00104,2024-01-08 08:26:24,96.9,74,38.3,124/73,119,67.9,"Observes headache, severe discomfort. immediate attention may be needed.",0
PAT-00104,2024-01-09 08:00:08,94.3,55,37.2,122/77,78,67.9,No symptoms reported. Vitals are within expected range.,0
PAT-00104,2024-01-10 08:50:54,93.7,52,36.6,114/77,78,67.9,Patient describes slow pulse.,0
PAT-00104,2024-01-11 08:46:28,96.1,73,38.6,127/77,98,67.9,"Patient notes that headache, severe discomfort. worsening symptoms present.",0
PAT-00104,2024-01-12 08:06:30,96.4,104,35.7,129/72,80,67.9,"Notes palpitations, lowered energy.",1
PAT-00104,2024-01-13 08:17:18,96.1,90,36.4,149/87,139,67.9,Patient notes that blurred vision.,0
PAT-00104,2024-01-14 09:54:25,94.5,89,37.3,121/83,145,67.9,Observes blurred vision.,0
PAT-00104,2024-01-15 08:35:24,97.5,67,37.1,145/87,112,67.9,No symptoms reported. Vitals are within expected range.,0
PAT-00104,2024-01-16 10:37:50,97.8,101,36.8,130/82,98,67.9,Patient notes that anxiety.,0
PAT-00104,2024-01-17 08:40:11,95.3,75,36.3,144/91,108,67.9,No significant complaints today.,0
PAT-00104,2024-01-18 10:02:01,94.1,96,36.9,189/117,110,67.9,"Patient describes chest pain, severe headache. worsening symptoms present.",0
PAT-00104,2024-01-19 10:51:21,98.3,100,36.1,112/76,96,67.9,No significant complaints today.,0
PAT-00104,2024-01-20 10:16:56,96.5,77,37.0,172/115,74,67.9,"Today, patient states chest tightness.",0
PAT-00104,2024-01-21 09:30:48,95.4,97,35.6,117/72,78,67.9,Notes lowered energy.,0
PAT-00104,2024-01-22 10:44:05,95.6,71,38.7,125/79,88,67.9,"Patient notes that chills, severe discomfort. immediate attention may be needed.",0
PAT-00104,2024-01-23 09:44:50,94.2,108,38.0,124/84,163,67.9,"This morning, restlessness, chills, fever, severe blurred vision, dry mouth, frequent urination. worsening symptoms present.",1
PAT-00104,2024-01-24 08:18:00,98.8,59,36.8,120/79,107,67.9,Vitals remain within acceptable limits. No issues noted.,0
PAT-00104,2024-01-25 10:27:27,96.3,51,37.3,176/106,71,67.9,"Patient notes that slow pulse, vision issues.",1
PAT-00104,2024-01-26 08:06:46,94.7,82,37.1,147/92,77,67.9,No significant complaints today.,0
PAT-00104,2024-01-27 08:37:05,97.7,70,35.6,112/72,142,67.9,"Indicates mild coldness, dry mouth.",0
PAT-00104,2024-01-28 08:40:06,97.2,50,36.9,125/72,87,67.9,Reports fatigue.,0
PAT-00104,2024-01-29 10:25:40,90.3,76,38.4,140/91,79,67.9,"Patient describes shortness of breath, muscle aches, headache.",0
PAT-00104,2024-01-30 10:41:53,93.2,50,37.3,114/83,96,67.9,"Today, patient states slow pulse.",0
PAT-00105,2024-01-01 10:04:23,95.3,98,37.1,115/76,100,69.6,No symptoms reported. Vitals are within expected range.,0
PAT-00105,2024-01-02 08:11:12,98.2,61,37.5,115/83,97,69.6,Patient notes that night sweats.,0
PAT-00105,2024-01-03 08:43:20,96.3,89,38.2,134/87,79,69.6,"Notes fever, severe discomfort. worsening symptoms present.",1
PAT-00105,2024-01-04 08:25:26,97.5,75,36.6,161/103,80,69.6,Notes chest tightness.,0
PAT-00105,2024-01-05 10:36:09,95.4,60,35.9,163/112,153,69.6,"This morning, mild coldness, chest tightness, severe blurred vision, dry mouth, frequent urination. immediate attention may be needed.",1
PAT-00105,2024-01-06 08:17:02,95.8,61,36.1,120/77,97,69.6,Patient is feeling well with all parameters stable.,0
PAT-00105,2024-01-07 10:11:03,95.6,71,37.1,172/104,90,69.6,Reports chest tightness.,1
PAT-00105,2024-01-08 10:39:48,94.0,61,35.6,112/73,94,69.6,Notes mild coldness.,0
PAT-00105,2024-01-09 08:14:36,97.5,51,37.4,116/77,90,69.6,Patient notes that lightheadedness.,1
PAT-00105,2024-01-10 09:07:50,93.6,66,36.9,115/77,93,69.6,No significant complaints today.,0
PAT-00105,2024-01-11 09:43:18,93.7,100,36.5,134/88,79,69.6,Patient denies any symptoms or discomfort.,0
PAT-00105,2024-01-12 09:19:49,94.5,99,38.4,129/84,153,69.6,"Notes fever, chills, severe blurred vision, dry mouth, frequent urination. worsening symptoms present.",0
PAT-00105,2024-01-13 09:27:12,99.0,98,37.2,135/85,93,69.6,Patient is feeling well with all parameters stable.,0
PAT-00105,2024-01-14 09:48:29,94.0,80,37.6,145/95,98,69.6,Notes mild fever.,0
PAT-00105,2024-01-15 10:40:40,94.8,71,37.4,115/85,96,69.6,No significant complaints today.,0
PAT-00105,2024-01-16 09:53:49,96.5,62,37.1,140/87,150,69.6,"Observes severe blurred vision, dry mouth, frequent urination. immediate attention may be needed.",1
PAT-00105,2024-01-17 09:36:54,97.3,62,37.0,118/85,94,69.6,Patient is feeling well with all parameters stable.,0
PAT-00105,2024-01-18 09:50:15,93.7,87,37.2,130/71,89,69.6,Vitals remain within acceptable limits. No issues noted.,0
PAT-00105,2024-01-19 09:06:17,95.5,75,36.8,141/88,77,69.6,Patient denies any symptoms or discomfort.,0
PAT-00105,2024-01-20 10:23:10,97.5,99,36.6,124/78,99,69.6,Vitals remain within acceptable limits. No issues noted.,0
PAT-00105,2024-01-21 10:20:42,94.7,67,37.1,140/88,87,69.6,Patient is feeling well with all parameters stable.,0
PAT-00105,2024-01-22 10:56:49,98.2,78,37.3,127/80,173,69.6,"Today, patient states severe blurred vision, dry mouth, frequent urination. immediate attention may be needed.",0
PAT-00105,2024-01-23 08:56:58,99.8,102,36.7,145/94,74,69.6,Reports restlessness.,0
PAT-00105,2024-01-24 08:10:41,94.9,57,38.2,150/91,76,69.6,"Patient notes that severe discomfort, chills. immediate attention may be needed.",0
PAT-00105,2024-01-25 10:18:26,100.0,77,36.9,120/83,77,69.6,Vitals remain within acceptable limits. No issues noted.,0
PAT-00105,2024-01-26 08:25:46,96.4,58,37.0,114/79,118,69.6,Patient denies any symptoms or discomfort.,0
PAT-00105,2024-01-27 10:15:39,96.2,109,37.1,127/72,83,69.6,Patient notes that palpitations.,0
PAT-00105,2024-01-28 10:32:05,95.0,93,35.7,122/76,122,69.6,Reports lowered energy.,0
PAT-00105,2024-01-29 08:31:51,97.8,66,37.8,125/74,112,69.6,Indicates mild fever.,0
PAT-00105,2024-01-30 08:06:17,98.2,58,36.9,179/113,96,69.6,Patient describes headaches.,0
PAT-00106,2024-01-01 08:24:46,94.4,68,36.6,128/76,103,54.7,No symptoms reported. Vitals are within expected range.,0
PAT-00106,2024-01-02 09:25:50,94.8,53,37.2,128/79,95,54.7,Observes fatigue.,1
PAT-00106,2024-01-03 10:17:53,98.7,64,39.0,128/75,82,54.7,"Observes muscle aches, severe discomfort. immediate attention may be needed.",0
PAT-00106,2024-01-04 08:38:06,95.6,104,36.5,164/118,97,54.7,"Notes anxiety, vision issues.",0
PAT-00106,2024-01-05 09:52:36,94.1,54,37.3,176/102,91,54.7,"Observes lightheadedness, chest tightness.",0
PAT-00106,2024-01-06 09:45:18,94.9,108,35.7,144/86,89,54.7,"Patient describes restlessness, lowered energy.",0
PAT-00106,2024-01-07 10:14:13,96.3,70,36.8,137/94,73,54.7,No symptoms reported. Vitals are within expected range.,0
PAT-00106,2024-01-08 09:06:10,94.9,101,37.4,128/70,73,54.7,"Today, patient states restlessness.",0
PAT-00106,2024-01-09 09:46:37,93.6,50,37.2,132/88,77,54.7,Notes lightheadedness.,1
PAT-00106,2024-01-10 08:30:58,95.9,103,36.4,125/76,91,54.7,Reports restlessness.,0
PAT-00106,2024-01-11 10:34:51,95.1,82,37.2,168/102,93,54.7,Reports chest tightness.,0
PAT-00106,2024-01-12 09:38:13,98.1,50,37.2,132/89,99,54.7,Reports slow pulse.,1
PAT-00106,2024-01-13 08:18:37,96.5,80,37.2,148/95,91,54.7,No symptoms reported. Vitals are within expected range.,0
PAT-00106,2024-01-14 08:54:19,96.0,110,36.2,135/85,74,54.7,Observes anxiety.,0
PAT-00106,2024-01-15 08:25:58,97.8,58,37.0,111/72,98,54.7,Patient is feeling well with all parameters stable.,0
PAT-00106,2024-01-16 09:09:07,94.7,96,38.1,138/93,98,54.7,"Notes muscle aches, severe discomfort. worsening symptoms present.",1
PAT-00106,2024-01-17 08:13:20,95.0,66,36.5,162/113,71,54.7,Indicates vision issues.,1
PAT-00106,2024-01-18 10:06:31,98.0,86,38.8,128/73,139,54.7,"Reports severe discomfort, headache, blurred vision. immediate attention may be needed.",0
PAT-00106,2024-01-19 09:06:54,92.6,82,36.8,132/92,73,54.7,Patient is feeling well with all parameters stable.,0
PAT-00106,2024-01-20 10:06:37,98.3,60,36.7,119/70,74,54.7,Vitals remain within acceptable limits. No issues noted.,0
PAT-00106,2024-01-21 10:55:00,96.5,65,36.6,189/116,161,54.7,"Reports chest pain, severe headache, severe blurred vision, dry mouth, frequent urination. immediate attention may be needed.",0
PAT-00106,2024-01-22 08:08:53,95.6,107,37.2,144/95,109,54.7,"This morning, restlessness.",0
PAT-00106,2024-01-23 10:04:49,97.8,89,36.1,129/76,153,54.7,"Indicates severe blurred vision, dry mouth, frequent urination. worsening symptoms present.",0
PAT-00106,2024-01-24 09:31:24,96.1,99,37.9,143/88,89,54.7,"Today, patient states mild fever.",0
PAT-00106,2024-01-25 08:02:58,99.0,80,36.9,145/89,89,54.7,Vitals remain within acceptable limits. No issues noted.,0
PAT-00106,2024-01-26 08:50:36,97.5,99,37.3,115/77,90,54.7,No symptoms reported. Vitals are within expected range.,0
PAT-00106,2024-01-27 09:18:56,97.4,91,38.4,112/77,72,54.7,"Patient notes that muscle aches, chills.",0
PAT-00106,2024-01-28 10:42:27,98.0,60,36.7,115/82,102,54.7,Patient denies any symptoms or discomfort.,0
PAT-00106,2024-01-29 09:52:22,99.3,100,37.2,115/80,105,54.7,No significant complaints today.,0
PAT-00106,2024-01-30 08:00:08,98.9,80,36.4,121/79,157,54.7,"Reports severe blurred vision, dry mouth, frequent urination. worsening symptoms present.",1
PAT-00107,2024-01-01 09:37:34,98.4,109,38.3,129/78,86,81.0,"Observes anxiety, muscle aches, headache.",0
PAT-00107,2024-01-02 10:36:38,97.3,53,38.2,131/85,81,81.0,"Observes lightheadedness, severe discomfort, muscle aches. immediate attention may be needed.",1
PAT-00107,2024-01-03 10:58:25,93.0,96,38.0,121/81,175,81.0,"This morning, severe discomfort, muscle aches, severe blurred vision, dry mouth, frequent urination. worsening symptoms present.",0
PAT-00107,2024-01-04 08:28:40,96.8,51,36.4,124/74,82,81.0,"This morning, fatigue.",1
PAT-00107,2024-01-05 09:25:23,94.9,60,36.8,118/82,97,81.0,Vitals remain within acceptable limits. No issues noted.,0
PAT-00107,2024-01-06 08:42:02,98.2,62,38.3,119/78,73,81.0,"Observes chills, fever.",1
PAT-00107,2024-01-07 09:55:11,96.5,68,36.6,161/116,84,81.0,Patient describes chest tightness.,1
PAT-00107,2024-01-08 10:52:26,97.3,103,36.5,127/71,121,81.0,Reports restlessness.,1
PAT-00107,2024-01-09 10:09:00,95.2,75,36.7,173/105,106,81.0,Reports vision issues.,1
PAT-00107,2024-01-10 10:10:08,92.6,53,37.1,114/74,75,81.0,"This morning, lightheadedness.",1
PAT-00107,2024-01-11 10:17:30,92.4,70,36.9,134/93,76,81.0,Patient denies any symptoms or discomfort.,0
PAT-00107,2024-01-12 10:38:19,95.4,61,38.4,110/78,131,81.0,"Reports fever, muscle aches, dry mouth.",1
PAT-00107,2024-01-13 08:45:07,97.4,89,36.4,117/81,91,81.0,No significant complaints today.,0
PAT-00107,2024-01-14 08:20:49,95.6,90,38.4,144/87,75,81.0,"Patient describes severe discomfort, chills. worsening symptoms present.",0
PAT-00107,2024-01-15 09:18:07,97.6,60,35.5,121/85,87,81.0,Indicates mild coldness.,0
PAT-00107,2024-01-16 08:08:59,97.9,107,36.5,110/72,70,81.0,Reports restlessness.,0
PAT-00107,2024-01-17 10:21:15,93.6,54,39.0,132/94,110,81.0,"Notes lightheadedness, severe discomfort, fever. immediate attention may be needed.",0
PAT-00107,2024-01-18 10:26:51,98.9,104,36.8,119/74,87,81.0,"This morning, palpitations.",1
PAT-00107,2024-01-19 10:43:35,98.9,109,36.5,167/100,82,81.0,"Indicates palpitations, headaches.",1
PAT-00107,2024-01-20 10:41:45,97.0,90,35.8,110/77,84,81.0,"This morning, mild coldness.",0
PAT-00107,2024-01-21 10:39:46,95.4,104,37.2,118/77,123,81.0,Patient describes restlessness.,0
PAT-00107,2024-01-22 09:35:20,94.8,55,36.2,125/81,118,81.0,No symptoms reported. Vitals are within expected range.,0
PAT-00107,2024-01-23 10:48:17,93.8,65,37.2,148/85,96,81.0,Patient denies any symptoms or discomfort.,0
PAT-00107,2024-01-24 09:36:40,96.3,61,38.1,119/81,104,81.0,"Patient describes severe discomfort, headache. immediate attention may be needed.",1
PAT-00107,2024-01-25 10:03:24,94.6,100,36.9,123/84,77,81.0,Vitals remain within acceptable limits. No issues noted.,0
PAT-00107,2024-01-26 09:23:28,99.4,88,35.7,111/72,82,81.0,"This morning, lowered energy.",0
PAT-00107,2024-01-27 08:59:14,94.8,73,38.5,147/86,79,81.0,"This morning, severe discomfort, fever. immediate attention may be needed.",0
PAT-00107,2024-01-28 10:01:32,97.2,54,36.7,136/92,93,81.0,"This morning, fatigue.",0
PAT-00107,2024-01-29 09:18:17,95.5,69,37.7,174/115,137,81.0,"Notes night sweats, chest tightness, frequent urination.",1
PAT-00107,2024-01-30 08:47:09,96.0,98,36.8,115/76,79,81.0,No symptoms reported. Vitals are within expected range.,0
PAT-00108,2024-01-01 09:05:29,94.9,52,36.0,139/86,123,57.5,Patient notes that fatigue.,0
PAT-00108,2024-01-02 09:38:06,96.4,100,38.9,127/80,80,57.5,"Patient describes headache, muscle aches.",1
PAT-00108,2024-01-03 09:36:51,96.2,72,36.8,130/87,78,57.5,No significant complaints today.,0
PAT-00108,2024-01-04 09:03:15,94.8,96,35.5,117/74,119,57.5,Notes lowered energy.,0
PAT-00108,2024-01-05 08:54:05,98.6,70,36.8,130/74,116,57.5,Patient is feeling well with all parameters stable.,0
PAT-00108,2024-01-06 08:17:01,99.8,94,36.0,179/113,112,57.5,Reports chest tightness.,0
PAT-00108,2024-01-07 08:31:18,97.3,90,37.2,115/74,96,57.5,No symptoms reported. Vitals are within expected range.,0
PAT-00108,2024-01-08 09:05:26,98.2,104,37.3,127/75,98,57.5,Patient notes that palpitations.,1
PAT-00108,2024-01-09 10:11:57,96.1,72,38.2,142/94,76,57.5,"Observes headache, fever.",0
PAT-00108,2024-01-10 08:52:22,98.3,91,36.9,166/103,179,57.5,"This morning, chest tightness, severe blurred vision, dry mouth, frequent urination. worsening symptoms present.",0
PAT-00108,2024-01-11 09:34:49,95.1,55,36.8,130/87,74,57.5,Vitals remain within acceptable limits. No issues noted.,0
PAT-00108,2024-01-12 08:42:37,97.7,91,38.5,113/77,90,57.5,"Patient notes that chills, severe discomfort. worsening symptoms present.",0
PAT-00108,2024-01-13 09:38:31,96.5,62,35.7,179/101,70,57.5,"Patient describes mild coldness, vision issues.",0
PAT-00108,2024-01-14 10:41:21,97.5,73,37.3,133/91,104,57.5,No significant complaints today.,0
PAT-00108,2024-01-15 09:45:45,95.3,60,38.9,168/115,102,57.5,"Notes severe discomfort, muscle aches, headaches. immediate attention may be needed.",1
PAT-00108,2024-01-16 09:37:39,95.8,85,38.4,114/77,70,57.5,"Today, patient states muscle aches, severe discomfort. immediate attention may be needed.",0
PAT-00108,2024-01-17 08:05:24,95.9,60,35.8,130/84,84,57.5,Notes mild coldness.,0
PAT-00108,2024-01-18 09:28:46,96.4,99,36.2,117/84,70,57.5,Patient denies any symptoms or discomfort.,0
PAT-00108,2024-01-19 09:48:22,99.0,66,37.1,149/86,99,57.5,Vitals remain within acceptable limits. No issues noted.,0
PAT-00108,2024-01-20 09:27:26,98.5,82,36.6,143/90,71,57.5,Patient is feeling well with all parameters stable.,0
PAT-00108,2024-01-21 10:30:41,94.6,56,38.8,112/74,100,57.5,"Reports severe discomfort, chills. worsening symptoms present.",0
PAT-00108,2024-01-22 10:20:30,93.9,77,35.8,111/83,91,57.5,Patient describes mild coldness.,0
PAT-00108,2024-01-23 08:04:43,95.7,63,35.8,122/85,90,57.5,Patient describes lowered energy.,0
PAT-00108,2024-01-24 09:40:27,96.3,66,36.9,120/77,74,57.5,Patient is feeling well with all parameters stable.,0
PAT-00108,2024-01-25 10:31:07,92.0,58,36.7,171/118,104,57.5,"This morning, chest tightness.",1
PAT-00108,2024-01-26 10:33:46,96.2,54,36.8,130/81,113,57.5,Indicates lightheadedness.,1
PAT-00108,2024-01-27 09:54:09,96.1,59,36.8,169/106,100,57.5,Patient describes chest tightness.,0
PAT-00108,2024-01-28 08:29:53,96.3,55,36.8,117/74,141,57.5,Reports frequent urination.,0
PAT-00108,2024-01-29 09:27:22,92.7,79,36.5,150/93,97,57.5,Vitals remain within acceptable limits. No issues noted.,0
PAT-00108,2024-01-30 10:13:08,96.7,75,38.2,147/89,73,57.5,"Indicates headache, chills.",0
PAT-00109,2024-01-01 10:04:56,97.1,100,38.3,188/106,99,75.0,"Patient describes severe discomfort, chills, chest pain, severe headache. immediate attention may be needed.",1
PAT-00109,2024-01-02 09:42:55,90.9,60,36.9,122/81,75,75.0,Observes low energy.,1
PAT-00109,2024-01-03 08:27:28,93.2,97,38.4,141/86,177,75.0,"This morning, chills, headache, severe blurred vision, dry mouth, frequent urination. worsening symptoms present.",0
PAT-00109,2024-01-04 09:22:14,94.1,90,37.3,117/85,96,75.0,Vitals remain within acceptable limits. No issues noted.,0
PAT-00109,2024-01-05 09:59:48,94.8,72,36.6,129/85,152,75.0,"Notes severe blurred vision, dry mouth, frequent urination. worsening symptoms present.",0
PAT-00109,2024-01-06 10:18:37,96.6,73,35.9,135/87,78,75.0,Patient notes that lowered energy.,0
PAT-00109,2024-01-07 08:19:26,98.3,110,38.7,134/90,70,75.0,"Observes restlessness, severe discomfort, chills. immediate attention may be needed.",0
PAT-00109,2024-01-08 10:59:21,94.2,51,38.0,114/71,113,75.0,"Indicates lightheadedness, headache, severe discomfort. immediate attention may be needed.",0
PAT-00109,2024-01-09 08:47:20,96.5,50,37.6,129/84,118,75.0,"Notes lightheadedness, night sweats.",1
PAT-00109,2024-01-10 08:08:36,94.4,63,36.6,169/113,97,75.0,Patient notes that vision issues.,1
PAT-00109,2024-01-11 08:09:50,96.8,66,36.7,139/92,114,75.0,No significant complaints today.,0
PAT-00109,2024-01-12 09:31:46,95.6,78,36.9,174/104,81,75.0,Notes chest tightness.,0
PAT-00109,2024-01-13 08:29:01,97.2,96,36.6,167/120,119,75.0,"This morning, vision issues.",0
PAT-00109,2024-01-14 09:35:43,98.7,86,36.4,114/77,76,75.0,Patient is feeling well with all parameters stable.,0
PAT-00109,2024-01-15 10:03:59,95.8,78,36.7,118/80,72,75.0,Vitals remain within acceptable limits. No issues noted.,0
PAT-00109,2024-01-16 09:49:46,96.1,74,37.4,110/82,76,75.0,Patient is feeling well with all parameters stable.,0
PAT-00109,2024-01-17 10:08:54,98.2,58,38.3,173/106,100,75.0,"This morning, fever, severe discomfort, chest tightness. immediate attention may be needed.",0
PAT-00109,2024-01-18 08:57:56,95.1,83,37.2,126/79,86,75.0,Patient is feeling well with all parameters stable.,0
PAT-00109,2024-01-19 09:52:16,93.3,58,37.4,166/106,174,75.0,"Observes chest tightness, severe blurred vision, dry mouth, frequent urination. worsening symptoms present.",1
PAT-00109,2024-01-20 10:36:24,94.9,60,36.7,146/87,92,75.0,Vitals remain within acceptable limits. No issues noted.,0
PAT-00109,2024-01-21 10:47:40,97.3,51,38.1,116/82,70,75.0,"Observes fatigue, muscle aches, severe discomfort. worsening symptoms present.",1
PAT-00109,2024-01-22 10:08:01,96.7,107,36.8,171/113,78,75.0,"Patient describes anxiety, vision issues.",1
PAT-00109,2024-01-23 08:09:16,97.4,109,38.8,171/102,99,75.0,"Patient describes anxiety, chills, muscle aches, chest tightness.",1
PAT-00109,2024-01-24 09:18:25,97.5,93,36.4,125/81,176,75.0,"Patient describes severe blurred vision, dry mouth, frequent urination. worsening symptoms present.",1
PAT-00109,2024-01-25 08:13:33,99.8,83,37.9,126/71,109,75.0,Reports night sweats.,0
PAT-00109,2024-01-26 08:17:15,96.0,51,36.2,121/82,150,75.0,"Patient notes that slow pulse, severe blurred vision, dry mouth, frequent urination. immediate attention may be needed.",0
PAT-00109,2024-01-27 08:53:21,99.2,66,38.5,126/73,143,75.0,"Notes severe discomfort, chills, dry mouth. immediate attention may be needed.",0
PAT-00109,2024-01-28 09:32:03,94.4,53,35.7,111/70,103,75.0,"Observes fatigue, lowered energy.",1
PAT-00109,2024-01-29 08:31:53,94.4,104,37.1,177/108,128,75.0,"This morning, palpitations, vision issues, blurred vision.",1
PAT-00109,2024-01-30 10:06:25,97.3,88,36.1,179/116,122,75.0,"Today, patient states vision issues.",1
PAT-00110,2024-01-01 08:27:05,98.2,63,37.3,141/93,99,53.9,Vitals remain within acceptable limits. No issues noted.,0
PAT-00110,2024-01-02 10:27:07,97.9,62,38.8,128/85,96,53.9,"Patient notes that headache, severe discomfort. worsening symptoms present.",0
PAT-00110,2024-01-03 10:33:12,98.4,81,36.4,116/75,83,53.9,Vitals remain within acceptable limits. No issues noted.,0
PAT-00110,2024-01-04 08:46:20,99.6,90,36.0,140/93,106,53.9,Patient is feeling well with all parameters stable.,0
PAT-00110,2024-01-05 09:22:41,97.1,77,37.4,112/81,83,53.9,Vitals remain within acceptable limits. No issues noted.,0
PAT-00110,2024-01-06 10:09:34,98.1,101,39.0,137/90,107,53.9,"Notes palpitations, severe discomfort, chills. immediate attention may be needed.",1
PAT-00110,2024-01-07 09:42:09,97.0,63,38.0,124/85,147,53.9,"Patient notes that severe discomfort, fever, blurred vision. worsening symptoms present.",1
PAT-00110,2024-01-08 09:59:27,96.0,103,38.3,177/115,89,53.9,"This morning, palpitations, fever, chills, chest tightness.",0
PAT-00110,2024-01-09 09:13:10,95.7,88,37.4,144/87,85,53.9,Vitals remain within acceptable limits. No issues noted.,0
PAT-00110,2024-01-10 10:35:51,99.6,60,36.8,117/78,146,53.9,Patient notes that blurred vision.,0
PAT-00110,2024-01-11 10:03:10,94.0,55,37.7,134/93,149,53.9,"Reports night sweats, dry mouth.",0
PAT-00110,2024-01-12 08:51:34,94.2,104,38.3,136/85,87,53.9,"Patient describes anxiety, headache, chills.",1
PAT-00110,2024-01-13 08:35:55,93.6,52,36.9,125/85,115,53.9,Reports fatigue.,1
PAT-00110,2024-01-14 10:18:08,95.7,70,36.5,114/85,90,53.9,Patient is feeling well with all parameters stable.,0
PAT-00110,2024-01-15 08:49:38,93.6,50,35.7,110/84,102,53.9,"Patient describes lightheadedness, mild coldness.",0
PAT-00110,2024-01-16 10:54:17,99.3,64,36.3,116/79,121,53.9,Vitals remain within acceptable limits. No issues noted.,0
PAT-00110,2024-01-17 08:56:43,92.9,50,38.1,121/85,97,53.9,"Reports slow pulse, headache, severe discomfort. worsening symptoms present.",0
PAT-00110,2024-01-18 10:57:27,96.3,89,37.2,113/85,73,53.9,No significant complaints today.,0
PAT-00110,2024-01-19 10:39:27,94.4,71,37.2,122/82,124,53.9,Vitals remain within acceptable limits. No issues noted.,0
PAT-00110,2024-01-20 09:02:38,94.8,79,39.0,183/112,116,53.9,"Notes chills, severe discomfort, chest pain, severe headache. worsening symptoms present.",1
PAT-00110,2024-01-21 08:01:39,98.8,55,35.9,114/75,99,53.9,"This morning, lowered energy.",0
PAT-00110,2024-01-22 09:43:45,94.7,71,37.0,166/114,89,53.9,"This morning, chest tightness.",0
PAT-00110,2024-01-23 08:37:04,95.1,84,36.7,118/77,89,53.9,Vitals remain within acceptable limits. No issues noted.,0
PAT-00110,2024-01-24 08:23:44,97.8,69,36.8,125/77,113,53.9,No symptoms reported. Vitals are within expected range.,0
PAT-00110,2024-01-25 09:31:50,95.2,110,35.7,128/73,72,53.9,"Reports restlessness, mild coldness.",0
PAT-00110,2024-01-26 09:45:53,94.8,89,35.8,164/113,100,53.9,"Patient describes mild coldness, vision issues.",0
PAT-00110,2024-01-27 09:35:36,96.9,82,36.3,166/108,97,53.9,Patient notes that headaches.,0
PAT-00110,2024-01-28 10:58:54,95.6,66,36.6,117/80,79,53.9,No significant complaints today.,0
PAT-00110,2024-01-29 09:57:05,100.0,79,35.8,115/73,79,53.9,Indicates lowered energy.,0
PAT-00110,2024-01-30 09:24:15,95.3,106,36.9,123/82,97,53.9,"Today, patient states restlessness.",0
PAT-00111,2024-01-01 08:56:13,93.7,51,37.0,125/74,96,68.5,Observes slow pulse.,0
PAT-00111,2024-01-02 08:49:33,98.9,52,38.0,139/91,87,68.5,"Indicates fatigue, muscle aches, chills.",0
PAT-00111,2024-01-03 09:00:02,96.1,85,37.5,111/74,100,68.5,Observes body aches.,0
PAT-00111,2024-01-04 08:19:42,94.2,56,36.6,110/80,102,68.5,Patient denies any symptoms or discomfort.,0
PAT-00111,2024-01-05 09:17:13,97.1,94,36.0,145/86,112,68.5,No symptoms reported. Vitals are within expected range.,0
PAT-00111,2024-01-06 10:44:46,98.7,53,37.1,167/110,113,68.5,"Observes slow pulse, chest tightness.",1
PAT-00111,2024-01-07 08:51:00,94.9,62,36.9,111/71,123,68.5,Patient denies any symptoms or discomfort.,0
PAT-00111,2024-01-08 08:33:52,94.8,79,36.9,128/77,130,68.5,Indicates frequent urination.,0
PAT-00111,2024-01-09 10:00:51,96.8,90,38.4,119/71,75,68.5,"Patient notes that severe discomfort, chills. worsening symptoms present.",0
PAT-00111,2024-01-10 09:04:21,96.2,77,36.6,149/87,89,68.5,Patient denies any symptoms or discomfort.,0
PAT-00111,2024-01-11 10:14:03,95.6,98,36.6,117/84,83,68.5,No symptoms reported. Vitals are within expected range.,0
PAT-00111,2024-01-12 08:49:26,96.8,72,36.9,115/70,116,68.5,Patient is feeling well with all parameters stable.,0
PAT-00111,2024-01-13 08:43:40,95.6,103,38.6,146/86,81,68.5,"Notes anxiety, muscle aches, headache.",0
PAT-00111,2024-01-14 08:55:22,96.1,53,36.6,112/72,101,68.5,"Today, patient states fatigue.",1
PAT-00111,2024-01-15 10:15:00,95.4,87,35.5,129/83,85,68.5,Indicates mild coldness.,0
PAT-00111,2024-01-16 09:08:06,97.8,77,36.0,178/103,173,68.5,"This morning, headaches, severe blurred vision, dry mouth, frequent urination. worsening symptoms present.",1
PAT-00111,2024-01-17 10:14:30,97.2,56,37.2,183/111,120,68.5,"Patient describes chest pain, severe headache. worsening symptoms present.",1
PAT-00111,2024-01-18 08:25:51,93.9,105,36.8,123/85,122,68.5,Indicates palpitations.,0
PAT-00111,2024-01-19 08:42:33,95.7,77,36.6,136/91,99,68.5,Vitals remain within acceptable limits. No issues noted.,0
PAT-00111,2024-01-20 10:33:57,94.3,60,36.4,121/70,72,68.5,Patient is feeling well with all parameters stable.,0
PAT-00111,2024-01-21 09:59:25,92.8,52,37.8,128/75,75,68.5,"Observes fatigue, night sweats.",1
PAT-00111,2024-01-22 10:32:00,96.2,108,35.8,116/84,90,68.5,"Observes restlessness, mild coldness.",1
PAT-00111,2024-01-23 09:10:11,93.9,58,35.8,189/120,164,68.5,"Indicates mild coldness, chest pain, severe headache, severe blurred vision, dry mouth, frequent urination. immediate attention may be needed.",1
PAT-00111,2024-01-24 10:15:51,99.2,100,37.4,128/73,74,68.5,No significant complaints today.,0
PAT-00111,2024-01-25 10:30:30,94.3,104,37.0,134/91,80,68.5,Indicates anxiety.,0
PAT-00111,2024-01-26 08:35:53,100.0,96,36.7,147/90,123,68.5,No significant complaints today.,0
PAT-00111,2024-01-27 08:59:04,98.3,54,37.3,133/92,73,68.5,Patient notes that fatigue.,1
PAT-00111,2024-01-28 10:12:36,95.5,51,36.7,114/81,112,68.5,Reports fatigue.,1
PAT-00111,2024-01-29 09:05:41,95.2,93,36.8,119/83,71,68.5,No significant complaints today.,0
PAT-00111,2024-01-30 08:00:45,98.7,59,36.5,135/89,78,68.5,Patient denies any symptoms or discomfort.,0
PAT-00112,2024-01-01 09:35:53,98.1,57,37.0,141/95,84,81.9,Patient is feeling well with all parameters stable.,0
PAT-00112,2024-01-02 10:01:49,96.3,94,36.7,128/76,70,81.9,No symptoms reported. Vitals are within expected range.,0
PAT-00112,2024-01-03 10:56:09,96.6,70,37.4,180/100,72,81.9,Observes vision issues.,0
PAT-00112,2024-01-04 08:31:17,95.8,52,36.6,128/70,112,81.9,Patient notes that slow pulse.,0
PAT-00112,2024-01-05 08:10:14,100.0,87,35.5,116/83,89,81.9,Reports mild coldness.,0
PAT-00112,2024-01-06 08:24:10,96.0,88,37.0,111/70,125,81.9,Patient is feeling well with all parameters stable.,0
PAT-00112,2024-01-07 08:08:51,96.4,98,37.3,115/82,90,81.9,Patient is feeling well with all parameters stable.,0
PAT-00112,2024-01-08 09:44:51,98.4,108,36.8,124/81,141,81.9,"Notes restlessness, frequent urination.",1
PAT-00112,2024-01-09 10:51:20,92.2,75,36.9,112/78,79,81.9,Patient denies any symptoms or discomfort.,0
PAT-00112,2024-01-10 09:57:26,97.3,81,36.7,125/78,101,81.9,Patient denies any symptoms or discomfort.,0
PAT-00112,2024-01-11 09:50:13,100.0,101,37.0,180/109,78,81.9,"Notes restlessness, chest tightness.",0
PAT-00112,2024-01-12 08:17:24,97.6,80,36.0,123/83,81,81.9,No significant complaints today.,0
PAT-00112,2024-01-13 10:12:50,93.0,69,36.2,147/88,121,81.9,Patient denies any symptoms or discomfort.,0
PAT-00112,2024-01-14 09:40:10,96.2,103,36.4,145/88,113,81.9,Notes restlessness.,0
PAT-00112,2024-01-15 08:09:01,99.5,104,36.7,175/111,159,81.9,"Notes restlessness, chest tightness, severe blurred vision, dry mouth, frequent urination. immediate attention may be needed.",1
PAT-00112,2024-01-16 10:26:49,96.5,85,38.0,179/117,76,81.9,"Observes muscle aches, severe discomfort, chest tightness. worsening symptoms present.",0
PAT-00112,2024-01-17 10:21:55,97.8,107,36.4,161/111,70,81.9,"Patient notes that anxiety, headaches.",1
PAT-00112,2024-01-18 09:46:02,97.8,79,36.6,115/78,112,81.9,Patient is feeling well with all parameters stable.,0
PAT-00112,2024-01-19 10:52:00,96.9,91,37.0,124/76,143,81.9,"Today, patient states blurred vision.",0
PAT-00112,2024-01-20 10:29:28,94.9,53,36.8,125/74,97,81.9,Patient notes that slow pulse.,1
PAT-00112,2024-01-21 09:42:40,98.8,81,35.9,110/77,117,81.9,Reports mild coldness.,0
PAT-00112,2024-01-22 09:35:22,96.4,63,36.7,171/101,91,81.9,Patient describes chest tightness.,0
PAT-00112,2024-01-23 09:01:42,95.4,52,36.5,147/86,109,81.9,Patient notes that lightheadedness.,1
PAT-00112,2024-01-24 08:08:58,97.9,104,36.0,149/89,124,81.9,"Today, patient states anxiety.",0
PAT-00112,2024-01-25 09:39:54,97.8,86,36.7,184/110,76,81.9,"Reports chest pain, severe headache. worsening symptoms present.",0
PAT-00112,2024-01-26 10:57:06,98.5,63,36.8,114/77,91,81.9,Patient denies any symptoms or discomfort.,0
PAT-00112,2024-01-27 08:17:55,96.6,65,36.7,122/81,75,81.9,No significant complaints today.,0
PAT-00112,2024-01-28 08:35:27,96.2,102,36.6,115/81,103,81.9,Patient describes anxiety.,0
PAT-00112,2024-01-29 09:14:33,94.9,66,36.0,147/95,111,81.9,No significant complaints today.,0
PAT-00112,2024-01-30 09:05:16,96.3,60,37.1,123/71,177,81.9,"Reports severe blurred vision, dry mouth, frequent urination. worsening symptoms present.",0
PAT-00113,2024-01-01 09:06:05,95.7,105,37.9,181/109,111,77.9,"Today, patient states restlessness, night sweats, chest pain, severe headache. worsening symptoms present.",0
PAT-00113,2024-01-02 10:02:59,93.7,103,37.8,114/85,105,77.9,"Observes anxiety, mild fever.",1
PAT-00113,2024-01-03 08:28:16,98.9,72,35.6,113/74,180,77.9,"Patient notes that mild coldness, severe blurred vision, dry mouth, frequent urination. worsening symptoms present.",1
PAT-00113,2024-01-04 09:27:46,95.6,83,36.0,184/105,94,77.9,"Observes chest pain, severe headache. immediate attention may be needed.",1
PAT-00113,2024-01-05 08:11:48,95.7,73,36.6,110/78,159,77.9,"Reports severe blurred vision, dry mouth, frequent urination. worsening symptoms present.",0
PAT-00113,2024-01-06 10:28:25,94.9,65,38.6,110/71,153,77.9,"Reports severe discomfort, chills, severe blurred vision, dry mouth, frequent urination. worsening symptoms present.",0
PAT-00113,2024-01-07 09:15:01,96.1,97,38.8,149/94,110,77.9,"Indicates fever, headache.",0
PAT-00113,2024-01-08 09:21:02,99.9,82,37.0,120/74,99,77.9,Vitals remain within acceptable limits. No issues noted.,0
PAT-00113,2024-01-09 09:14:43,97.0,93,35.8,190/105,94,77.9,"Notes mild coldness, chest pain, severe headache. worsening symptoms present.",0
PAT-00113,2024-01-10 10:58:35,94.6,76,35.6,131/89,116,77.9,Reports lowered energy.,0
PAT-00113,2024-01-11 10:09:03,97.1,94,37.3,121/77,82,77.9,No significant complaints today.,0
PAT-00113,2024-01-12 08:54:43,95.1,52,36.9,127/75,95,77.9,"Today, patient states slow pulse.",0
PAT-00113,2024-01-13 09:08:30,96.3,101,38.4,121/84,82,77.9,"Reports restlessness, chills, fever.",0
PAT-00113,2024-01-14 09:37:01,98.9,83,36.0,119/78,106,77.9,Patient denies any symptoms or discomfort.,0
PAT-00113,2024-01-15 10:12:41,98.5,69,37.3,167/113,165,77.9,"Today, patient states headaches, severe blurred vision, dry mouth, frequent urination. worsening symptoms present.",1
PAT-00113,2024-01-16 08:56:02,95.3,110,38.2,135/95,88,77.9,"Reports restlessness, headache, fever.",0
PAT-00113,2024-01-17 09:09:43,96.4,78,37.3,113/84,164,77.9,"This morning, severe blurred vision, dry mouth, frequent urination. immediate attention may be needed.",0
PAT-00113,2024-01-18 09:51:04,94.7,89,35.5,124/76,97,77.9,Reports mild coldness.,0
PAT-00113,2024-01-19 08:43:39,98.1,92,38.4,131/93,85,77.9,"This morning, chills, severe discomfort. immediate attention may be needed.",0
PAT-00113,2024-01-20 10:15:25,96.3,78,38.8,132/90,114,77.9,"Observes chills, headache.",0
PAT-00113,2024-01-21 08:49:01,96.3,101,36.5,114/84,85,77.9,Indicates palpitations.,0
PAT-00113,2024-01-22 09:54:38,95.4,59,36.6,112/81,97,77.9,No symptoms reported. Vitals are within expected range.,0
PAT-00113,2024-01-23 09:17:20,96.9,50,37.5,160/105,100,77.9,"Today, patient states lightheadedness, body aches, headaches.",0
PAT-00113,2024-01-24 10:39:02,96.5,88,37.2,116/79,90,77.9,No symptoms reported. Vitals are within expected range.,0
PAT-00113,2024-01-25 08:38:20,94.8,106,38.6,122/84,94,77.9,"Patient describes restlessness, fever, chills.",1
PAT-00113,2024-01-26 10:49:46,96.9,96,38.9,138/91,91,77.9,"Notes headache, muscle aches.",1
PAT-00113,2024-01-27 10:45:46,94.8,64,37.0,137/91,87,77.9,No symptoms reported. Vitals are within expected range.,0
PAT-00113,2024-01-28 08:56:15,97.6,107,37.2,114/84,105,77.9,Patient describes palpitations.,0
PAT-00113,2024-01-29 09:06:15,95.4,53,36.4,118/82,71,77.9,Notes lightheadedness.,0
PAT-00113,2024-01-30 08:06:15,93.4,58,36.7,127/75,81,77.9,Patient is feeling well with all parameters stable.,0
PAT-00114,2024-01-01 08:49:35,97.8,96,38.9,112/82,116,105.6,"Today, patient states fever, headache.",1
PAT-00114,2024-01-02 08:15:34,95.2,78,38.0,112/85,141,105.6,"Notes headache, fever, dry mouth.",0
PAT-00114,2024-01-03 09:30:11,95.0,50,36.1,111/70,81,105.6,Reports lightheadedness.,0
PAT-00114,2024-01-04 10:06:49,98.7,61,36.9,125/70,84,105.6,Vitals remain within acceptable limits. No issues noted.,0
PAT-00114,2024-01-05 08:17:35,97.1,71,37.0,187/100,125,105.6,"Patient notes that chest pain, severe headache. immediate attention may be needed.",0
PAT-00114,2024-01-06 08:29:00,94.7,106,39.0,121/72,174,105.6,"Notes palpitations, severe discomfort, fever, severe blurred vision, dry mouth, frequent urination. worsening symptoms present.",1
PAT-00114,2024-01-07 09:23:16,92.3,89,36.6,121/83,89,105.6,Patient is feeling well with all parameters stable.,0
PAT-00114,2024-01-08 10:25:22,100.0,100,37.0,122/73,164,105.6,"This morning, severe blurred vision, dry mouth, frequent urination. immediate attention may be needed.",0
PAT-00114,2024-01-09 09:05:15,95.0,104,36.4,124/73,122,105.6,Observes anxiety.,1
PAT-00114,2024-01-10 09:15:37,92.5,101,36.4,142/86,104,105.6,Observes anxiety.,0
PAT-00114,2024-01-11 09:59:49,95.6,57,36.9,127/77,70,105.6,No significant complaints today.,0
PAT-00114,2024-01-12 09:13:29,94.9,51,38.7,116/85,93,105.6,"This morning, fatigue, fever, chills.",1
PAT-00114,2024-01-13 10:59:45,95.1,99,37.4,122/72,79,105.6,Vitals remain within acceptable limits. No issues noted.,0
PAT-00114,2024-01-14 09:11:31,99.6,103,37.3,166/106,126,105.6,"Reports restlessness, vision issues, blurred vision.",1
PAT-00114,2024-01-15 09:49:06,96.8,81,37.1,119/75,120,105.6,No significant complaints today.,0
PAT-00114,2024-01-16 08:18:32,99.4,97,37.2,163/119,82,105.6,Observes vision issues.,1
PAT-00114,2024-01-17 09:16:30,94.6,60,36.9,186/108,82,105.6,"Patient notes that chest pain, severe headache. immediate attention may be needed.",1
PAT-00114,2024-01-18 10:24:37,99.3,106,35.8,125/70,76,105.6,"Patient describes restlessness, mild coldness.",0
PAT-00114,2024-01-19 10:14:31,95.7,81,36.5,129/77,151,105.6,"Today, patient states severe blurred vision, dry mouth, frequent urination. worsening symptoms present.",1
PAT-00114,2024-01-20 08:48:22,95.9,59,36.1,115/74,94,105.6,Patient is feeling well with all parameters stable.,0
PAT-00114,2024-01-21 09:59:03,93.9,72,37.1,120/77,78,105.6,No symptoms reported. Vitals are within expected range.,0
PAT-00114,2024-01-22 09:03:24,93.6,83,37.4,134/94,132,105.6,Indicates blurred vision.,0
PAT-00114,2024-01-23 10:10:17,94.4,75,36.8,133/93,76,105.6,No symptoms reported. Vitals are within expected range.,0
PAT-00114,2024-01-24 10:07:28,99.3,108,37.3,122/71,115,105.6,Indicates restlessness.,0
PAT-00114,2024-01-25 10:50:53,96.1,106,36.0,130/78,118,105.6,Notes restlessness.,0
PAT-00114,2024-01-26 09:39:38,94.6,50,36.1,120/75,99,105.6,Reports lightheadedness.,0
PAT-00114,2024-01-27 08:17:34,98.3,87,38.3,173/110,83,105.6,"Reports muscle aches, fever, vision issues.",0
PAT-00114,2024-01-28 08:27:04,99.2,105,36.6,116/80,113,105.6,Reports palpitations.,1
PAT-00114,2024-01-29 08:53:06,94.2,65,36.0,149/92,149,105.6,Indicates dry mouth.,0
PAT-00114,2024-01-30 10:55:48,95.9,103,37.0,163/113,119,105.6,"Observes restlessness, vision issues.",0
PAT-00115,2024-01-01 10:32:04,96.8,92,37.6,178/106,159,57.6,"Patient describes body aches, vision issues, severe blurred vision, dry mouth, frequent urination. immediate attention may be needed.",0
PAT-00115,2024-01-02 08:44:03,98.5,93,35.6,116/70,85,57.6,Observes mild coldness.,0
PAT-00115,2024-01-03 09:12:50,97.7,95,38.2,133/91,107,57.6,"Reports chills, headache.",0
PAT-00115,2024-01-04 08:04:30,93.8,79,37.0,126/80,108,57.6,No symptoms reported. Vitals are within expected range.,0
PAT-00115,2024-01-05 09:44:38,94.4,91,36.8,137/92,169,57.6,"This morning, severe blurred vision, dry mouth, frequent urination. worsening symptoms present.",0
PAT-00115,2024-01-06 10:18:23,95.3,106,38.2,120/77,110,57.6,"Reports anxiety, headache, chills.",0
PAT-00115,2024-01-07 09:46:13,99.2,109,36.2,130/74,74,57.6,Patient notes that restlessness.,0
PAT-00115,2024-01-08 09:04:53,97.2,109,37.2,115/80,87,57.6,Notes palpitations.,1
PAT-00115,2024-01-09 09:57:11,96.7,93,37.2,115/76,112,57.6,No symptoms reported. Vitals are within expected range.,0
PAT-00115,2024-01-10 10:34:25,94.6,67,36.2,128/78,111,57.6,No symptoms reported. Vitals are within expected range.,0
PAT-00115,2024-01-11 08:46:49,98.4,77,37.3,138/90,140,57.6,Patient notes that blurred vision.,0
PAT-00115,2024-01-12 08:38:15,93.6,50,37.1,188/115,89,57.6,"Patient notes that fatigue, chest pain, severe headache. worsening symptoms present.",0
PAT-00115,2024-01-13 10:02:41,96.6,78,37.0,143/95,145,57.6,Indicates dry mouth.,0
PAT-00115,2024-01-14 09:58:46,98.9,50,36.6,147/94,164,57.6,"Reports lightheadedness, severe blurred vision, dry mouth, frequent urination. immediate attention may be needed.",0
PAT-00115,2024-01-15 10:49:57,95.5,53,37.3,120/72,83,57.6,Reports fatigue.,0
PAT-00115,2024-01-16 08:13:39,95.3,75,36.7,166/113,154,57.6,"Indicates chest tightness, severe blurred vision, dry mouth, frequent urination. worsening symptoms present.",0
PAT-00115,2024-01-17 08:30:42,93.4,67,37.1,139/85,92,57.6,No significant complaints today.,0
PAT-00115,2024-01-18 08:41:10,92.4,110,37.1,135/89,103,57.6,"Today, patient states anxiety.",0
PAT-00115,2024-01-19 08:26:43,94.0,89,36.4,117/75,123,57.6,Vitals remain within acceptable limits. No issues noted.,0
PAT-00115,2024-01-20 09:19:57,95.1,60,38.3,133/93,132,57.6,"This morning, muscle aches, severe discomfort, dry mouth. immediate attention may be needed.",0
PAT-00115,2024-01-21 10:55:54,100.0,68,36.4,114/70,75,57.6,Patient is feeling well with all parameters stable.,0
PAT-00115,2024-01-22 09:00:44,95.4,59,37.1,119/84,83,57.6,No symptoms reported. Vitals are within expected range.,0
PAT-00115,2024-01-23 08:42:47,98.8,58,36.5,123/72,80,57.6,No significant complaints today.,0
PAT-00115,2024-01-24 08:39:51,96.3,78,38.9,139/86,79,57.6,"Today, patient states headache, muscle aches.",1
PAT-00115,2024-01-25 10:45:04,94.8,96,37.0,144/85,110,57.6,Patient is feeling well with all parameters stable.,0
PAT-00115,2024-01-26 09:53:20,94.9,62,35.6,130/71,158,57.6,"Observes mild coldness, severe blurred vision, dry mouth, frequent urination. worsening symptoms present.",0
PAT-00115,2024-01-27 10:57:52,99.4,92,37.9,110/76,146,57.6,"Notes night sweats, dry mouth.",0
PAT-00115,2024-01-28 10:37:11,93.3,91,38.1,130/75,77,57.6,"Observes headache, severe discomfort. immediate attention may be needed.",0
PAT-00115,2024-01-29 10:59:27,96.8,79,37.1,135/87,88,57.6,Patient is feeling well with all parameters stable.,0
PAT-00115,2024-01-30 08:34:24,96.9,51,35.7,178/108,72,57.6,"Patient describes lightheadedness, mild coldness, vision issues.",0
PAT-00116,2024-01-01 08:50:50,93.3,54,37.3,134/89,90,71.2,"This morning, slow pulse.",0
PAT-00116,2024-01-02 09:27:43,91.7,65,37.0,126/76,143,71.2,"Today, patient states dizziness, blurred vision.",0
PAT-00116,2024-01-03 10:33:34,100.0,79,36.8,117/77,142,71.2,Indicates blurred vision.,0
PAT-00116,2024-01-04 10:33:24,91.6,73,37.0,149/89,93,71.2,Observes shortness of breath.,0
PAT-00116,2024-01-05 09:51:18,96.8,95,36.5,119/77,123,71.2,Vitals remain within acceptable limits. No issues noted.,0
PAT-00116,2024-01-06 10:08:35,94.7,100,37.3,120/70,114,71.2,Patient is feeling well with all parameters stable.,0
PAT-00116,2024-01-07 09:52:53,95.4,50,38.8,128/81,136,71.2,"Notes slow pulse, severe discomfort, muscle aches, frequent urination. worsening symptoms present.",1
PAT-00116,2024-01-08 09:53:40,97.3,87,36.5,110/77,162,71.2,"Observes severe blurred vision, dry mouth, frequent urination. worsening symptoms present.",0
PAT-00116,2024-01-09 10:55:27,91.0,54,35.8,120/76,80,71.2,"Observes low energy, lightheadedness, lowered energy.",1
PAT-00116,2024-01-10 09:29:07,96.0,85,36.6,147/93,138,71.2,Patient describes blurred vision.,0
PAT-00116,2024-01-11 10:21:17,92.2,94,39.0,127/84,76,71.2,"Observes muscle aches, severe discomfort. worsening symptoms present.",0
PAT-00116,2024-01-12 10:27:27,96.2,74,36.9,148/93,119,71.2,Vitals remain within acceptable limits. No issues noted.,0
PAT-00116,2024-01-13 08:26:44,97.1,63,36.8,124/70,97,71.2,Patient denies any symptoms or discomfort.,0
PAT-00116,2024-01-14 08:05:54,99.3,68,37.3,129/84,99,71.2,No symptoms reported. Vitals are within expected range.,0
PAT-00116,2024-01-15 08:48:13,96.2,85,36.6,126/78,125,71.2,No symptoms reported. Vitals are within expected range.,0
PAT-00116,2024-01-16 09:25:30,93.6,86,36.4,171/113,83,71.2,Patient notes that vision issues.,1
PAT-00116,2024-01-17 09:04:34,95.9,83,37.3,126/83,70,71.2,Vitals remain within acceptable limits. No issues noted.,0
PAT-00116,2024-01-18 09:42:18,97.5,68,38.5,128/75,76,71.2,"Patient notes that muscle aches, chills.",1
PAT-00116,2024-01-19 10:27:36,94.5,106,36.5,120/70,108,71.2,Patient describes restlessness.,1
PAT-00116,2024-01-20 09:26:54,94.3,108,35.6,117/85,110,71.2,"This morning, restlessness, mild coldness.",1
PAT-00116,2024-01-21 10:57:16,95.0,88,37.0,115/83,72,71.2,Patient denies any symptoms or discomfort.,0
PAT-00116,2024-01-22 10:10:57,96.4,70,36.1,185/114,133,71.2,"Patient describes chest pain, severe headache, dry mouth. worsening symptoms present.",0
PAT-00116,2024-01-23 09:03:55,97.7,97,36.8,147/90,171,71.2,"Indicates severe blurred vision, dry mouth, frequent urination. immediate attention may be needed.",0
PAT-00116,2024-01-24 08:48:24,94.3,87,36.5,119/72,90,71.2,Patient is feeling well with all parameters stable.,0
PAT-00116,2024-01-25 10:41:18,96.8,59,38.7,117/83,117,71.2,"Today, patient states fever, headache.",1
PAT-00116,2024-01-26 09:14:01,94.0,92,38.6,130/86,97,71.2,"Observes chills, headache.",0
PAT-00116,2024-01-27 08:51:39,98.5,60,36.3,116/70,124,71.2,Patient denies any symptoms or discomfort.,0
PAT-00116,2024-01-28 09:09:58,96.6,87,35.5,145/92,81,71.2,Indicates lowered energy.,0
PAT-00116,2024-01-29 08:24:20,96.5,56,36.6,114/71,106,71.2,Patient is feeling well with all parameters stable.,0
PAT-00116,2024-01-30 09:19:43,95.2,69,37.2,116/78,82,71.2,Patient is feeling well with all parameters stable.,0
PAT-00117,2024-01-01 08:06:34,97.2,51,36.8,114/76,77,98.9,Indicates fatigue.,1
PAT-00117,2024-01-02 08:30:45,95.9,50,38.7,144/88,179,98.9,"Notes lightheadedness, headache, muscle aches, severe blurred vision, dry mouth, frequent urination. worsening symptoms present.",0
PAT-00117,2024-01-03 09:29:56,98.0,73,36.2,115/83,98,98.9,Vitals remain within acceptable limits. No issues noted.,0
PAT-00117,2024-01-04 08:25:28,97.7,107,37.9,140/85,86,98.9,"Indicates anxiety, body aches.",1
PAT-00117,2024-01-05 09:50:31,98.0,90,36.7,141/94,78,98.9,Patient is feeling well with all parameters stable.,0
PAT-00117,2024-01-06 09:53:32,96.1,82,36.5,120/74,163,98.9,"Patient notes that severe blurred vision, dry mouth, frequent urination. worsening symptoms present.",0
PAT-00117,2024-01-07 09:47:29,96.3,98,36.8,130/88,85,98.9,Vitals remain within acceptable limits. No issues noted.,0
PAT-00117,2024-01-08 09:35:30,96.8,99,37.0,110/78,104,98.9,Vitals remain within acceptable limits. No issues noted.,0
PAT-00117,2024-01-09 09:29:22,96.0,62,36.2,139/94,84,98.9,Patient is feeling well with all parameters stable.,0
PAT-00117,2024-01-10 09:05:04,98.9,55,38.8,125/76,167,98.9,"Patient describes chills, fever, severe blurred vision, dry mouth, frequent urination. worsening symptoms present.",0
PAT-00117,2024-01-11 10:45:02,95.1,59,36.8,118/71,125,98.9,No significant complaints today.,0
PAT-00117,2024-01-12 09:22:46,95.6,106,36.5,164/107,173,98.9,"Notes restlessness, vision issues, severe blurred vision, dry mouth, frequent urination. immediate attention may be needed.",1
PAT-00117,2024-01-13 10:51:21,93.8,60,36.5,123/81,77,98.9,Patient is feeling well with all parameters stable.,0
PAT-00117,2024-01-14 08:55:43,98.8,52,37.1,123/83,101,98.9,Patient describes slow pulse.,1
PAT-00117,2024-01-15 08:16:29,96.9,90,38.3,128/72,130,98.9,"Patient notes that fever, chills, dry mouth.",0
PAT-00117,2024-01-16 08:05:38,98.2,59,37.6,126/82,179,98.9,"Reports night sweats, severe blurred vision, dry mouth, frequent urination. immediate attention may be needed.",0
PAT-00117,2024-01-17 08:43:56,95.9,55,36.8,126/76,173,98.9,"Indicates severe blurred vision, dry mouth, frequent urination. worsening symptoms present.",0
PAT-00117,2024-01-18 09:25:27,94.8,62,37.3,119/79,85,98.9,Vitals remain within acceptable limits. No issues noted.,0
PAT-00117,2024-01-19 08:32:41,94.9,84,36.6,130/83,86,98.9,No symptoms reported. Vitals are within expected range.,0
PAT-00117,2024-01-20 09:46:29,96.1,108,35.9,123/82,91,98.9,"This morning, anxiety, lowered energy.",1
PAT-00117,2024-01-21 08:47:23,96.5,94,37.0,121/82,80,98.9,No symptoms reported. Vitals are within expected range.,0
PAT-00117,2024-01-22 10:41:39,96.4,51,36.3,138/87,92,98.9,"Today, patient states lightheadedness.",0
PAT-00117,2024-01-23 08:36:45,97.9,65,36.3,145/91,99,98.9,No symptoms reported. Vitals are within expected range.,0
PAT-00117,2024-01-24 09:17:53,99.1,75,36.9,117/83,75,98.9,No symptoms reported. Vitals are within expected range.,0
PAT-00117,2024-01-25 09:03:22,99.0,92,36.2,136/86,160,98.9,"Observes severe blurred vision, dry mouth, frequent urination. immediate attention may be needed.",1
PAT-00117,2024-01-26 09:31:19,97.4,74,36.6,137/88,161,98.9,"Reports severe blurred vision, dry mouth, frequent urination. immediate attention may be needed.",0
PAT-00117,2024-01-27 10:47:32,95.3,100,36.1,165/108,114,98.9,Notes headaches.,0
PAT-00117,2024-01-28 08:12:20,94.8,79,38.7,118/79,73,98.9,"Today, patient states fever, chills.",1
PAT-00117,2024-01-29 09:41:14,92.7,55,37.4,112/83,113,98.9,Vitals remain within acceptable limits. No issues noted.,0
PAT-00117,2024-01-30 09:19:06,94.9,53,36.1,162/106,99,98.9,"Today, patient states fatigue, chest tightness.",0
PAT-00118,2024-01-01 09:32:23,96.6,53,36.6,118/83,124,89.5,Reports fatigue.,0
PAT-00118,2024-01-02 10:59:33,98.0,107,36.8,141/95,75,89.5,Reports anxiety.,0
PAT-00118,2024-01-03 10:20:21,98.4,59,37.2,185/119,101,89.5,"Notes chest pain, severe headache. worsening symptoms present.",1
PAT-00118,2024-01-04 10:50:04,98.7,95,38.6,127/82,110,89.5,"Observes muscle aches, fever.",1
PAT-00118,2024-01-05 10:11:13,95.7,77,35.7,166/103,88,89.5,"Reports mild coldness, headaches.",0
PAT-00118,2024-01-06 10:48:02,96.7,83,37.2,111/76,87,89.5,No significant complaints today.,0
PAT-00118,2024-01-07 09:12:16,91.8,52,38.2,182/119,96,89.5,"Patient notes that shortness of breath, fatigue, chills, fever, chest pain, severe headache. worsening symptoms present.",1
PAT-00118,2024-01-08 10:53:15,94.4,84,37.2,111/73,75,89.5,Patient denies any symptoms or discomfort.,0
PAT-00118,2024-01-09 09:09:30,94.7,88,36.0,136/89,102,89.5,No significant complaints today.,0
PAT-00118,2024-01-10 10:25:05,92.9,66,36.0,167/102,110,89.5,Patient notes that vision issues.,1
PAT-00118,2024-01-11 08:04:20,98.9,67,37.3,111/76,129,89.5,Notes dry mouth.,0
PAT-00118,2024-01-12 09:34:05,97.4,93,37.3,131/94,173,89.5,"Observes severe blurred vision, dry mouth, frequent urination. immediate attention may be needed.",1
PAT-00118,2024-01-13 10:19:42,95.8,84,36.8,120/80,114,89.5,Vitals remain within acceptable limits. No issues noted.,0
PAT-00118,2024-01-14 08:47:51,97.4,69,38.6,120/79,103,89.5,"Reports severe discomfort, chills. immediate attention may be needed.",0
PAT-00118,2024-01-15 10:54:57,92.9,59,37.3,138/90,74,89.5,Vitals remain within acceptable limits. No issues noted.,0
PAT-00118,2024-01-16 09:43:05,91.5,89,35.5,129/73,70,89.5,"Observes dizziness, mild coldness.",0
PAT-00118,2024-01-17 09:44:39,100.0,92,36.7,130/85,98,89.5,Patient is feeling well with all parameters stable.,0
PAT-00118,2024-01-18 10:16:08,97.1,85,37.2,113/82,117,89.5,Vitals remain within acceptable limits. No issues noted.,0
PAT-00118,2024-01-19 10:59:08,99.8,64,36.6,181/102,90,89.5,"Indicates chest pain, severe headache. immediate attention may be needed.",0
PAT-00118,2024-01-20 10:25:10,97.4,60,36.6,122/82,74,89.5,Patient denies any symptoms or discomfort.,0
PAT-00118,2024-01-21 08:40:17,97.5,75,37.9,148/86,93,89.5,Patient describes mild fever.,0
PAT-00118,2024-01-22 08:08:42,99.0,60,39.0,130/81,85,89.5,"Indicates chills, severe discomfort. immediate attention may be needed.",0
PAT-00118,2024-01-23 08:10:09,99.7,60,35.9,111/84,180,89.5,"Patient notes that lowered energy, severe blurred vision, dry mouth, frequent urination. worsening symptoms present.",0
PAT-00118,2024-01-24 10:08:16,96.1,96,36.7,127/84,133,89.5,Patient notes that blurred vision.,0
PAT-00118,2024-01-25 09:11:57,95.3,91,37.0,120/70,122,89.5,Patient denies any symptoms or discomfort.,0
PAT-00118,2024-01-26 09:01:51,95.6,102,38.7,161/109,161,89.5,"Patient describes palpitations, chills, severe discomfort, headaches, severe blurred vision, dry mouth, frequent urination. immediate attention may be needed.",1
PAT-00118,2024-01-27 09:54:19,93.7,88,35.8,125/78,84,89.5,Patient notes that lowered energy.,0
PAT-00118,2024-01-28 10:01:16,92.6,87,36.4,132/95,86,89.5,Vitals remain within acceptable limits. No issues noted.,0
PAT-00118,2024-01-29 09:44:16,94.5,96,36.9,161/103,112,89.5,Patient notes that headaches.,0
PAT-00118,2024-01-30 08:14:32,99.8,107,36.7,125/84,93,89.5,Patient notes that restlessness.,1
PAT-00119,2024-01-01 10:39:53,96.9,97,37.3,112/76,82,102.7,Vitals remain within acceptable limits. No issues noted.,0
PAT-00119,2024-01-02 10:08:56,97.0,89,36.8,114/70,102,102.7,Patient is feeling well with all parameters stable.,0
PAT-00119,2024-01-03 10:24:00,92.6,89,37.7,138/92,96,102.7,Notes body aches.,0
PAT-00119,2024-01-04 09:57:56,97.8,62,35.6,128/70,106,102.7,"Today, patient states mild coldness.",0
PAT-00119,2024-01-05 10:46:16,95.7,58,37.3,148/90,172,102.7,"Today, patient states severe blurred vision, dry mouth, frequent urination. worsening symptoms present.",0
PAT-00119,2024-01-06 10:36:18,97.5,99,37.1,162/118,122,102.7,Notes chest tightness.,1
PAT-00119,2024-01-07 10:46:03,95.6,90,36.8,121/77,79,102.7,Patient is feeling well with all parameters stable.,0
PAT-00119,2024-01-08 10:15:37,96.5,55,37.6,112/83,85,102.7,Patient describes mild fever.,0
PAT-00119,2024-01-09 09:46:14,93.0,94,35.8,122/85,70,102.7,Observes lowered energy.,0
PAT-00119,2024-01-10 10:47:49,92.0,73,38.0,120/82,92,102.7,"Patient notes that chills, severe discomfort. worsening symptoms present.",0
PAT-00119,2024-01-11 10:34:42,97.1,95,36.6,115/75,92,102.7,No symptoms reported. Vitals are within expected range.,0
PAT-00119,2024-01-12 10:13:09,93.5,97,38.5,121/76,101,102.7,"Observes headache, muscle aches.",0
PAT-00119,2024-01-13 09:43:53,96.4,73,36.8,175/113,90,102.7,Patient describes headaches.,1
PAT-00119,2024-01-14 09:17:20,92.7,85,38.8,147/88,156,102.7,"Patient notes that muscle aches, severe discomfort, severe blurred vision, dry mouth, frequent urination. worsening symptoms present.",0
PAT-00119,2024-01-15 09:21:09,94.0,62,37.4,117/81,120,102.7,No symptoms reported. Vitals are within expected range.,0
PAT-00119,2024-01-16 09:20:57,96.7,55,38.9,120/75,99,102.7,"Notes severe discomfort, headache. worsening symptoms present.",1
PAT-00119,2024-01-17 09:17:05,96.4,92,36.8,130/79,86,102.7,Patient is feeling well with all parameters stable.,0
PAT-00119,2024-01-18 09:28:20,95.5,51,38.2,130/73,125,102.7,"Observes slow pulse, severe discomfort, headache. immediate attention may be needed.",0
PAT-00119,2024-01-19 08:17:39,97.3,73,36.5,121/80,72,102.7,Vitals remain within acceptable limits. No issues noted.,0
PAT-00119,2024-01-20 09:56:07,93.9,79,38.5,172/114,116,102.7,"Patient describes severe discomfort, headache, chest tightness. worsening symptoms present.",1
PAT-00119,2024-01-21 08:36:13,94.2,71,36.7,146/87,129,102.7,Observes blurred vision.,0
PAT-00119,2024-01-22 08:05:48,95.5,83,36.4,140/94,85,102.7,Patient is feeling well with all parameters stable.,0
PAT-00119,2024-01-23 09:09:08,96.0,76,38.3,118/76,79,102.7,"Indicates severe discomfort, chills. immediate attention may be needed.",0
PAT-00119,2024-01-24 10:03:36,98.0,80,35.6,126/78,83,102.7,Reports mild coldness.,0
PAT-00119,2024-01-25 10:02:17,94.7,60,36.5,116/76,145,102.7,Patient describes frequent urination.,0
PAT-00119,2024-01-26 09:55:14,97.0,74,36.6,183/107,111,102.7,"Observes chest pain, severe headache. immediate attention may be needed.",0
PAT-00119,2024-01-27 10:31:06,94.3,55,37.1,140/89,78,102.7,No symptoms reported. Vitals are within expected range.,0
PAT-00119,2024-01-28 09:15:37,99.1,94,36.4,122/71,119,102.7,Vitals remain within acceptable limits. No issues noted.,0
PAT-00119,2024-01-29 09:59:47,93.7,102,38.8,150/87,115,102.7,"Today, patient states palpitations, fever, muscle aches.",1
PAT-00119,2024-01-30 10:54:50,95.4,54,35.8,129/72,103,102.7,"Patient notes that slow pulse, mild coldness.",0
PAT-00120,2024-01-01 10:40:59,98.5,81,36.5,134/93,81,53.5,Patient is feeling well with all parameters stable.,0
PAT-00120,2024-01-02 08:56:56,94.7,101,36.7,120/76,87,53.5,Patient describes palpitations.,0
PAT-00120,2024-01-03 09:21:55,96.9,55,35.8,147/87,102,53.5,Observes mild coldness.,0
PAT-00120,2024-01-04 09:13:38,99.0,71,37.1,122/85,120,53.5,No significant complaints today.,0
PAT-00120,2024-01-05 10:25:00,98.2,74,39.0,147/94,124,53.5,"Patient notes that fever, headache.",0
PAT-00120,2024-01-06 10:44:36,98.3,93,37.1,149/93,72,53.5,Vitals remain within acceptable limits. No issues noted.,0
PAT-00120,2024-01-07 09:23:04,93.4,64,37.1,128/78,79,53.5,No significant complaints today.,0
PAT-00120,2024-01-08 10:49:10,98.0,70,36.0,166/103,153,53.5,"This morning, headaches, severe blurred vision, dry mouth, frequent urination. worsening symptoms present.",1
PAT-00120,2024-01-09 10:48:15,97.4,76,38.7,130/80,91,53.5,"Notes severe discomfort, headache. immediate attention may be needed.",1
PAT-00120,2024-01-10 09:22:24,94.8,84,36.8,140/94,101,53.5,No symptoms reported. Vitals are within expected range.,0
PAT-00120,2024-01-11 09:20:19,99.3,59,37.6,118/76,90,53.5,"Today, patient states night sweats.",0
PAT-00120,2024-01-12 09:34:30,94.9,81,35.9,145/86,80,53.5,"This morning, lowered energy.",0
PAT-00120,2024-01-13 10:00:53,95.0,59,38.4,168/119,97,53.5,"Today, patient states fever, headache, headaches.",1
PAT-00120,2024-01-14 08:22:13,96.4,71,35.8,128/84,84,53.5,Patient describes mild coldness.,0
PAT-00120,2024-01-15 08:07:21,97.9,80,38.5,118/84,84,53.5,"Notes chills, muscle aches.",1
PAT-00120,2024-01-16 08:52:57,93.2,60,36.9,138/93,85,53.5,Patient is feeling well with all parameters stable.,0
PAT-00120,2024-01-17 09:23:29,95.6,106,36.5,120/82,78,53.5,"Today, patient states palpitations.",1
PAT-00120,2024-01-18 10:46:40,92.3,57,37.2,119/73,82,53.5,No significant complaints today.,0
PAT-00120,2024-01-19 09:13:39,96.9,100,36.9,134/88,97,53.5,Patient denies any symptoms or discomfort.,0
PAT-00120,2024-01-20 09:23:22,98.3,77,37.4,130/95,93,53.5,Vitals remain within acceptable limits. No issues noted.,0
PAT-00120,2024-01-21 10:38:19,98.0,86,38.9,125/81,99,53.5,"Observes severe discomfort, fever. immediate attention may be needed.",1
PAT-00120,2024-01-22 08:50:57,97.6,89,36.5,126/78,120,53.5,Patient is feeling well with all parameters stable.,0
PAT-00120,2024-01-23 09:10:15,96.7,96,35.8,130/79,114,53.5,Notes mild coldness.,0
PAT-00120,2024-01-24 08:16:25,94.4,59,36.6,124/73,78,53.5,Patient denies any symptoms or discomfort.,0
PAT-00120,2024-01-25 09:46:51,96.3,85,35.7,186/107,79,53.5,"Patient notes that mild coldness, chest pain, severe headache. worsening symptoms present.",0
PAT-00120,2024-01-26 10:21:02,92.4,58,38.3,116/85,109,53.5,"Patient describes muscle aches, headache.",0
PAT-00120,2024-01-27 08:12:38,95.0,86,36.6,142/86,100,53.5,Vitals remain within acceptable limits. No issues noted.,0
PAT-00120,2024-01-28 09:39:43,94.7,90,36.6,111/73,114,53.5,Vitals remain within acceptable limits. No issues noted.,0
PAT-00120,2024-01-29 09:36:50,97.9,110,35.7,118/71,85,53.5,"This morning, anxiety, lowered energy.",0
PAT-00120,2024-01-30 09:20:43,98.5,63,36.1,142/87,73,53.5,Patient denies any symptoms or discomfort.,0
PAT-00121,2024-01-01 08:42:35,94.1,59,36.7,123/84,82,82.7,No significant complaints today.,0
PAT-00121,2024-01-02 08:50:27,97.4,75,37.0,137/90,98,82.7,Patient denies any symptoms or discomfort.,0
PAT-00121,2024-01-03 10:26:02,95.7,75,38.4,111/84,74,82.7,"Notes chills, severe discomfort. worsening symptoms present.",1
PAT-00121,2024-01-04 08:14:51,100.0,71,36.5,113/76,89,82.7,No symptoms reported. Vitals are within expected range.,0
PAT-00121,2024-01-05 09:12:03,98.2,109,37.7,144/89,75,82.7,"Notes restlessness, body aches.",0
PAT-00121,2024-01-06 08:27:25,98.8,87,36.9,117/80,115,82.7,Vitals remain within acceptable limits. No issues noted.,0
PAT-00121,2024-01-07 08:44:17,94.9,76,37.2,190/100,76,82.7,"Patient describes chest pain, severe headache. worsening symptoms present.",1
PAT-00121,2024-01-08 09:43:46,94.4,67,37.2,121/83,111,82.7,Vitals remain within acceptable limits. No issues noted.,0
PAT-00121,2024-01-09 08:32:11,96.3,100,37.3,115/83,77,82.7,Patient denies any symptoms or discomfort.,0
PAT-00121,2024-01-10 09:45:49,99.5,85,37.1,112/74,116,82.7,Vitals remain within acceptable limits. No issues noted.,0
PAT-00121,2024-01-11 10:06:05,94.9,94,37.1,134/88,125,82.7,No symptoms reported. Vitals are within expected range.,0
PAT-00121,2024-01-12 09:40:42,94.3,95,37.3,170/105,177,82.7,"Reports headaches, severe blurred vision, dry mouth, frequent urination. worsening symptoms present.",0
PAT-00121,2024-01-13 10:31:50,98.7,110,37.0,147/94,125,82.7,Patient notes that palpitations.,1
PAT-00121,2024-01-14 09:25:48,94.7,100,36.4,124/78,90,82.7,Vitals remain within acceptable limits. No issues noted.,0
PAT-00121,2024-01-15 09:44:13,98.5,65,37.3,141/95,96,82.7,No significant complaints today.,0
PAT-00121,2024-01-16 09:59:04,95.4,51,36.6,146/86,95,82.7,Patient notes that slow pulse.,0
PAT-00121,2024-01-17 09:58:28,95.3,53,36.8,126/70,169,82.7,"This morning, fatigue, severe blurred vision, dry mouth, frequent urination. immediate attention may be needed.",0
PAT-00121,2024-01-18 10:52:41,96.4,110,37.4,147/86,122,82.7,"Today, patient states anxiety.",1
PAT-00121,2024-01-19 10:27:32,98.1,69,36.8,133/93,175,82.7,"Notes severe blurred vision, dry mouth, frequent urination. worsening symptoms present.",0
PAT-00121,2024-01-20 08:16:24,89.3,81,36.3,114/75,100,82.7,Notes shortness of breath.,0
PAT-00121,2024-01-21 08:12:15,98.6,70,37.3,138/85,132,82.7,"This morning, blurred vision.",0
PAT-00121,2024-01-22 10:13:58,96.8,72,37.1,130/88,100,82.7,Vitals remain within acceptable limits. No issues noted.,0
PAT-00121,2024-01-23 09:29:58,93.8,75,36.7,131/94,70,82.7,Vitals remain within acceptable limits. No issues noted.,0
PAT-00121,2024-01-24 09:06:34,93.0,97,35.6,144/91,104,82.7,Patient describes lowered energy.,0
PAT-00121,2024-01-25 10:30:44,99.5,92,35.9,150/91,75,82.7,Indicates mild coldness.,0
PAT-00121,2024-01-26 09:34:33,94.2,87,36.8,146/91,117,82.7,No significant complaints today.,0
PAT-00121,2024-01-27 08:32:24,94.5,108,36.9,167/101,77,82.7,"Observes anxiety, chest tightness.",0
PAT-00121,2024-01-28 10:21:50,97.9,102,38.2,138/94,83,82.7,"Reports restlessness, muscle aches, fever.",0
PAT-00121,2024-01-29 09:45:57,97.8,97,36.7,129/70,82,82.7,Patient denies any symptoms or discomfort.,0
PAT-00121,2024-01-30 08:36:46,95.6,105,36.8,130/70,77,82.7,"This morning, restlessness.",0
PAT-00122,2024-01-01 10:07:45,94.9,109,36.0,124/71,73,63.0,Reports anxiety.,0
PAT-00122,2024-01-02 09:35:36,95.8,63,38.0,116/82,117,63.0,"Indicates chills, headache.",1
PAT-00122,2024-01-03 09:17:11,98.8,63,36.9,190/110,107,63.0,"Reports chest pain, severe headache. worsening symptoms present.",0
PAT-00122,2024-01-04 10:57:25,95.4,52,35.9,184/110,75,63.0,"This morning, fatigue, mild coldness, chest pain, severe headache. immediate attention may be needed.",0
PAT-00122,2024-01-05 09:36:47,95.8,90,37.9,127/84,81,63.0,Patient describes night sweats.,0
PAT-00122,2024-01-06 10:14:12,97.8,84,37.7,121/77,94,63.0,Notes body aches.,0
PAT-00122,2024-01-07 10:40:05,95.0,90,35.9,173/111,84,63.0,"Reports mild coldness, headaches.",0
PAT-00122,2024-01-08 09:58:16,96.7,102,37.2,128/76,94,63.0,Patient notes that anxiety.,0
PAT-00122,2024-01-09 08:47:05,97.2,69,36.6,111/72,135,63.0,"Today, patient states frequent urination.",0
PAT-00122,2024-01-10 10:21:23,94.5,106,38.4,130/85,88,63.0,"Patient notes that anxiety, fever, chills.",0
PAT-00122,2024-01-11 10:29:06,95.8,57,37.0,145/86,180,63.0,"Indicates severe blurred vision, dry mouth, frequent urination. worsening symptoms present.",0
PAT-00122,2024-01-12 08:02:22,97.2,73,36.4,126/84,99,63.0,Patient denies any symptoms or discomfort.,0
PAT-00122,2024-01-13 09:04:08,95.5,68,38.5,122/70,147,63.0,"Today, patient states fever, headache, dry mouth.",0
PAT-00122,2024-01-14 10:35:37,95.0,100,37.0,116/77,114,63.0,Patient denies any symptoms or discomfort.,0
PAT-00122,2024-01-15 09:07:48,98.2,77,37.0,124/82,84,63.0,Vitals remain within acceptable limits. No issues noted.,0
PAT-00122,2024-01-16 08:00:24,98.6,68,35.7,137/89,110,63.0,"Today, patient states lowered energy.",0
PAT-00122,2024-01-17 10:48:30,93.7,84,37.1,117/71,140,63.0,"This morning, blurred vision.",0
PAT-00122,2024-01-18 09:47:53,99.7,57,37.2,120/85,98,63.0,No significant complaints today.,0
PAT-00122,2024-01-19 08:49:00,96.2,54,37.2,127/78,98,63.0,Patient describes slow pulse.,0
PAT-00122,2024-01-20 10:55:28,94.7,96,37.0,113/72,81,63.0,No symptoms reported. Vitals are within expected range.,0
PAT-00122,2024-01-21 09:54:18,92.5,95,37.5,125/71,114,63.0,Patient notes that body aches.,0
PAT-00122,2024-01-22 10:56:19,95.0,57,36.4,123/73,132,63.0,Patient describes blurred vision.,0
PAT-00122,2024-01-23 10:30:25,96.6,99,35.5,144/90,79,63.0,Observes lowered energy.,0
PAT-00122,2024-01-24 08:32:36,98.7,57,36.1,114/75,82,63.0,No significant complaints today.,0
PAT-00122,2024-01-25 10:21:17,96.2,90,36.2,110/76,163,63.0,"Patient describes severe blurred vision, dry mouth, frequent urination. worsening symptoms present.",1
PAT-00122,2024-01-26 09:43:24,95.7,58,37.6,121/83,126,63.0,"This morning, night sweats, dry mouth.",0
PAT-00122,2024-01-27 10:45:55,92.8,73,37.1,132/88,116,63.0,Vitals remain within acceptable limits. No issues noted.,0
PAT-00122,2024-01-28 10:30:02,95.8,109,36.8,124/84,98,63.0,Indicates restlessness.,1
PAT-00122,2024-01-29 09:02:48,97.4,80,38.3,116/83,104,63.0,"Indicates headache, chills.",0
PAT-00122,2024-01-30 08:56:47,90.0,85,37.0,124/72,91,63.0,Patient describes shortness of breath.,1
PAT-00123,2024-01-01 08:22:07,96.9,52,37.0,127/83,75,114.0,Patient describes lightheadedness.,0
PAT-00123,2024-01-02 10:58:10,98.8,54,37.6,116/75,77,114.0,"Today, patient states lightheadedness, body aches.",0
PAT-00123,2024-01-03 08:13:39,95.3,108,38.2,137/89,78,114.0,"Patient describes restlessness, fever, headache.",0
PAT-00123,2024-01-04 09:36:16,99.5,97,36.5,130/91,165,114.0,"Patient notes that severe blurred vision, dry mouth, frequent urination. worsening symptoms present.",0
PAT-00123,2024-01-05 08:21:28,94.3,58,38.8,188/112,80,114.0,"Reports chills, muscle aches, chest pain, severe headache. immediate attention may be needed.",0
PAT-00123,2024-01-06 09:15:30,90.9,50,35.5,161/112,97,114.0,"Indicates dizziness, fatigue, lowered energy, headaches.",0
PAT-00123,2024-01-07 09:15:06,97.0,51,36.7,148/95,124,114.0,Patient describes slow pulse.,0
PAT-00123,2024-01-08 09:22:19,97.6,52,36.4,126/70,80,114.0,Indicates lightheadedness.,1
PAT-00123,2024-01-09 09:08:23,94.5,100,36.8,185/100,85,114.0,"Observes chest pain, severe headache. worsening symptoms present.",0
PAT-00123,2024-01-10 10:28:34,100.0,56,36.8,160/105,71,114.0,"This morning, chest tightness.",0
PAT-00123,2024-01-11 08:56:04,94.6,105,37.2,111/72,89,114.0,Patient notes that anxiety.,0
PAT-00123,2024-01-12 09:59:13,97.4,108,36.8,128/74,117,114.0,Indicates restlessness.,1
PAT-00123,2024-01-13 10:31:12,96.3,86,37.2,185/102,78,114.0,"This morning, chest pain, severe headache. worsening symptoms present.",1
PAT-00123,2024-01-14 10:23:51,96.6,56,37.2,165/118,103,114.0,Observes headaches.,1
PAT-00123,2024-01-15 08:27:00,99.6,67,35.7,166/105,117,114.0,"Patient describes mild coldness, headaches.",0
PAT-00123,2024-01-16 08:44:02,92.0,95,36.9,126/85,79,114.0,No symptoms reported. Vitals are within expected range.,0
PAT-00123,2024-01-17 08:01:09,97.9,81,36.6,115/70,131,114.0,Indicates frequent urination.,0
PAT-00123,2024-01-18 09:17:04,98.3,56,35.6,118/85,89,114.0,Reports mild coldness.,0
PAT-00123,2024-01-19 09:25:26,95.8,64,37.0,124/80,167,114.0,"Patient describes severe blurred vision, dry mouth, frequent urination. worsening symptoms present.",0
PAT-00123,2024-01-20 09:10:25,96.3,108,36.6,174/108,78,114.0,"Today, patient states palpitations, chest tightness.",0
PAT-00123,2024-01-21 09:03:30,95.8,77,38.5,120/79,173,114.0,"Today, patient states severe discomfort, chills, severe blurred vision, dry mouth, frequent urination. immediate attention may be needed.",0
PAT-00123,2024-01-22 09:32:31,95.7,64,39.0,117/76,112,114.0,"Observes severe discomfort, fever. immediate attention may be needed.",1
PAT-00123,2024-01-23 08:55:16,97.9,70,36.6,124/74,107,114.0,Vitals remain within acceptable limits. No issues noted.,0
PAT-00123,2024-01-24 09:04:17,92.9,83,37.4,181/117,80,114.0,"Reports chest pain, severe headache. worsening symptoms present.",0
PAT-00123,2024-01-25 09:00:06,96.1,55,37.1,161/103,88,114.0,Indicates headaches.,1
PAT-00123,2024-01-26 09:42:08,93.7,90,37.4,129/74,148,114.0,"This morning, blurred vision.",0
PAT-00123,2024-01-27 10:09:35,98.1,55,36.8,134/88,77,114.0,Patient denies any symptoms or discomfort.,0
PAT-00123,2024-01-28 09:53:00,95.2,86,35.9,168/118,167,114.0,"Patient notes that mild coldness, headaches, severe blurred vision, dry mouth, frequent urination. worsening symptoms present.",0
PAT-00123,2024-01-29 10:58:06,99.1,70,37.1,127/81,99,114.0,No symptoms reported. Vitals are within expected range.,0
PAT-00123,2024-01-30 08:27:53,100.0,96,35.7,129/84,72,114.0,"This morning, lowered energy.",0
PAT-00124,2024-01-01 09:21:53,96.0,57,37.1,119/73,95,64.3,Patient is feeling well with all parameters stable.,0
PAT-00124,2024-01-02 09:35:51,93.7,74,36.5,117/83,136,64.3,"This morning, dry mouth.",0
PAT-00124,2024-01-03 08:33:59,95.6,77,38.7,137/86,75,64.3,"Indicates muscle aches, headache.",0
PAT-00124,2024-01-04 10:27:45,93.1,104,37.1,145/87,174,64.3,"Notes restlessness, severe blurred vision, dry mouth, frequent urination. immediate attention may be needed.",0
PAT-00124,2024-01-05 09:12:40,100.0,88,35.9,120/79,165,64.3,"Indicates lowered energy, severe blurred vision, dry mouth, frequent urination. immediate attention may be needed.",0
PAT-00124,2024-01-06 09:23:30,94.5,63,38.3,120/82,94,64.3,"Patient describes muscle aches, chills.",1
PAT-00124,2024-01-07 10:58:36,95.7,91,37.4,137/89,117,64.3,No significant complaints today.,0
PAT-00124,2024-01-08 08:18:30,93.7,108,36.7,187/113,71,64.3,"Patient describes anxiety, chest pain, severe headache. worsening symptoms present.",1
PAT-00124,2024-01-09 10:18:00,100.0,79,37.8,112/83,122,64.3,Indicates night sweats.,0
PAT-00124,2024-01-10 09:08:18,93.8,88,36.4,135/91,150,64.3,"This morning, severe blurred vision, dry mouth, frequent urination. immediate attention may be needed.",0
PAT-00124,2024-01-11 09:38:09,98.0,89,36.4,131/88,83,64.3,No symptoms reported. Vitals are within expected range.,0
PAT-00124,2024-01-12 10:48:05,96.7,82,37.4,118/71,99,64.3,No significant complaints today.,0
PAT-00124,2024-01-13 08:29:15,95.6,51,36.3,190/103,94,64.3,"This morning, fatigue, chest pain, severe headache. worsening symptoms present.",0
PAT-00124,2024-01-14 09:19:58,92.3,62,36.7,118/85,97,64.3,Vitals remain within acceptable limits. No issues noted.,0
PAT-00124,2024-01-15 10:50:00,96.2,88,35.9,160/120,102,64.3,"Today, patient states lowered energy, chest tightness.",1
PAT-00124,2024-01-16 09:39:33,95.6,83,37.1,168/114,95,64.3,"This morning, headaches.",0
PAT-00124,2024-01-17 10:40:15,95.1,60,37.3,184/110,89,64.3,"Observes chest pain, severe headache. worsening symptoms present.",0
PAT-00124,2024-01-18 10:30:50,97.6,57,35.7,112/81,141,64.3,"This morning, mild coldness, blurred vision.",0
PAT-00124,2024-01-19 08:47:19,100.0,74,38.7,117/82,80,64.3,"Today, patient states fever, severe discomfort. immediate attention may be needed.",1
PAT-00124,2024-01-20 10:01:36,94.7,91,36.6,130/71,153,64.3,"Notes severe blurred vision, dry mouth, frequent urination. worsening symptoms present.",0
PAT-00124,2024-01-21 09:04:55,97.4,86,35.8,130/79,145,64.3,"Indicates mild coldness, dry mouth.",0
PAT-00124,2024-01-22 10:45:20,92.3,70,37.2,138/95,101,64.3,Patient is feeling well with all parameters stable.,0
PAT-00124,2024-01-23 10:15:07,98.4,72,36.7,129/85,89,64.3,No symptoms reported. Vitals are within expected range.,0
PAT-00124,2024-01-24 10:27:28,95.3,101,36.2,185/108,88,64.3,"Today, patient states palpitations, chest pain, severe headache. immediate attention may be needed.",0
PAT-00124,2024-01-25 08:43:36,95.3,56,36.5,128/70,78,64.3,Patient is feeling well with all parameters stable.,0
PAT-00124,2024-01-26 10:49:42,96.8,108,36.5,115/81,75,64.3,Indicates anxiety.,0
PAT-00124,2024-01-27 08:21:29,97.6,53,37.3,117/73,98,64.3,"Today, patient states lightheadedness.",0
PAT-00124,2024-01-28 09:14:17,93.8,70,36.8,137/95,98,64.3,No symptoms reported. Vitals are within expected range.,0
PAT-00124,2024-01-29 08:14:27,94.0,69,37.1,113/75,104,64.3,Vitals remain within acceptable limits. No issues noted.,0
PAT-00124,2024-01-30 09:01:40,98.6,78,37.4,147/90,76,64.3,Patient is feeling well with all parameters stable.,0
PAT-00125,2024-01-01 08:15:14,93.0,71,36.2,111/80,99,62.3,Vitals remain within acceptable limits. No issues noted.,0
PAT-00125,2024-01-02 08:08:15,97.2,86,36.7,114/80,73,62.3,Vitals remain within acceptable limits. No issues noted.,0
PAT-00125,2024-01-03 10:05:23,98.6,90,36.5,121/80,87,62.3,No symptoms reported. Vitals are within expected range.,0
PAT-00125,2024-01-04 10:17:40,96.7,82,36.6,161/108,74,62.3,Notes chest tightness.,1
PAT-00125,2024-01-05 09:19:04,91.1,62,37.2,128/75,111,62.3,Reports dizziness.,0
PAT-00125,2024-01-06 08:32:51,96.6,91,38.7,145/93,102,62.3,"Today, patient states severe discomfort, fever. worsening symptoms present.",1
PAT-00125,2024-01-07 10:56:22,96.9,50,36.5,121/77,93,62.3,Notes slow pulse.,0
PAT-00125,2024-01-08 09:59:48,97.4,62,37.2,129/85,133,62.3,Indicates dry mouth.,0
PAT-00125,2024-01-09 09:22:31,92.7,93,38.7,122/83,95,62.3,"This morning, chills, severe discomfort. worsening symptoms present.",1
PAT-00125,2024-01-10 09:15:01,97.9,56,37.0,113/83,74,62.3,Patient denies any symptoms or discomfort.,0
PAT-00125,2024-01-11 10:23:57,94.8,56,36.3,137/90,134,62.3,Patient describes blurred vision.,0
PAT-00125,2024-01-12 08:20:02,95.0,99,37.0,114/71,110,62.3,Patient denies any symptoms or discomfort.,0
PAT-00125,2024-01-13 09:42:41,94.8,103,35.8,129/84,84,62.3,"Today, patient states palpitations, lowered energy.",1
PAT-00125,2024-01-14 10:27:01,98.0,89,37.1,126/71,93,62.3,No symptoms reported. Vitals are within expected range.,0
PAT-00125,2024-01-15 08:05:58,95.3,69,37.0,143/86,101,62.3,Patient denies any symptoms or discomfort.,0
PAT-00125,2024-01-16 08:31:53,97.9,106,38.0,126/73,117,62.3,"Notes anxiety, chills, fever.",1
PAT-00125,2024-01-17 09:42:07,95.4,72,38.1,137/93,86,62.3,"Indicates fever, headache.",0
PAT-00125,2024-01-18 10:22:05,95.0,76,37.0,186/111,113,62.3,"Patient describes chest pain, severe headache. worsening symptoms present.",1
PAT-00125,2024-01-19 10:02:42,93.4,59,35.5,122/80,82,62.3,Observes mild coldness.,0
PAT-00125,2024-01-20 10:02:00,99.9,75,37.4,190/104,92,62.3,"Indicates chest pain, severe headache. immediate attention may be needed.",0
PAT-00125,2024-01-21 08:46:40,100.0,77,36.6,113/79,84,62.3,Patient is feeling well with all parameters stable.,0
PAT-00125,2024-01-22 09:13:22,97.5,73,35.8,169/100,84,62.3,"Patient describes mild coldness, vision issues.",0
PAT-00125,2024-01-23 08:03:49,94.1,72,36.6,129/84,116,62.3,No symptoms reported. Vitals are within expected range.,0
PAT-00125,2024-01-24 10:16:22,95.5,99,36.4,129/76,83,62.3,No symptoms reported. Vitals are within expected range.,0
PAT-00125,2024-01-25 09:24:30,95.0,68,36.7,148/85,153,62.3,"Observes severe blurred vision, dry mouth, frequent urination. worsening symptoms present.",0
PAT-00125,2024-01-26 10:26:28,95.3,101,37.0,132/93,110,62.3,Reports restlessness.,0
PAT-00125,2024-01-27 09:22:27,95.8,50,38.7,121/81,96,62.3,"Today, patient states fatigue, chills, muscle aches.",1
PAT-00125,2024-01-28 08:32:03,98.3,89,36.0,130/84,106,62.3,No symptoms reported. Vitals are within expected range.,0
PAT-00125,2024-01-29 10:02:08,100.0,101,36.6,176/111,83,62.3,"Today, patient states restlessness, chest tightness.",1
PAT-00125,2024-01-30 10:30:30,93.8,53,36.7,130/95,76,62.3,Observes lightheadedness.,0
PAT-00126,2024-01-01 10:30:06,98.2,108,37.1,135/91,73,83.9,Notes restlessness.,0
PAT-00126,2024-01-02 10:09:00,96.7,87,37.0,113/74,78,83.9,Patient is feeling well with all parameters stable.,0
PAT-00126,2024-01-03 09:52:18,95.2,100,37.7,170/100,91,83.9,"Notes mild fever, headaches.",0
PAT-00126,2024-01-04 08:32:47,93.3,83,37.0,131/95,88,83.9,Patient denies any symptoms or discomfort.,0
PAT-00126,2024-01-05 09:25:40,95.9,74,36.7,117/85,74,83.9,Vitals remain within acceptable limits. No issues noted.,0
PAT-00126,2024-01-06 08:25:13,96.7,50,36.0,166/109,77,83.9,"Patient describes slow pulse, chest tightness.",0
PAT-00126,2024-01-07 10:05:18,97.1,97,35.8,120/75,165,83.9,"Today, patient states lowered energy, severe blurred vision, dry mouth, frequent urination. worsening symptoms present.",1
PAT-00126,2024-01-08 09:44:45,94.7,68,36.9,163/114,88,83.9,Observes vision issues.,0
PAT-00126,2024-01-09 09:26:48,95.5,102,36.5,114/85,92,83.9,Patient notes that palpitations.,0
PAT-00126,2024-01-10 10:51:24,93.8,52,36.8,164/110,74,83.9,"Observes fatigue, headaches.",1
PAT-00126,2024-01-11 08:08:15,93.2,91,36.8,114/77,98,83.9,No symptoms reported. Vitals are within expected range.,0
PAT-00126,2024-01-12 09:24:47,92.9,74,36.5,124/73,137,83.9,Reports dry mouth.,0
PAT-00126,2024-01-13 10:36:47,94.6,61,36.1,138/86,116,83.9,Patient denies any symptoms or discomfort.,0
PAT-00126,2024-01-14 08:21:04,96.1,73,36.1,122/83,71,83.9,Patient is feeling well with all parameters stable.,0
PAT-00126,2024-01-15 08:37:08,96.0,57,35.9,126/79,124,83.9,Indicates lowered energy.,0
PAT-00126,2024-01-16 08:37:35,97.4,102,35.7,136/91,72,83.9,"Indicates restlessness, mild coldness.",0
PAT-00126,2024-01-17 09:53:35,95.8,54,35.6,139/89,74,83.9,"This morning, lightheadedness, mild coldness.",1
PAT-00126,2024-01-18 09:44:35,95.1,64,36.9,118/82,76,83.9,Patient is feeling well with all parameters stable.,0
PAT-00126,2024-01-19 09:15:29,97.5,62,37.9,119/81,101,83.9,Reports mild fever.,0
PAT-00126,2024-01-20 08:58:34,97.5,61,36.0,114/82,121,83.9,Patient denies any symptoms or discomfort.,0
PAT-00126,2024-01-21 08:58:16,96.5,93,37.1,129/77,91,83.9,No symptoms reported. Vitals are within expected range.,0
PAT-00126,2024-01-22 09:05:01,98.7,54,36.6,124/72,97,83.9,Reports slow pulse.,1
PAT-00126,2024-01-23 10:51:51,96.3,79,37.0,114/80,97,83.9,Patient denies any symptoms or discomfort.,0
PAT-00126,2024-01-24 08:56:19,97.1,83,36.4,125/83,161,83.9,"Today, patient states severe blurred vision, dry mouth, frequent urination. immediate attention may be needed.",0
PAT-00126,2024-01-25 08:14:16,96.6,92,36.5,118/72,76,83.9,Patient denies any symptoms or discomfort.,0
PAT-00126,2024-01-26 08:07:54,95.8,87,37.0,127/73,145,83.9,Patient notes that blurred vision.,0
PAT-00126,2024-01-27 10:45:14,93.0,95,37.1,120/73,84,83.9,No significant complaints today.,0
PAT-00126,2024-01-28 09:28:02,95.5,106,36.6,121/83,70,83.9,Notes anxiety.,0
PAT-00126,2024-01-29 09:29:06,94.5,69,36.2,126/84,159,83.9,"Today, patient states severe blurred vision, dry mouth, frequent urination. immediate attention may be needed.",1
PAT-00126,2024-01-30 08:06:16,98.3,55,36.4,122/78,80,83.9,Patient is feeling well with all parameters stable.,0
PAT-00127,2024-01-01 08:29:20,100.0,81,36.9,145/94,143,103.6,Indicates blurred vision.,0
PAT-00127,2024-01-02 08:14:13,98.1,57,36.7,138/89,89,103.6,No symptoms reported. Vitals are within expected range.,0
PAT-00127,2024-01-03 10:14:15,96.6,109,37.4,113/77,112,103.6,Notes anxiety.,0
PAT-00127,2024-01-04 10:25:19,96.9,62,36.8,110/82,127,103.6,"This morning, blurred vision.",0
PAT-00127,2024-01-05 09:22:14,98.0,90,36.9,112/71,148,103.6,Observes dry mouth.,0
PAT-00127,2024-01-06 10:53:02,95.1,51,36.9,130/93,89,103.6,Patient notes that fatigue.,1
PAT-00127,2024-01-07 08:10:20,96.8,67,35.9,122/71,150,103.6,"Patient describes lowered energy, severe blurred vision, dry mouth, frequent urination. immediate attention may be needed.",0
PAT-00127,2024-01-08 09:18:33,94.1,56,37.0,124/79,161,103.6,"Observes severe blurred vision, dry mouth, frequent urination. worsening symptoms present.",0
PAT-00127,2024-01-09 10:37:52,97.7,58,37.3,128/78,158,103.6,"Notes severe blurred vision, dry mouth, frequent urination. worsening symptoms present.",1
PAT-00127,2024-01-10 09:00:57,93.5,80,36.7,117/82,95,103.6,No symptoms reported. Vitals are within expected range.,0
PAT-00127,2024-01-11 08:58:57,95.9,74,35.7,124/70,174,103.6,"Indicates mild coldness, severe blurred vision, dry mouth, frequent urination. immediate attention may be needed.",1
PAT-00127,2024-01-12 08:41:30,94.5,55,36.9,128/79,89,103.6,Patient is feeling well with all parameters stable.,0
PAT-00127,2024-01-13 08:28:33,98.2,93,36.9,113/72,114,103.6,Patient denies any symptoms or discomfort.,0
PAT-00127,2024-01-14 10:48:27,98.7,86,38.1,161/101,108,103.6,"Reports severe discomfort, fever, chest tightness. immediate attention may be needed.",1
PAT-00127,2024-01-15 09:05:51,94.2,71,36.5,170/118,83,103.6,Notes headaches.,0
PAT-00127,2024-01-16 08:42:42,92.2,76,37.3,119/83,170,103.6,"Patient notes that severe blurred vision, dry mouth, frequent urination. immediate attention may be needed.",0
PAT-00127,2024-01-17 08:14:36,97.4,63,35.7,145/95,70,103.6,"Today, patient states mild coldness.",0
PAT-00127,2024-01-18 08:56:59,93.6,84,36.9,111/79,89,103.6,Vitals remain within acceptable limits. No issues noted.,0
PAT-00127,2024-01-19 10:25:22,95.9,66,36.0,142/86,93,103.6,Vitals remain within acceptable limits. No issues noted.,0
PAT-00127,2024-01-20 08:06:29,92.9,66,36.7,128/79,124,103.6,Patient is feeling well with all parameters stable.,0
PAT-00127,2024-01-21 09:32:31,92.5,94,36.9,116/81,116,103.6,No significant complaints today.,0
PAT-00127,2024-01-22 10:15:53,93.6,79,39.0,134/92,168,103.6,"Reports headache, severe discomfort, severe blurred vision, dry mouth, frequent urination. immediate attention may be needed.",0
PAT-00127,2024-01-23 08:59:15,100.0,98,36.6,128/76,95,103.6,Vitals remain within acceptable limits. No issues noted.,0
PAT-00127,2024-01-24 10:24:28,94.9,89,36.8,111/83,70,103.6,No significant complaints today.,0
PAT-00127,2024-01-25 10:41:06,99.0,75,36.5,117/80,114,103.6,No symptoms reported. Vitals are within expected range.,0
PAT-00127,2024-01-26 10:07:24,91.5,94,37.2,170/100,112,103.6,"Today, patient states low energy, vision issues.",0
PAT-00127,2024-01-27 09:48:16,99.0,102,36.6,119/82,76,103.6,Indicates anxiety.,0
PAT-00127,2024-01-28 09:42:40,97.3,80,36.6,120/81,115,103.6,Patient is feeling well with all parameters stable.,0
PAT-00127,2024-01-29 10:45:15,98.4,68,36.7,134/92,92,103.6,Patient denies any symptoms or discomfort.,0
PAT-00127,2024-01-30 09:25:47,95.0,59,36.0,114/81,80,103.6,Patient denies any symptoms or discomfort.,0
PAT-00128,2024-01-01 10:03:21,94.1,60,37.2,149/87,112,60.9,No symptoms reported. Vitals are within expected range.,0
PAT-00128,2024-01-02 08:42:05,97.7,93,36.4,111/72,110,60.9,No symptoms reported. Vitals are within expected range.,0
PAT-00128,2024-01-03 09:04:54,96.1,59,36.4,144/88,161,60.9,"Notes severe blurred vision, dry mouth, frequent urination. worsening symptoms present.",0
PAT-00128,2024-01-04 10:39:40,95.2,76,36.6,112/74,102,60.9,No symptoms reported. Vitals are within expected range.,0
PAT-00128,2024-01-05 08:43:47,97.1,77,37.2,146/87,120,60.9,Patient denies any symptoms or discomfort.,0
PAT-00128,2024-01-06 09:42:24,95.2,59,38.9,149/85,124,60.9,"Indicates severe discomfort, headache. immediate attention may be needed.",0
PAT-00128,2024-01-07 10:59:13,94.5,92,35.6,111/78,91,60.9,Reports lowered energy.,0
PAT-00128,2024-01-08 09:40:15,96.6,60,37.6,123/81,110,60.9,Observes body aches.,0
PAT-00128,2024-01-09 08:08:04,93.0,84,37.2,126/74,104,60.9,Vitals remain within acceptable limits. No issues noted.,0
PAT-00128,2024-01-10 08:48:05,94.9,106,37.0,183/112,96,60.9,"Reports restlessness, chest pain, severe headache. immediate attention may be needed.",1
PAT-00128,2024-01-11 08:40:40,97.7,80,36.6,182/107,100,60.9,"This morning, chest pain, severe headache. immediate attention may be needed.",1
PAT-00128,2024-01-12 09:48:07,97.4,110,36.8,123/77,83,60.9,"Today, patient states anxiety.",1
PAT-00128,2024-01-13 10:39:37,95.0,62,36.4,123/84,83,60.9,No symptoms reported. Vitals are within expected range.,0
PAT-00128,2024-01-14 08:09:14,95.4,108,35.6,112/77,121,60.9,"This morning, palpitations, lowered energy.",0
PAT-00128,2024-01-15 10:09:56,93.7,110,37.2,122/84,99,60.9,"This morning, palpitations.",0
PAT-00128,2024-01-16 10:15:29,95.6,78,36.4,138/94,97,60.9,Patient is feeling well with all parameters stable.,0
PAT-00128,2024-01-17 08:20:11,97.7,89,36.8,149/91,94,60.9,No significant complaints today.,0
PAT-00128,2024-01-18 09:43:33,98.9,98,37.1,117/83,175,60.9,"Observes severe blurred vision, dry mouth, frequent urination. worsening symptoms present.",0
PAT-00128,2024-01-19 08:04:19,95.3,53,37.1,137/85,83,60.9,Patient describes fatigue.,1
PAT-00128,2024-01-20 10:01:20,96.7,77,37.8,125/85,72,60.9,Patient notes that night sweats.,0
PAT-00128,2024-01-21 10:43:42,96.9,91,38.4,130/82,92,60.9,"Indicates chills, headache.",1
PAT-00128,2024-01-22 08:10:59,95.3,101,36.1,128/73,170,60.9,"Patient describes palpitations, severe blurred vision, dry mouth, frequent urination. worsening symptoms present.",1
PAT-00128,2024-01-23 09:24:15,98.8,104,38.5,165/103,152,60.9,"Patient describes palpitations, headache, severe discomfort, vision issues, severe blurred vision, dry mouth, frequent urination. immediate attention may be needed.",1
PAT-00128,2024-01-24 08:20:32,98.0,99,36.1,162/117,95,60.9,"This morning, chest tightness.",0
PAT-00128,2024-01-25 09:42:39,98.9,78,36.9,128/85,84,60.9,Vitals remain within acceptable limits. No issues noted.,0
PAT-00128,2024-01-26 10:12:38,93.5,55,38.9,145/94,80,60.9,"This morning, muscle aches, fever.",0
PAT-00128,2024-01-27 09:17:43,96.3,92,35.6,162/102,85,60.9,"Indicates mild coldness, headaches.",1
PAT-00128,2024-01-28 10:33:27,96.7,52,37.1,121/82,90,60.9,Observes fatigue.,1
PAT-00128,2024-01-29 08:23:35,100.0,99,36.8,135/88,76,60.9,No symptoms reported. Vitals are within expected range.,0
PAT-00128,2024-01-30 10:02:23,94.1,72,37.2,117/71,123,60.9,Patient denies any symptoms or discomfort.,0
PAT-00129,2024-01-01 08:40:16,98.5,110,36.4,127/74,86,59.6,"Today, patient states restlessness.",1
PAT-00129,2024-01-02 08:51:07,95.8,61,38.0,145/95,171,59.6,"Reports severe discomfort, chills, severe blurred vision, dry mouth, frequent urination. immediate attention may be needed.",0
PAT-00129,2024-01-03 09:14:45,98.5,103,37.4,171/109,87,59.6,"This morning, restlessness, chest tightness.",1
PAT-00129,2024-01-04 08:00:04,95.7,79,37.0,174/100,87,59.6,"This morning, headaches.",1
PAT-00129,2024-01-05 09:53:43,95.5,51,35.5,123/75,85,59.6,"Today, patient states slow pulse, lowered energy.",1
PAT-00129,2024-01-06 09:04:10,97.7,109,36.7,120/81,80,59.6,Patient describes palpitations.,0
PAT-00129,2024-01-07 09:56:05,95.5,50,37.0,176/103,119,59.6,"Notes fatigue, vision issues.",0
PAT-00129,2024-01-08 08:27:56,97.2,65,36.9,116/71,70,59.6,Vitals remain within acceptable limits. No issues noted.,0
PAT-00129,2024-01-09 08:28:08,94.4,64,37.3,167/110,71,59.6,"Today, patient states chest tightness.",1
PAT-00129,2024-01-10 08:42:17,98.0,81,38.5,114/78,76,59.6,"Today, patient states headache, muscle aches.",1
PAT-00129,2024-01-11 09:49:36,90.2,64,37.0,127/70,97,59.6,Reports low energy.,1
PAT-00129,2024-01-12 10:25:14,94.3,93,38.0,173/113,89,59.6,"Notes headache, severe discomfort, vision issues. immediate attention may be needed.",0
PAT-00129,2024-01-13 08:54:00,92.3,98,36.6,171/108,99,59.6,Reports headaches.,1
PAT-00129,2024-01-14 09:06:27,97.5,72,35.7,118/84,70,59.6,Notes mild coldness.,0
PAT-00129,2024-01-15 10:21:35,95.7,60,38.8,113/80,93,59.6,"Observes fever, headache.",1
PAT-00129,2024-01-16 10:26:53,97.3,82,38.6,115/70,118,59.6,"Reports chills, muscle aches.",0
PAT-00129,2024-01-17 08:20:52,92.9,90,36.6,130/83,119,59.6,No symptoms reported. Vitals are within expected range.,0
PAT-00129,2024-01-18 10:46:49,93.5,53,36.5,113/80,96,59.6,Patient notes that lightheadedness.,1
PAT-00129,2024-01-19 10:15:44,96.5,52,37.3,114/71,80,59.6,"Today, patient states slow pulse.",1
PAT-00129,2024-01-20 10:28:40,99.9,69,37.5,117/81,99,59.6,Patient describes night sweats.,0
PAT-00129,2024-01-21 10:19:31,96.0,72,36.8,115/80,123,59.6,Patient denies any symptoms or discomfort.,0
PAT-00129,2024-01-22 09:02:49,97.5,63,38.8,112/73,99,59.6,"Patient notes that muscle aches, chills.",1
PAT-00129,2024-01-23 10:27:53,97.7,65,37.3,144/92,171,59.6,"This morning, severe blurred vision, dry mouth, frequent urination. immediate attention may be needed.",0
PAT-00129,2024-01-24 08:05:28,97.3,98,36.0,127/70,107,59.6,No significant complaints today.,0
PAT-00129,2024-01-25 09:51:57,92.9,77,37.7,146/85,171,59.6,"Indicates body aches, severe blurred vision, dry mouth, frequent urination. immediate attention may be needed.",1
PAT-00129,2024-01-26 10:27:04,96.9,85,37.1,139/87,105,59.6,No significant complaints today.,0
PAT-00129,2024-01-27 10:21:44,97.2,84,36.5,119/81,89,59.6,No symptoms reported. Vitals are within expected range.,0
PAT-00129,2024-01-28 09:47:50,95.7,71,38.3,128/83,84,59.6,"Indicates muscle aches, headache.",0
PAT-00129,2024-01-29 08:06:43,95.9,96,36.8,185/114,88,59.6,"Today, patient states chest pain, severe headache. immediate attention may be needed.",0
PAT-00129,2024-01-30 09:48:21,97.7,57,35.9,123/74,84,59.6,Patient notes that lowered energy.,0
PAT-00130,2024-01-01 10:06:05,100.0,56,36.7,110/81,86,73.6,No symptoms reported. Vitals are within expected range.,0
PAT-00130,2024-01-02 08:56:22,99.7,81,37.0,115/75,103,73.6,Patient is feeling well with all parameters stable.,0
PAT-00130,2024-01-03 09:45:33,96.7,79,36.8,122/71,100,73.6,No significant complaints today.,0
PAT-00130,2024-01-04 09:27:43,96.2,83,36.6,112/74,168,73.6,"Today, patient states severe blurred vision, dry mouth, frequent urination. immediate attention may be needed.",1
PAT-00130,2024-01-05 09:17:24,94.6,93,37.1,183/103,93,73.6,"Today, patient states chest pain, severe headache. worsening symptoms present.",0
PAT-00130,2024-01-06 10:38:48,93.6,80,37.4,125/74,84,73.6,No significant complaints today.,0
PAT-00130,2024-01-07 10:25:59,93.6,91,37.1,117/76,116,73.6,Patient denies any symptoms or discomfort.,0
PAT-00130,2024-01-08 10:43:22,96.1,88,37.0,134/93,81,73.6,Patient denies any symptoms or discomfort.,0
PAT-00130,2024-01-09 10:06:34,95.1,84,36.8,118/77,88,73.6,Vitals remain within acceptable limits. No issues noted.,0
PAT-00130,2024-01-10 10:15:03,92.7,108,36.9,130/95,70,73.6,"Today, patient states restlessness.",0
PAT-00130,2024-01-11 09:39:37,97.7,79,38.7,187/120,109,73.6,"Indicates muscle aches, severe discomfort, chest pain, severe headache. worsening symptoms present.",0
PAT-00130,2024-01-12 10:42:16,96.8,87,36.7,119/78,133,73.6,Indicates blurred vision.,0
PAT-00130,2024-01-13 08:47:27,96.3,64,37.3,172/120,94,73.6,Notes headaches.,0
PAT-00130,2024-01-14 09:49:28,94.8,101,36.8,128/73,92,73.6,Patient describes restlessness.,0
PAT-00130,2024-01-15 10:16:15,92.3,70,36.8,128/76,165,73.6,"Patient notes that severe blurred vision, dry mouth, frequent urination. worsening symptoms present.",1
PAT-00130,2024-01-16 10:45:55,96.8,78,35.9,183/101,114,73.6,"Patient notes that lowered energy, chest pain, severe headache. worsening symptoms present.",1
PAT-00130,2024-01-17 09:28:32,94.5,84,37.0,167/115,80,73.6,Reports headaches.,0
PAT-00130,2024-01-18 10:19:52,96.9,96,38.4,119/71,85,73.6,"Indicates chills, fever.",1
PAT-00130,2024-01-19 08:51:43,100.0,86,37.2,124/84,82,73.6,Patient is feeling well with all parameters stable.,0
PAT-00130,2024-01-20 09:42:01,98.0,80,35.9,130/70,115,73.6,Observes mild coldness.,0
PAT-00130,2024-01-21 08:12:12,94.5,82,37.8,182/116,110,73.6,"Patient describes night sweats, chest pain, severe headache. immediate attention may be needed.",1
PAT-00130,2024-01-22 08:26:37,94.0,59,35.7,129/80,74,73.6,Patient describes lowered energy.,0
PAT-00130,2024-01-23 08:05:48,95.7,90,35.6,114/82,110,73.6,"This morning, mild coldness.",0
PAT-00130,2024-01-24 09:44:42,96.0,100,36.4,185/103,79,73.6,"Indicates chest pain, severe headache. immediate attention may be needed.",1
PAT-00130,2024-01-25 10:44:03,97.8,96,36.5,114/74,77,73.6,Vitals remain within acceptable limits. No issues noted.,0
PAT-00130,2024-01-26 09:04:18,98.6,73,35.5,149/90,101,73.6,Patient notes that mild coldness.,0
PAT-00130,2024-01-27 09:44:28,96.5,50,36.9,114/71,101,73.6,Reports fatigue.,0
PAT-00130,2024-01-28 08:12:26,96.7,99,35.6,138/90,88,73.6,Indicates lowered energy.,0
PAT-00130,2024-01-29 08:49:10,97.8,63,37.4,127/77,99,73.6,Patient is feeling well with all parameters stable.,0
PAT-00130,2024-01-30 09:43:46,96.6,50,35.9,123/80,70,73.6,"Reports fatigue, lowered energy.",0
PAT-00131,2024-01-01 08:55:09,97.8,89,37.2,147/95,141,68.4,Patient describes frequent urination.,0
PAT-00131,2024-01-02 09:18:26,97.0,77,37.6,182/111,77,68.4,"Patient describes body aches, chest pain, severe headache. worsening symptoms present.",1
PAT-00131,2024-01-03 09:23:20,96.1,55,36.3,128/80,71,68.4,Vitals remain within acceptable limits. No issues noted.,0
PAT-00131,2024-01-04 08:45:21,91.2,73,38.4,130/92,85,68.4,"Today, patient states dizziness, severe discomfort, muscle aches. immediate attention may be needed.",0
PAT-00131,2024-01-05 08:31:26,95.6,87,37.3,116/71,108,68.4,No symptoms reported. Vitals are within expected range.,0
PAT-00131,2024-01-06 08:33:11,94.5,82,36.7,117/82,118,68.4,Patient is feeling well with all parameters stable.,0
PAT-00131,2024-01-07 09:56:59,94.3,108,37.7,110/75,91,68.4,"Patient describes palpitations, mild fever.",0
PAT-00131,2024-01-08 09:21:43,88.3,60,37.1,122/73,84,68.4,"Patient describes severe shortness of breath, dizziness. immediate attention may be needed.",0
PAT-00131,2024-01-09 09:01:58,98.1,51,36.8,140/95,132,68.4,"Patient describes lightheadedness, blurred vision.",0
PAT-00131,2024-01-10 08:16:19,93.0,59,35.5,111/84,113,68.4,"This morning, lowered energy.",0
PAT-00131,2024-01-11 09:11:46,96.4,51,37.4,127/76,91,68.4,"Today, patient states lightheadedness.",0
PAT-00131,2024-01-12 10:54:53,96.8,62,35.7,129/75,88,68.4,"This morning, lowered energy.",0
PAT-00131,2024-01-13 09:14:01,96.2,105,38.3,132/87,75,68.4,"This morning, restlessness, fever, severe discomfort. worsening symptoms present.",1
PAT-00131,2024-01-14 10:14:41,96.2,57,37.3,144/89,75,68.4,No symptoms reported. Vitals are within expected range.,0
PAT-00131,2024-01-15 09:18:39,94.8,107,36.8,120/85,93,68.4,Indicates anxiety.,0
PAT-00131,2024-01-16 10:59:09,97.7,91,36.9,142/88,104,68.4,Patient denies any symptoms or discomfort.,0
PAT-00131,2024-01-17 10:47:47,95.8,50,37.0,112/75,83,68.4,Patient describes slow pulse.,0
PAT-00131,2024-01-18 09:26:45,97.7,56,36.9,121/80,74,68.4,Vitals remain within acceptable limits. No issues noted.,0
PAT-00131,2024-01-19 09:00:54,97.0,108,35.8,123/70,120,68.4,"Indicates restlessness, lowered energy.",1
PAT-00131,2024-01-20 10:16:58,100.0,86,37.4,120/75,149,68.4,"Today, patient states dry mouth.",0
PAT-00131,2024-01-21 09:44:16,97.8,75,36.5,125/78,70,68.4,No symptoms reported. Vitals are within expected range.,0
PAT-00131,2024-01-22 10:44:38,94.2,68,36.8,173/110,156,68.4,"Indicates headaches, severe blurred vision, dry mouth, frequent urination. worsening symptoms present.",1
PAT-00131,2024-01-23 08:27:05,97.8,64,36.6,188/119,86,68.4,"Indicates chest pain, severe headache. worsening symptoms present.",0
PAT-00131,2024-01-24 08:34:19,95.0,52,36.8,142/93,129,68.4,"This morning, slow pulse, blurred vision.",0
PAT-00131,2024-01-25 10:46:04,98.3,60,37.2,122/78,103,68.4,No symptoms reported. Vitals are within expected range.,0
PAT-00131,2024-01-26 08:21:12,95.9,87,37.0,175/102,90,68.4,Observes vision issues.,1
PAT-00131,2024-01-27 09:46:45,98.3,102,36.6,127/70,176,68.4,"Reports palpitations, severe blurred vision, dry mouth, frequent urination. worsening symptoms present.",0
PAT-00131,2024-01-28 10:25:24,98.0,99,38.4,125/81,120,68.4,"Indicates fever, chills.",1
PAT-00131,2024-01-29 08:57:07,96.7,52,36.0,184/108,74,68.4,"Patient notes that slow pulse, chest pain, severe headache. immediate attention may be needed.",1
PAT-00131,2024-01-30 09:43:43,95.1,68,36.5,132/91,95,68.4,No symptoms reported. Vitals are within expected range.,0
PAT-00132,2024-01-01 10:38:05,97.8,59,38.3,177/108,161,71.2,"Reports fever, headache, chest tightness, severe blurred vision, dry mouth, frequent urination. immediate attention may be needed.",0
PAT-00132,2024-01-02 10:32:49,95.0,83,36.5,122/85,132,71.2,"This morning, dry mouth.",0
PAT-00132,2024-01-03 09:41:06,99.8,91,35.9,175/109,71,71.2,"Today, patient states lowered energy, chest tightness.",1
PAT-00132,2024-01-04 10:37:23,97.4,57,36.0,149/91,154,71.2,"This morning, severe blurred vision, dry mouth, frequent urination. worsening symptoms present.",0
PAT-00132,2024-01-05 09:26:05,100.0,60,38.3,161/110,102,71.2,"Patient describes fever, severe discomfort, vision issues. immediate attention may be needed.",1
PAT-00132,2024-01-06 09:03:52,100.0,93,38.5,125/81,100,71.2,"Patient notes that chills, fever.",1
PAT-00132,2024-01-07 09:42:18,94.2,78,38.6,125/75,169,71.2,"Patient describes chills, severe discomfort, severe blurred vision, dry mouth, frequent urination. immediate attention may be needed.",1
PAT-00132,2024-01-08 10:11:39,95.5,105,36.7,121/85,78,71.2,Indicates anxiety.,1
PAT-00132,2024-01-09 10:42:55,97.8,55,38.2,150/88,119,71.2,"Indicates headache, muscle aches.",1
PAT-00132,2024-01-10 09:53:48,96.6,65,36.9,121/74,82,71.2,Patient is feeling well with all parameters stable.,0
PAT-00132,2024-01-11 08:18:05,98.4,72,37.3,169/103,81,71.2,"Today, patient states vision issues.",0
PAT-00132,2024-01-12 08:50:50,97.8,101,36.8,112/76,77,71.2,"Today, patient states restlessness.",1
PAT-00132,2024-01-13 09:50:48,97.1,72,37.0,128/84,82,71.2,Vitals remain within acceptable limits. No issues noted.,0
PAT-00132,2024-01-14 08:53:33,97.1,100,36.7,140/92,124,71.2,Vitals remain within acceptable limits. No issues noted.,0
PAT-00132,2024-01-15 09:38:42,97.4,91,36.0,141/93,79,71.2,Patient denies any symptoms or discomfort.,0
PAT-00132,2024-01-16 10:05:17,93.3,68,38.9,128/71,116,71.2,"Patient notes that fever, chills.",1
PAT-00132,2024-01-17 08:18:47,96.7,61,37.2,121/84,108,71.2,No significant complaints today.,0
PAT-00132,2024-01-18 08:36:39,96.1,108,35.8,177/113,76,71.2,"Today, patient states palpitations, lowered energy, headaches.",0
PAT-00132,2024-01-19 09:47:37,98.7,93,37.1,163/103,72,71.2,Patient describes vision issues.,1
PAT-00132,2024-01-20 10:23:51,98.9,82,35.7,112/78,83,71.2,Patient notes that lowered energy.,0
PAT-00132,2024-01-21 08:04:15,94.5,71,38.0,148/91,73,71.2,"Patient describes severe discomfort, chills. worsening symptoms present.",1
PAT-00132,2024-01-22 09:46:44,94.5,53,37.2,130/78,92,71.2,Patient describes slow pulse.,1
PAT-00132,2024-01-23 08:56:09,92.3,94,37.1,123/78,74,71.2,Patient denies any symptoms or discomfort.,0
PAT-00132,2024-01-24 09:42:59,96.5,94,36.0,110/80,97,71.2,No significant complaints today.,0
PAT-00132,2024-01-25 10:52:10,98.8,86,38.0,148/93,97,71.2,"This morning, headache, fever.",1
PAT-00132,2024-01-26 09:30:43,93.4,68,36.7,129/78,84,71.2,Vitals remain within acceptable limits. No issues noted.,0
PAT-00132,2024-01-27 08:18:11,98.0,108,36.4,117/84,103,71.2,Notes restlessness.,1
PAT-00132,2024-01-28 08:05:16,97.5,73,36.7,132/92,75,71.2,No significant complaints today.,0
PAT-00132,2024-01-29 10:03:51,98.5,68,37.3,121/74,119,71.2,Vitals remain within acceptable limits. No issues noted.,0
PAT-00132,2024-01-30 09:55:53,93.5,103,37.3,129/84,118,71.2,Indicates anxiety.,1
PAT-00133,2024-01-01 09:18:17,97.6,100,35.7,126/78,98,79.7,Notes lowered energy.,0
PAT-00133,2024-01-02 08:17:00,93.7,63,36.4,129/74,93,79.7,Vitals remain within acceptable limits. No issues noted.,0
PAT-00133,2024-01-03 08:44:21,90.8,90,36.1,129/83,137,79.7,"Patient notes that low energy, dry mouth.",0
PAT-00133,2024-01-04 08:44:37,90.2,66,37.0,168/112,98,79.7,"Patient describes shortness of breath, vision issues.",0
PAT-00133,2024-01-05 09:53:33,94.5,54,37.2,119/85,89,79.7,Observes lightheadedness.,1
PAT-00133,2024-01-06 10:22:26,93.9,93,37.1,189/102,111,79.7,"Observes chest pain, severe headache. worsening symptoms present.",1
PAT-00133,2024-01-07 09:08:45,97.3,52,36.5,117/71,95,79.7,Patient describes fatigue.,1
PAT-00133,2024-01-08 09:39:16,93.8,76,36.8,130/90,107,79.7,Vitals remain within acceptable limits. No issues noted.,0
PAT-00133,2024-01-09 08:08:45,94.6,64,37.9,144/95,145,79.7,"Patient describes mild fever, blurred vision.",0
PAT-00133,2024-01-10 09:43:11,98.8,85,36.5,188/120,122,79.7,"Indicates chest pain, severe headache. immediate attention may be needed.",0
PAT-00133,2024-01-11 09:40:41,96.8,52,36.6,119/79,155,79.7,"Observes fatigue, severe blurred vision, dry mouth, frequent urination. immediate attention may be needed.",1
PAT-00133,2024-01-12 08:51:51,93.0,63,37.1,114/72,106,79.7,Vitals remain within acceptable limits. No issues noted.,0
PAT-00133,2024-01-13 10:54:11,94.7,58,35.8,125/71,151,79.7,"Reports lowered energy, severe blurred vision, dry mouth, frequent urination. immediate attention may be needed.",0
PAT-00133,2024-01-14 09:22:39,93.3,87,37.4,176/110,86,79.7,Observes headaches.,1
PAT-00133,2024-01-15 09:20:45,93.0,86,36.1,139/86,86,79.7,Patient is feeling well with all parameters stable.,0
PAT-00133,2024-01-16 10:54:35,99.7,106,37.2,115/80,104,79.7,"This morning, palpitations.",1
PAT-00133,2024-01-17 10:45:34,94.2,102,37.3,123/71,146,79.7,"Observes anxiety, dry mouth.",1
PAT-00133,2024-01-18 10:38:33,98.4,84,35.9,119/75,117,79.7,Notes mild coldness.,0
PAT-00133,2024-01-19 08:21:09,93.0,91,36.7,117/72,91,79.7,Patient is feeling well with all parameters stable.,0
PAT-00133,2024-01-20 10:34:35,91.9,87,37.4,124/72,125,79.7,"This morning, low energy.",0
PAT-00133,2024-01-21 08:58:01,95.3,66,36.3,143/91,116,79.7,No significant complaints today.,0
PAT-00133,2024-01-22 08:50:28,98.5,105,36.2,177/112,74,79.7,"Patient notes that restlessness, vision issues.",1
PAT-00133,2024-01-23 08:33:29,91.7,83,36.6,122/70,93,79.7,"This morning, shortness of breath.",1
PAT-00133,2024-01-24 09:28:35,97.3,97,37.2,138/92,72,79.7,Vitals remain within acceptable limits. No issues noted.,0
PAT-00133,2024-01-25 08:42:34,97.0,67,38.0,117/78,120,79.7,"Indicates muscle aches, severe discomfort. immediate attention may be needed.",1
PAT-00133,2024-01-26 09:11:12,95.5,110,36.6,164/114,85,79.7,"Patient describes anxiety, vision issues.",0
PAT-00133,2024-01-27 09:13:21,95.7,76,37.1,121/85,76,79.7,Patient is feeling well with all parameters stable.,0
PAT-00133,2024-01-28 09:14:47,95.6,110,37.0,114/75,117,79.7,Indicates restlessness.,0
PAT-00133,2024-01-29 08:19:45,98.0,65,36.8,185/108,71,79.7,"This morning, chest pain, severe headache. immediate attention may be needed.",0
PAT-00133,2024-01-30 09:18:58,92.5,73,35.5,146/94,93,79.7,Indicates mild coldness.,0
PAT-00134,2024-01-01 09:41:02,94.9,54,36.8,133/86,83,76.8,Reports fatigue.,1
PAT-00134,2024-01-02 10:26:40,95.0,99,36.8,172/120,84,76.8,Observes chest tightness.,1
PAT-00134,2024-01-03 09:24:38,96.6,90,36.6,139/89,86,76.8,Vitals remain within acceptable limits. No issues noted.,0
PAT-00134,2024-01-04 09:47:14,95.6,96,37.1,135/87,119,76.8,Patient is feeling well with all parameters stable.,0
PAT-00134,2024-01-05 09:34:38,100.0,70,37.1,121/84,99,76.8,No symptoms reported. Vitals are within expected range.,0
PAT-00134,2024-01-06 08:42:54,96.1,103,37.3,135/88,91,76.8,Notes anxiety.,0
PAT-00134,2024-01-07 10:53:37,95.0,60,37.7,138/87,83,76.8,Patient describes night sweats.,0
PAT-00134,2024-01-08 08:40:35,95.4,79,37.0,140/88,71,76.8,Patient is feeling well with all parameters stable.,0
PAT-00134,2024-01-09 10:03:14,93.7,87,36.7,117/70,92,76.8,Patient is feeling well with all parameters stable.,0
PAT-00134,2024-01-10 10:32:31,93.7,62,37.1,122/74,87,76.8,Patient is feeling well with all parameters stable.,0
PAT-00134,2024-01-11 09:27:35,95.6,79,37.7,131/90,98,76.8,Reports body aches.,0
PAT-00134,2024-01-12 10:01:07,95.8,71,37.3,116/76,84,76.8,Patient is feeling well with all parameters stable.,0
PAT-00134,2024-01-13 09:25:29,95.6,50,37.1,114/84,157,76.8,"Indicates lightheadedness, severe blurred vision, dry mouth, frequent urination. immediate attention may be needed.",0
PAT-00134,2024-01-14 09:59:24,94.4,71,36.2,129/83,91,76.8,Vitals remain within acceptable limits. No issues noted.,0
PAT-00134,2024-01-15 10:58:37,96.6,81,37.1,139/90,157,76.8,"Patient notes that severe blurred vision, dry mouth, frequent urination. worsening symptoms present.",1
PAT-00134,2024-01-16 10:36:23,94.1,71,37.2,110/80,80,76.8,Vitals remain within acceptable limits. No issues noted.,0
PAT-00134,2024-01-17 08:36:45,95.2,110,36.5,112/84,73,76.8,Patient notes that restlessness.,1
PAT-00134,2024-01-18 09:57:04,96.0,77,38.3,117/81,75,76.8,"Patient notes that muscle aches, chills.",1
PAT-00134,2024-01-19 08:29:57,95.2,81,37.2,146/95,86,76.8,No symptoms reported. Vitals are within expected range.,0
PAT-00134,2024-01-20 09:41:20,95.3,63,36.8,112/75,131,76.8,Patient notes that dry mouth.,0
PAT-00134,2024-01-21 10:18:20,95.6,64,36.9,161/106,128,76.8,"Indicates vision issues, blurred vision.",0
PAT-00134,2024-01-22 10:56:16,95.3,104,38.2,116/70,116,76.8,"Notes anxiety, severe discomfort, chills. worsening symptoms present.",0
PAT-00134,2024-01-23 08:52:46,97.6,55,36.5,117/75,93,76.8,Patient is feeling well with all parameters stable.,0
PAT-00134,2024-01-24 10:18:56,96.7,99,37.9,160/105,118,76.8,"Today, patient states mild fever, headaches.",1
PAT-00134,2024-01-25 08:36:16,95.8,62,36.9,115/72,117,76.8,No significant complaints today.,0
PAT-00134,2024-01-26 10:53:42,93.4,65,37.2,121/85,88,76.8,Patient denies any symptoms or discomfort.,0
PAT-00134,2024-01-27 10:03:45,92.7,90,36.7,119/85,119,76.8,No symptoms reported. Vitals are within expected range.,0
PAT-00134,2024-01-28 08:51:58,95.3,110,35.8,167/104,80,76.8,"Reports restlessness, lowered energy, chest tightness.",0
PAT-00134,2024-01-29 10:05:50,96.0,93,36.1,116/79,123,76.8,No significant complaints today.,0
PAT-00134,2024-01-30 10:45:23,97.1,75,36.4,132/88,76,76.8,Patient is feeling well with all parameters stable.,0
PAT-00135,2024-01-01 09:27:34,93.8,73,36.5,112/75,85,77.4,No significant complaints today.,0
PAT-00135,2024-01-02 08:07:49,97.7,93,36.7,134/85,94,77.4,Patient denies any symptoms or discomfort.,0
PAT-00135,2024-01-03 08:56:44,95.5,96,37.4,126/72,77,77.4,No symptoms reported. Vitals are within expected range.,0
PAT-00135,2024-01-04 09:37:54,94.5,99,36.9,147/85,75,77.4,Patient denies any symptoms or discomfort.,0
PAT-00135,2024-01-05 10:41:33,94.9,82,36.7,132/94,82,77.4,No significant complaints today.,0
PAT-00135,2024-01-06 09:10:12,98.1,93,37.6,128/73,121,77.4,Patient describes body aches.,0
PAT-00135,2024-01-07 08:42:13,96.7,66,36.1,170/112,87,77.4,"Today, patient states vision issues.",1
PAT-00135,2024-01-08 08:14:48,96.3,56,36.1,130/82,157,77.4,"Patient describes severe blurred vision, dry mouth, frequent urination. worsening symptoms present.",1
PAT-00135,2024-01-09 10:56:44,97.9,62,36.6,145/86,100,77.4,Patient denies any symptoms or discomfort.,0
PAT-00135,2024-01-10 10:05:39,94.4,51,36.5,188/116,95,77.4,"Notes fatigue, chest pain, severe headache. immediate attention may be needed.",0
PAT-00135,2024-01-11 08:07:15,91.9,83,37.3,116/75,100,77.4,Notes shortness of breath.,1
PAT-00135,2024-01-12 09:37:23,95.4,73,37.1,110/85,72,77.4,Patient denies any symptoms or discomfort.,0
PAT-00135,2024-01-13 09:49:25,98.4,55,36.2,111/85,84,77.4,Patient is feeling well with all parameters stable.,0
PAT-00135,2024-01-14 09:45:55,95.0,60,36.8,144/87,77,77.4,Vitals remain within acceptable limits. No issues noted.,0
PAT-00135,2024-01-15 10:13:07,97.1,72,36.7,110/76,121,77.4,Patient denies any symptoms or discomfort.,0
PAT-00135,2024-01-16 10:04:05,96.0,80,36.9,111/80,175,77.4,"Indicates severe blurred vision, dry mouth, frequent urination. worsening symptoms present.",1
PAT-00135,2024-01-17 08:12:48,98.8,108,37.3,149/91,175,77.4,"Patient describes palpitations, severe blurred vision, dry mouth, frequent urination. immediate attention may be needed.",0
PAT-00135,2024-01-18 09:01:00,93.5,55,37.1,129/78,112,77.4,Vitals remain within acceptable limits. No issues noted.,0
PAT-00135,2024-01-19 10:38:15,94.2,87,36.9,134/88,76,77.4,No symptoms reported. Vitals are within expected range.,0
PAT-00135,2024-01-20 08:31:06,97.3,100,36.7,126/70,95,77.4,Patient denies any symptoms or discomfort.,0
PAT-00135,2024-01-21 09:55:58,100.0,62,37.7,118/71,87,77.4,"Today, patient states night sweats.",0
PAT-00135,2024-01-22 08:19:13,95.4,87,37.2,110/82,147,77.4,Indicates frequent urination.,0
PAT-00135,2024-01-23 10:34:44,99.1,106,37.2,147/88,89,77.4,"This morning, anxiety.",0
PAT-00135,2024-01-24 09:38:46,95.8,60,36.8,128/85,75,77.4,Patient denies any symptoms or discomfort.,0
PAT-00135,2024-01-25 09:58:34,92.7,86,38.8,114/81,87,77.4,"Patient notes that muscle aches, severe discomfort. immediate attention may be needed.",0
PAT-00135,2024-01-26 08:13:39,94.8,93,38.4,188/118,83,77.4,"Notes fever, chills, chest pain, severe headache. worsening symptoms present.",1
PAT-00135,2024-01-27 08:49:48,95.1,67,38.7,143/92,87,77.4,"Indicates severe discomfort, chills. immediate attention may be needed.",1
PAT-00135,2024-01-28 10:53:40,94.6,66,37.0,134/88,117,77.4,No symptoms reported. Vitals are within expected range.,0
PAT-00135,2024-01-29 09:44:15,98.4,103,37.1,118/84,81,77.4,Notes anxiety.,0
PAT-00135,2024-01-30 09:33:27,95.6,57,36.9,138/86,82,77.4,Vitals remain within acceptable limits. No issues noted.,0
PAT-00136,2024-01-01 08:08:02,93.7,56,36.0,117/73,114,84.5,No significant complaints today.,0
PAT-00136,2024-01-02 08:36:28,93.4,75,36.6,142/85,73,84.5,No significant complaints today.,0
PAT-00136,2024-01-03 10:19:00,97.0,58,38.4,113/73,173,84.5,"Reports muscle aches, severe discomfort, severe blurred vision, dry mouth, frequent urination. immediate attention may be needed.",0
PAT-00136,2024-01-04 08:34:07,93.7,82,37.3,119/76,92,84.5,No symptoms reported. Vitals are within expected range.,0
PAT-00136,2024-01-05 08:26:34,94.5,72,36.9,163/103,79,84.5,Patient describes headaches.,0
PAT-00136,2024-01-06 09:04:05,96.5,76,36.0,149/87,82,84.5,No significant complaints today.,0
PAT-00136,2024-01-07 09:21:45,97.3,80,35.8,118/82,148,84.5,"Observes lowered energy, blurred vision.",0
PAT-00136,2024-01-08 08:24:32,93.3,54,37.3,137/92,154,84.5,"Notes lightheadedness, severe blurred vision, dry mouth, frequent urination. worsening symptoms present.",0
PAT-00136,2024-01-09 08:18:56,95.9,85,36.6,118/80,78,84.5,Patient denies any symptoms or discomfort.,0
PAT-00136,2024-01-10 09:43:26,94.7,103,36.9,160/100,107,84.5,"Reports palpitations, chest tightness.",0
PAT-00136,2024-01-11 09:41:08,92.4,94,37.6,145/87,77,84.5,Observes body aches.,0
PAT-00136,2024-01-12 09:58:17,94.0,60,37.2,114/73,90,84.5,Patient is feeling well with all parameters stable.,0
PAT-00136,2024-01-13 09:51:33,97.5,67,36.8,127/81,91,84.5,Patient denies any symptoms or discomfort.,0
PAT-00136,2024-01-14 09:53:43,96.1,60,38.6,124/70,95,84.5,"Notes severe discomfort, chills. immediate attention may be needed.",1
PAT-00136,2024-01-15 10:38:36,95.2,62,37.6,123/81,128,84.5,"Reports body aches, blurred vision.",0
PAT-00136,2024-01-16 10:50:16,98.0,87,37.2,110/77,78,84.5,Patient denies any symptoms or discomfort.,0
PAT-00136,2024-01-17 09:12:55,91.4,83,36.4,145/92,71,84.5,Observes shortness of breath.,1
PAT-00136,2024-01-18 09:59:36,95.7,100,37.2,128/80,98,84.5,No significant complaints today.,0
PAT-00136,2024-01-19 08:38:22,93.8,68,38.3,119/82,113,84.5,"Notes severe discomfort, muscle aches. immediate attention may be needed.",0
PAT-00136,2024-01-20 08:47:48,97.5,82,35.6,125/81,97,84.5,"This morning, lowered energy.",0
PAT-00136,2024-01-21 08:32:00,95.4,90,38.4,160/103,83,84.5,"Notes fever, headache, chest tightness.",0
PAT-00136,2024-01-22 10:42:50,92.7,99,37.2,120/75,77,84.5,No symptoms reported. Vitals are within expected range.,0
PAT-00136,2024-01-23 09:45:13,93.9,77,35.7,137/87,83,84.5,Indicates lowered energy.,0
PAT-00136,2024-01-24 10:43:54,92.8,61,36.9,111/72,84,84.5,Vitals remain within acceptable limits. No issues noted.,0
PAT-00136,2024-01-25 10:06:08,95.9,81,35.7,129/79,90,84.5,Indicates lowered energy.,0
PAT-00136,2024-01-26 08:47:47,95.2,67,38.0,111/78,124,84.5,"Notes severe discomfort, muscle aches. immediate attention may be needed.",0
PAT-00136,2024-01-27 09:11:40,96.9,60,37.4,117/80,122,84.5,Patient is feeling well with all parameters stable.,0
PAT-00136,2024-01-28 10:12:40,96.3,53,37.4,125/75,91,84.5,Indicates slow pulse.,0
PAT-00136,2024-01-29 09:42:31,95.9,78,36.1,177/103,91,84.5,Patient describes chest tightness.,1
PAT-00136,2024-01-30 09:56:20,96.5,102,36.2,138/95,84,84.5,Indicates anxiety.,0
PAT-00137,2024-01-01 08:21:33,94.6,77,37.4,114/72,116,78.5,No symptoms reported. Vitals are within expected range.,0
PAT-00137,2024-01-02 10:56:33,97.4,85,36.7,179/108,72,78.5,Patient describes vision issues.,0
PAT-00137,2024-01-03 10:07:07,96.0,73,36.5,113/72,79,78.5,No significant complaints today.,0
PAT-00137,2024-01-04 09:24:45,99.1,60,38.1,132/86,88,78.5,"Patient describes severe discomfort, chills. worsening symptoms present.",1
PAT-00137,2024-01-05 09:23:51,97.5,99,35.9,115/79,97,78.5,"Today, patient states lowered energy.",0
PAT-00137,2024-01-06 10:33:58,93.4,77,36.6,130/80,92,78.5,Patient is feeling well with all parameters stable.,0
PAT-00137,2024-01-07 09:46:42,98.7,105,37.2,119/85,84,78.5,Patient describes palpitations.,1
PAT-00137,2024-01-08 10:56:07,94.9,110,37.0,114/80,107,78.5,Patient notes that palpitations.,0
PAT-00137,2024-01-09 08:05:48,97.3,110,36.6,147/85,161,78.5,"This morning, palpitations, severe blurred vision, dry mouth, frequent urination. immediate attention may be needed.",1
PAT-00137,2024-01-10 10:37:03,95.0,109,35.8,123/82,152,78.5,"This morning, anxiety, mild coldness, severe blurred vision, dry mouth, frequent urination. worsening symptoms present.",1
PAT-00137,2024-01-11 09:58:46,95.5,86,36.6,116/76,96,78.5,Vitals remain within acceptable limits. No issues noted.,0
PAT-00137,2024-01-12 08:26:19,96.0,72,37.1,126/74,73,78.5,No symptoms reported. Vitals are within expected range.,0
PAT-00137,2024-01-13 08:43:47,96.3,105,37.9,110/70,84,78.5,"Indicates palpitations, mild fever.",0
PAT-00137,2024-01-14 08:33:40,97.2,76,37.1,123/83,94,78.5,Patient is feeling well with all parameters stable.,0
PAT-00137,2024-01-15 08:31:51,94.1,86,37.0,131/94,98,78.5,No significant complaints today.,0
PAT-00137,2024-01-16 10:17:38,94.2,64,37.2,123/85,123,78.5,Patient denies any symptoms or discomfort.,0
PAT-00137,2024-01-17 09:55:26,97.9,89,38.6,115/83,148,78.5,"Notes fever, headache, dry mouth.",0
PAT-00137,2024-01-18 09:20:28,98.9,52,36.6,123/85,112,78.5,Notes fatigue.,0
PAT-00137,2024-01-19 10:32:10,99.1,76,36.9,133/92,118,78.5,Vitals remain within acceptable limits. No issues noted.,0
PAT-00137,2024-01-20 09:36:22,97.1,60,36.7,111/76,109,78.5,Patient is feeling well with all parameters stable.,0
PAT-00137,2024-01-21 08:03:11,94.2,73,36.7,115/82,119,78.5,No symptoms reported. Vitals are within expected range.,0
PAT-00137,2024-01-22 08:08:54,94.9,83,36.7,122/78,148,78.5,Patient notes that blurred vision.,0
PAT-00137,2024-01-23 08:15:00,98.7,79,36.5,131/92,94,78.5,No symptoms reported. Vitals are within expected range.,0
PAT-00137,2024-01-24 10:24:14,97.5,100,36.5,112/83,116,78.5,Patient is feeling well with all parameters stable.,0
PAT-00137,2024-01-25 10:09:17,93.0,74,35.8,122/85,111,78.5,"This morning, mild coldness.",0
PAT-00137,2024-01-26 10:12:30,96.1,110,37.4,128/70,71,78.5,Patient notes that anxiety.,1
PAT-00137,2024-01-27 08:25:46,96.4,89,37.3,123/76,106,78.5,Vitals remain within acceptable limits. No issues noted.,0
PAT-00137,2024-01-28 09:14:13,92.5,98,36.6,134/87,87,78.5,Vitals remain within acceptable limits. No issues noted.,0
PAT-00137,2024-01-29 08:49:49,96.8,106,36.5,117/84,74,78.5,Indicates palpitations.,0
PAT-00137,2024-01-30 08:21:48,94.6,59,36.9,116/73,71,78.5,Patient is feeling well with all parameters stable.,0
PAT-00138,2024-01-01 10:30:52,97.5,84,37.1,131/85,87,80.7,Patient is feeling well with all parameters stable.,0
PAT-00138,2024-01-02 10:13:16,94.7,89,36.5,131/88,93,80.7,No symptoms reported. Vitals are within expected range.,0
PAT-00138,2024-01-03 09:12:12,98.2,97,36.5,116/73,90,80.7,Patient denies any symptoms or discomfort.,0
PAT-00138,2024-01-04 09:23:25,95.6,60,37.1,112/74,111,80.7,Patient denies any symptoms or discomfort.,0
PAT-00138,2024-01-05 10:59:00,92.6,68,37.8,124/77,84,80.7,Patient notes that mild fever.,0
PAT-00138,2024-01-06 10:43:07,97.6,105,38.1,123/82,117,80.7,"Patient notes that palpitations, headache, muscle aches.",0
PAT-00138,2024-01-07 09:19:19,94.6,83,36.7,114/73,81,80.7,Patient denies any symptoms or discomfort.,0
PAT-00138,2024-01-08 08:29:39,94.6,60,37.9,115/83,144,80.7,"Today, patient states mild fever, dry mouth.",0
PAT-00138,2024-01-09 10:52:28,97.4,53,36.7,130/83,86,80.7,Patient notes that slow pulse.,1
PAT-00138,2024-01-10 09:46:08,95.7,58,37.6,127/76,90,80.7,Patient describes body aches.,0
PAT-00138,2024-01-11 09:39:58,99.2,59,35.6,124/76,91,80.7,Reports mild coldness.,0
PAT-00138,2024-01-12 08:15:10,93.4,63,36.9,149/93,81,80.7,No significant complaints today.,0
PAT-00138,2024-01-13 09:49:05,98.0,60,36.7,130/87,80,80.7,Vitals remain within acceptable limits. No issues noted.,0
PAT-00138,2024-01-14 09:27:56,95.0,89,36.6,130/82,90,80.7,Vitals remain within acceptable limits. No issues noted.,0
PAT-00138,2024-01-15 10:29:14,97.3,54,35.7,145/91,85,80.7,"Observes lightheadedness, lowered energy.",0
PAT-00138,2024-01-16 10:37:22,97.0,83,36.7,129/72,98,80.7,Patient is feeling well with all parameters stable.,0
PAT-00138,2024-01-17 10:21:11,99.2,69,36.7,114/85,112,80.7,Patient is feeling well with all parameters stable.,0
PAT-00138,2024-01-18 08:20:22,95.0,78,36.8,122/77,99,80.7,No significant complaints today.,0
PAT-00138,2024-01-19 08:36:43,98.0,73,37.0,137/94,89,80.7,Patient denies any symptoms or discomfort.,0
PAT-00138,2024-01-20 09:58:38,96.2,99,37.6,110/76,87,80.7,Patient notes that body aches.,0
PAT-00138,2024-01-21 10:18:26,96.1,71,37.9,123/81,76,80.7,Indicates mild fever.,0
PAT-00138,2024-01-22 09:13:02,95.8,61,38.2,114/72,127,80.7,"Observes chills, headache, blurred vision.",0
PAT-00138,2024-01-23 08:43:47,95.9,65,35.7,121/82,168,80.7,"Today, patient states lowered energy, severe blurred vision, dry mouth, frequent urination. worsening symptoms present.",0
PAT-00138,2024-01-24 08:10:46,93.9,66,38.3,119/84,108,80.7,"Reports severe discomfort, chills. immediate attention may be needed.",1
PAT-00138,2024-01-25 09:00:51,98.4,51,38.5,128/73,71,80.7,"Observes slow pulse, fever, muscle aches.",0
PAT-00138,2024-01-26 10:01:47,94.0,57,36.6,166/104,83,80.7,Notes headaches.,1
PAT-00138,2024-01-27 09:49:49,97.5,107,36.5,148/95,92,80.7,Indicates palpitations.,0
PAT-00138,2024-01-28 10:23:40,98.8,98,38.0,112/85,83,80.7,"Today, patient states fever, severe discomfort. immediate attention may be needed.",0
PAT-00138,2024-01-29 09:18:58,94.5,60,36.8,181/111,120,80.7,"Reports chest pain, severe headache. immediate attention may be needed.",1
PAT-00138,2024-01-30 09:48:31,92.8,97,37.3,118/83,113,80.7,No significant complaints today.,0
PAT-00139,2024-01-01 09:50:13,93.1,97,38.1,127/84,124,91.2,"Patient notes that severe discomfort, fever. immediate attention may be needed.",0
PAT-00139,2024-01-02 10:01:42,91.3,100,37.3,142/91,81,91.2,"Today, patient states shortness of breath.",0
PAT-00139,2024-01-03 09:47:28,97.0,104,38.9,112/77,114,91.2,"Patient notes that restlessness, chills, muscle aches.",1
PAT-00139,2024-01-04 09:32:20,96.1,59,35.9,116/71,82,91.2,Patient notes that mild coldness.,0
PAT-00139,2024-01-05 08:02:32,90.8,87,36.0,128/82,108,91.2,"This morning, dizziness.",1
PAT-00139,2024-01-06 08:19:49,96.9,87,38.9,117/81,78,91.2,"Patient notes that severe discomfort, headache. immediate attention may be needed.",1
PAT-00139,2024-01-07 08:11:52,94.7,63,36.4,121/82,71,91.2,Patient denies any symptoms or discomfort.,0
PAT-00139,2024-01-08 09:04:00,95.3,106,37.2,147/85,76,91.2,Notes restlessness.,0
PAT-00139,2024-01-09 09:24:27,93.9,90,37.3,119/71,76,91.2,Vitals remain within acceptable limits. No issues noted.,0
PAT-00139,2024-01-10 09:28:17,97.7,57,36.9,123/73,168,91.2,"Reports severe blurred vision, dry mouth, frequent urination. immediate attention may be needed.",0
PAT-00139,2024-01-11 08:11:07,97.8,85,37.7,140/85,94,91.2,Observes mild fever.,0
PAT-00139,2024-01-12 09:35:50,93.9,56,36.4,146/86,90,91.2,No symptoms reported. Vitals are within expected range.,0
PAT-00139,2024-01-13 09:07:20,98.9,76,37.3,129/77,106,91.2,No significant complaints today.,0
PAT-00139,2024-01-14 08:54:34,95.2,73,36.4,182/112,100,91.2,"Reports chest pain, severe headache. worsening symptoms present.",0
PAT-00139,2024-01-15 10:20:20,98.8,90,37.8,184/100,75,91.2,"Patient notes that body aches, chest pain, severe headache. worsening symptoms present.",1
PAT-00139,2024-01-16 09:12:50,95.5,76,35.7,110/73,127,91.2,"Notes mild coldness, blurred vision.",0
PAT-00139,2024-01-17 09:06:34,99.1,92,37.2,189/111,87,91.2,"Patient describes chest pain, severe headache. immediate attention may be needed.",0
PAT-00139,2024-01-18 10:51:05,95.8,79,36.4,119/73,76,91.2,No significant complaints today.,0
PAT-00139,2024-01-19 08:56:22,96.3,70,38.0,163/118,73,91.2,"Observes severe discomfort, chills, vision issues. worsening symptoms present.",1
PAT-00139,2024-01-20 08:32:27,93.8,105,37.1,112/85,70,91.2,Patient describes anxiety.,1
PAT-00139,2024-01-21 10:09:38,96.5,87,35.9,136/87,94,91.2,Patient describes lowered energy.,0
PAT-00139,2024-01-22 10:06:38,96.9,56,37.2,112/74,88,91.2,Patient is feeling well with all parameters stable.,0
PAT-00139,2024-01-23 08:04:48,99.0,96,38.6,118/81,75,91.2,"Notes chills, fever.",0
PAT-00139,2024-01-24 08:52:13,94.5,75,37.3,187/102,115,91.2,"Indicates chest pain, severe headache. immediate attention may be needed.",1
PAT-00139,2024-01-25 10:22:24,95.1,94,36.9,124/78,117,91.2,Vitals remain within acceptable limits. No issues noted.,0
PAT-00139,2024-01-26 09:06:04,95.4,52,37.9,143/87,123,91.2,"Today, patient states lightheadedness, body aches.",0
PAT-00139,2024-01-27 09:37:53,95.0,71,37.3,132/91,80,91.2,No symptoms reported. Vitals are within expected range.,0
PAT-00139,2024-01-28 08:07:07,98.1,58,37.4,123/71,120,91.2,Patient denies any symptoms or discomfort.,0
PAT-00139,2024-01-29 08:57:07,97.7,81,36.9,183/104,121,91.2,"Today, patient states chest pain, severe headache. worsening symptoms present.",1
PAT-00139,2024-01-30 10:54:38,93.8,97,36.3,136/85,137,91.2,Patient notes that dry mouth.,0
PAT-00140,2024-01-01 10:32:49,94.9,105,36.7,148/87,101,57.5,"This morning, restlessness.",0
PAT-00140,2024-01-02 09:52:42,98.6,70,38.1,129/83,117,57.5,"Patient describes severe discomfort, fever. worsening symptoms present.",1
PAT-00140,2024-01-03 10:24:40,95.0,51,35.6,128/82,97,57.5,"Notes slow pulse, mild coldness.",0
PAT-00140,2024-01-04 09:10:05,96.2,92,35.9,114/71,96,57.5,Observes mild coldness.,0
PAT-00140,2024-01-05 08:25:50,93.7,98,36.7,113/70,78,57.5,Vitals remain within acceptable limits. No issues noted.,0
PAT-00140,2024-01-06 08:56:34,97.4,82,37.3,112/85,99,57.5,No significant complaints today.,0
PAT-00140,2024-01-07 08:51:49,97.4,107,36.8,137/89,153,57.5,"Patient notes that anxiety, severe blurred vision, dry mouth, frequent urination. immediate attention may be needed.",0
PAT-00140,2024-01-08 10:56:22,94.5,50,35.7,142/85,88,57.5,"Patient describes slow pulse, lowered energy.",0
PAT-00140,2024-01-09 08:44:29,99.6,68,38.4,120/82,83,57.5,"Patient notes that severe discomfort, chills. worsening symptoms present.",1
PAT-00140,2024-01-10 08:31:16,95.2,52,37.0,179/108,102,57.5,"Patient describes fatigue, chest tightness.",1
PAT-00140,2024-01-11 09:29:59,99.0,87,35.9,150/92,99,57.5,"This morning, lowered energy.",0
PAT-00140,2024-01-12 08:43:48,94.1,80,37.4,127/79,84,57.5,Vitals remain within acceptable limits. No issues noted.,0
PAT-00140,2024-01-13 10:05:56,98.8,79,37.1,121/76,101,57.5,Vitals remain within acceptable limits. No issues noted.,0
PAT-00140,2024-01-14 09:31:08,91.4,76,36.8,130/82,73,57.5,Notes dizziness.,0
PAT-00140,2024-01-15 09:56:33,94.6,100,37.0,148/85,74,57.5,Patient is feeling well with all parameters stable.,0
PAT-00140,2024-01-16 10:51:28,95.5,90,38.5,122/72,73,57.5,"This morning, headache, severe discomfort. worsening symptoms present.",1
PAT-00140,2024-01-17 10:25:27,98.2,60,37.0,116/79,119,57.5,No significant complaints today.,0
PAT-00140,2024-01-18 09:56:35,96.2,109,36.5,130/83,115,57.5,Patient describes anxiety.,1
PAT-00140,2024-01-19 09:24:10,95.0,86,36.5,125/85,96,57.5,No symptoms reported. Vitals are within expected range.,0
PAT-00140,2024-01-20 08:04:57,94.3,101,36.5,186/115,74,57.5,"Reports palpitations, chest pain, severe headache. worsening symptoms present.",1
PAT-00140,2024-01-21 08:20:09,97.1,54,37.3,165/106,80,57.5,"Observes lightheadedness, headaches.",0
PAT-00140,2024-01-22 08:33:20,97.0,83,36.0,126/79,89,57.5,No symptoms reported. Vitals are within expected range.,0
PAT-00140,2024-01-23 09:11:06,94.8,101,36.7,111/80,175,57.5,"Patient describes palpitations, severe blurred vision, dry mouth, frequent urination. worsening symptoms present.",0
PAT-00140,2024-01-24 10:57:14,96.5,100,37.6,116/72,76,57.5,Reports body aches.,0
PAT-00140,2024-01-25 09:58:26,99.1,60,36.6,120/77,109,57.5,Patient is feeling well with all parameters stable.,0
PAT-00140,2024-01-26 08:08:46,93.3,82,36.6,182/103,70,57.5,"Reports chest pain, severe headache. worsening symptoms present.",0
PAT-00140,2024-01-27 10:17:58,95.1,68,36.8,137/86,95,57.5,No symptoms reported. Vitals are within expected range.,0
PAT-00140,2024-01-28 09:55:01,95.6,85,37.0,127/85,116,57.5,No significant complaints today.,0
PAT-00140,2024-01-29 10:58:51,97.0,96,36.1,150/92,115,57.5,No significant complaints today.,0
PAT-00140,2024-01-30 08:48:09,98.9,93,37.2,113/83,99,57.5,Patient is feeling well with all parameters stable.,0
PAT-00141,2024-01-01 08:13:31,98.3,79,37.0,128/72,86,91.9,No symptoms reported. Vitals are within expected range.,0
PAT-00141,2024-01-02 08:51:43,95.7,78,36.6,122/74,97,91.9,Patient is feeling well with all parameters stable.,0
PAT-00141,2024-01-03 09:22:29,96.1,106,37.3,129/83,125,91.9,Patient notes that palpitations.,1
PAT-00141,2024-01-04 09:28:18,93.6,84,35.7,121/74,83,91.9,Notes mild coldness.,0
PAT-00141,2024-01-05 10:09:12,94.7,83,36.8,184/115,178,91.9,"This morning, chest pain, severe headache, severe blurred vision, dry mouth, frequent urination. immediate attention may be needed.",0
PAT-00141,2024-01-06 09:47:11,96.4,64,37.0,150/90,76,91.9,No symptoms reported. Vitals are within expected range.,0
PAT-00141,2024-01-07 08:57:29,96.4,106,38.6,147/87,87,91.9,"Today, patient states palpitations, muscle aches, fever.",1
PAT-00141,2024-01-08 09:14:35,94.1,83,35.8,126/75,86,91.9,"This morning, lowered energy.",0
PAT-00141,2024-01-09 09:28:25,93.9,75,37.5,123/82,99,91.9,Patient describes night sweats.,0
PAT-00141,2024-01-10 10:34:31,96.5,69,38.2,170/116,84,91.9,"Indicates fever, chills, chest tightness.",1
PAT-00141,2024-01-11 08:43:53,95.0,96,36.1,122/81,89,91.9,No symptoms reported. Vitals are within expected range.,0
PAT-00141,2024-01-12 09:49:48,94.6,94,35.5,142/87,73,91.9,Indicates mild coldness.,0
PAT-00141,2024-01-13 10:57:05,96.4,98,37.2,118/77,100,91.9,No symptoms reported. Vitals are within expected range.,0
PAT-00141,2024-01-14 09:05:17,92.9,54,36.5,121/74,88,91.9,Observes slow pulse.,1
PAT-00141,2024-01-15 09:45:29,95.4,99,38.8,118/76,76,91.9,"Reports fever, headache.",1
PAT-00141,2024-01-16 10:54:23,94.5,67,37.1,137/88,108,91.9,Patient is feeling well with all parameters stable.,0
PAT-00141,2024-01-17 10:27:53,97.3,59,37.3,124/70,72,91.9,No symptoms reported. Vitals are within expected range.,0
PAT-00141,2024-01-18 10:13:50,96.3,110,38.5,119/77,109,91.9,"Patient notes that restlessness, severe discomfort, headache. worsening symptoms present.",1
PAT-00141,2024-01-19 10:44:22,95.2,58,36.4,182/113,120,91.9,"Reports chest pain, severe headache. worsening symptoms present.",0
PAT-00141,2024-01-20 10:32:05,93.0,86,37.9,125/82,129,91.9,"Reports body aches, blurred vision.",0
PAT-00141,2024-01-21 10:09:31,93.8,109,38.0,118/76,84,91.9,"Indicates restlessness, chills, severe discomfort. worsening symptoms present.",0
PAT-00141,2024-01-22 10:55:02,96.5,53,36.6,116/73,75,91.9,"This morning, lightheadedness.",1
PAT-00141,2024-01-23 10:20:16,96.8,77,38.1,131/92,126,91.9,"Reports muscle aches, headache, blurred vision.",0
PAT-00141,2024-01-24 10:56:47,99.2,106,36.4,166/112,117,91.9,"Indicates restlessness, headaches.",0
PAT-00141,2024-01-25 09:16:00,94.9,104,38.4,160/107,82,91.9,"Patient describes restlessness, headache, muscle aches, headaches.",0
PAT-00141,2024-01-26 09:24:45,99.2,94,36.8,115/74,73,91.9,Patient denies any symptoms or discomfort.,0
PAT-00141,2024-01-27 08:07:37,93.9,53,36.6,126/83,117,91.9,Indicates lightheadedness.,1
PAT-00141,2024-01-28 09:48:28,97.9,94,37.2,173/108,122,91.9,"Today, patient states chest tightness.",0
PAT-00141,2024-01-29 08:58:19,97.6,101,36.5,150/94,96,91.9,"This morning, restlessness.",1
PAT-00141,2024-01-30 08:57:25,95.3,72,36.9,142/85,98,91.9,Patient denies any symptoms or discomfort.,0
PAT-00142,2024-01-01 09:14:06,95.6,65,37.2,116/78,90,66.0,Patient is feeling well with all parameters stable.,0
PAT-00142,2024-01-02 09:33:51,100.0,83,36.8,138/94,98,66.0,No symptoms reported. Vitals are within expected range.,0
PAT-00142,2024-01-03 10:42:19,100.0,56,37.9,121/73,74,66.0,"This morning, night sweats.",0
PAT-00142,2024-01-04 09:47:15,93.4,104,36.5,127/72,156,66.0,"Patient describes anxiety, severe blurred vision, dry mouth, frequent urination. immediate attention may be needed.",0
PAT-00142,2024-01-05 10:46:14,97.0,56,36.5,118/73,72,66.0,No significant complaints today.,0
PAT-00142,2024-01-06 10:22:59,97.2,71,38.2,127/81,88,66.0,"Reports muscle aches, chills.",0
PAT-00142,2024-01-07 09:36:48,96.8,66,36.9,133/88,124,66.0,Patient is feeling well with all parameters stable.,0
PAT-00142,2024-01-08 10:25:21,95.5,78,39.0,175/105,115,66.0,"Indicates headache, severe discomfort, headaches. immediate attention may be needed.",0
PAT-00142,2024-01-09 09:36:13,95.7,55,38.9,147/91,72,66.0,"Reports chills, muscle aches.",1
PAT-00142,2024-01-10 10:04:37,97.4,101,37.2,117/70,87,66.0,Notes anxiety.,0
PAT-00142,2024-01-11 09:54:08,100.0,53,37.2,116/70,121,66.0,Observes fatigue.,0
PAT-00142,2024-01-12 08:02:06,98.5,92,37.3,132/88,119,66.0,No significant complaints today.,0
PAT-00142,2024-01-13 09:33:00,91.5,69,35.9,119/75,93,66.0,"Notes shortness of breath, lowered energy.",0
PAT-00142,2024-01-14 08:48:04,94.8,68,38.5,178/119,70,66.0,"Observes fever, severe discomfort, vision issues. immediate attention may be needed.",1
PAT-00142,2024-01-15 09:49:52,94.7,98,36.8,144/94,70,66.0,Patient denies any symptoms or discomfort.,0
PAT-00142,2024-01-16 10:05:21,96.4,57,37.7,117/70,112,66.0,Observes night sweats.,0
PAT-00142,2024-01-17 08:24:28,93.8,52,38.7,111/82,73,66.0,"Indicates lightheadedness, chills, severe discomfort. immediate attention may be needed.",1
PAT-00142,2024-01-18 09:14:43,94.2,65,36.9,111/81,158,66.0,"Observes severe blurred vision, dry mouth, frequent urination. worsening symptoms present.",0
PAT-00142,2024-01-19 09:10:57,97.6,54,36.5,141/94,156,66.0,"Patient notes that lightheadedness, severe blurred vision, dry mouth, frequent urination. immediate attention may be needed.",0
PAT-00142,2024-01-20 10:28:39,98.2,66,36.1,115/85,84,66.0,No symptoms reported. Vitals are within expected range.,0
PAT-00142,2024-01-21 08:43:21,96.9,69,37.9,129/73,179,66.0,"Indicates night sweats, severe blurred vision, dry mouth, frequent urination. immediate attention may be needed.",0
PAT-00142,2024-01-22 08:46:53,95.5,103,36.8,130/94,83,66.0,Patient notes that anxiety.,0
PAT-00142,2024-01-23 10:44:34,99.6,87,36.1,130/83,94,66.0,No symptoms reported. Vitals are within expected range.,0
PAT-00142,2024-01-24 10:21:43,94.9,79,37.7,125/76,111,66.0,Observes body aches.,0
PAT-00142,2024-01-25 09:55:53,98.9,108,38.5,119/76,92,66.0,"Notes palpitations, headache, muscle aches.",0
PAT-00142,2024-01-26 08:10:24,95.6,53,36.9,134/92,82,66.0,Observes fatigue.,0
PAT-00142,2024-01-27 09:38:25,94.9,54,37.6,120/84,90,66.0,"Observes slow pulse, night sweats.",0
PAT-00142,2024-01-28 10:40:16,95.6,104,36.8,183/102,81,66.0,"Today, patient states restlessness, chest pain, severe headache. immediate attention may be needed.",1
PAT-00142,2024-01-29 09:58:16,92.7,100,37.6,180/101,92,66.0,"Notes body aches, chest tightness.",0
PAT-00142,2024-01-30 09:15:28,96.0,75,37.7,115/70,117,66.0,Notes body aches.,0
PAT-00143,2024-01-01 10:33:39,95.0,56,35.5,120/77,90,57.8,Patient notes that lowered energy.,0
PAT-00143,2024-01-02 08:28:51,94.1,86,36.8,121/78,87,57.8,Vitals remain within acceptable limits. No issues noted.,0
PAT-00143,2024-01-03 10:00:23,95.5,67,36.4,127/76,106,57.8,Vitals remain within acceptable limits. No issues noted.,0
PAT-00143,2024-01-04 10:12:11,95.2,83,37.3,129/73,107,57.8,Patient denies any symptoms or discomfort.,0
PAT-00143,2024-01-05 09:19:47,95.7,76,38.3,111/78,177,57.8,"Today, patient states fever, headache, severe blurred vision, dry mouth, frequent urination. immediate attention may be needed.",1
PAT-00143,2024-01-06 08:51:56,96.4,54,35.9,132/90,126,57.8,"This morning, slow pulse, lowered energy, blurred vision.",0
PAT-00143,2024-01-07 10:16:53,94.5,60,37.1,140/86,101,57.8,Vitals remain within acceptable limits. No issues noted.,0
PAT-00143,2024-01-08 09:33:14,96.6,58,37.4,174/120,163,57.8,"Today, patient states headaches, severe blurred vision, dry mouth, frequent urination. immediate attention may be needed.",1
PAT-00143,2024-01-09 09:59:25,94.4,57,38.7,138/95,83,57.8,"Observes muscle aches, headache.",1
PAT-00143,2024-01-10 08:13:54,96.5,87,36.9,114/85,138,57.8,Indicates frequent urination.,0
PAT-00143,2024-01-11 09:38:09,97.2,85,36.7,111/79,102,57.8,No symptoms reported. Vitals are within expected range.,0
PAT-00143,2024-01-12 08:11:40,96.1,57,37.8,123/71,115,57.8,Reports body aches.,0
PAT-00143,2024-01-13 10:20:07,94.5,102,37.2,119/78,88,57.8,Indicates restlessness.,0
PAT-00143,2024-01-14 09:12:33,97.7,66,36.7,117/70,83,57.8,No significant complaints today.,0
PAT-00143,2024-01-15 09:13:56,95.9,70,36.9,144/95,111,57.8,Vitals remain within acceptable limits. No issues noted.,0
PAT-00143,2024-01-16 10:37:13,97.0,87,35.5,140/85,95,57.8,"This morning, lowered energy.",0
PAT-00143,2024-01-17 08:48:29,94.6,90,35.6,183/112,116,57.8,"Patient notes that lowered energy, chest pain, severe headache. immediate attention may be needed.",0
PAT-00143,2024-01-18 09:03:30,97.4,62,36.7,130/73,75,57.8,Patient is feeling well with all parameters stable.,0
PAT-00143,2024-01-19 10:25:59,96.1,63,35.7,116/73,74,57.8,Indicates mild coldness.,0
PAT-00143,2024-01-20 09:38:41,95.2,59,36.9,126/79,169,57.8,"Reports severe blurred vision, dry mouth, frequent urination. worsening symptoms present.",1
PAT-00143,2024-01-21 08:58:58,98.1,97,37.0,125/83,99,57.8,No symptoms reported. Vitals are within expected range.,0
PAT-00143,2024-01-22 09:58:44,98.1,58,38.0,110/85,88,57.8,"Observes fever, severe discomfort. worsening symptoms present.",0
PAT-00143,2024-01-23 09:07:56,95.6,50,36.8,186/113,78,57.8,"Indicates lightheadedness, chest pain, severe headache. immediate attention may be needed.",1
PAT-00143,2024-01-24 09:33:13,93.5,84,38.3,127/79,84,57.8,"Today, patient states severe discomfort, muscle aches. worsening symptoms present.",0
PAT-00143,2024-01-25 08:16:33,96.5,86,36.4,141/92,76,57.8,No significant complaints today.,0
PAT-00143,2024-01-26 10:18:44,96.2,81,37.7,110/79,98,57.8,"This morning, night sweats.",0
PAT-00143,2024-01-27 10:03:39,99.0,60,36.5,136/86,114,57.8,Vitals remain within acceptable limits. No issues noted.,0
PAT-00143,2024-01-28 09:15:47,95.5,92,36.5,143/92,93,57.8,Patient denies any symptoms or discomfort.,0
PAT-00143,2024-01-29 10:53:17,96.3,90,38.7,138/89,128,57.8,"Today, patient states severe discomfort, muscle aches, frequent urination. immediate attention may be needed.",1
PAT-00143,2024-01-30 08:40:02,96.3,57,37.0,130/81,153,57.8,"Patient describes severe blurred vision, dry mouth, frequent urination. worsening symptoms present.",0
PAT-00144,2024-01-01 09:09:27,95.3,59,36.6,149/85,73,47.2,Patient is feeling well with all parameters stable.,0
PAT-00144,2024-01-02 08:53:58,94.6,80,37.3,111/74,89,47.2,Vitals remain within acceptable limits. No issues noted.,0
PAT-00144,2024-01-03 08:14:01,98.2,90,35.6,149/87,107,47.2,Observes lowered energy.,0
PAT-00144,2024-01-04 08:15:01,94.0,74,39.0,129/73,95,47.2,"Patient describes muscle aches, severe discomfort. worsening symptoms present.",0
PAT-00144,2024-01-05 10:29:13,93.4,89,37.7,115/70,73,47.2,Patient notes that mild fever.,0
PAT-00144,2024-01-06 10:58:20,95.3,60,36.9,110/79,104,47.2,No symptoms reported. Vitals are within expected range.,0
PAT-00144,2024-01-07 10:34:08,100.0,82,37.9,111/82,99,47.2,"This morning, body aches.",0
PAT-00144,2024-01-08 08:19:33,97.2,51,36.7,185/101,162,47.2,"Patient describes lightheadedness, chest pain, severe headache, severe blurred vision, dry mouth, frequent urination. worsening symptoms present.",1
PAT-00144,2024-01-09 09:19:33,95.4,99,36.9,124/76,99,47.2,Vitals remain within acceptable limits. No issues noted.,0
PAT-00144,2024-01-10 09:38:28,97.5,53,36.8,128/74,143,47.2,"Patient notes that slow pulse, dry mouth.",1
PAT-00144,2024-01-11 08:23:54,95.9,92,37.6,127/75,85,47.2,"Today, patient states mild fever.",0
PAT-00144,2024-01-12 08:27:59,94.8,54,37.0,114/81,132,47.2,"This morning, slow pulse, dry mouth.",1
PAT-00144,2024-01-13 09:41:29,99.5,81,36.6,143/93,176,47.2,"Reports severe blurred vision, dry mouth, frequent urination. immediate attention may be needed.",0
PAT-00144,2024-01-14 09:37:02,98.6,67,37.7,161/116,73,47.2,"Patient notes that body aches, headaches.",0
PAT-00144,2024-01-15 09:47:32,94.6,74,36.9,122/73,91,47.2,No symptoms reported. Vitals are within expected range.,0
PAT-00144,2024-01-16 10:48:18,91.5,76,37.0,127/79,118,47.2,Reports low energy.,0
PAT-00144,2024-01-17 09:47:01,94.1,76,36.1,128/74,120,47.2,No significant complaints today.,0
PAT-00144,2024-01-18 09:45:18,97.6,61,37.1,117/80,70,47.2,Vitals remain within acceptable limits. No issues noted.,0
PAT-00144,2024-01-19 10:59:23,98.1,71,36.9,141/94,92,47.2,No significant complaints today.,0
PAT-00144,2024-01-20 09:32:32,96.7,51,36.4,111/74,91,47.2,Indicates lightheadedness.,0
PAT-00144,2024-01-21 09:19:28,94.0,57,36.9,130/85,157,47.2,"Notes severe blurred vision, dry mouth, frequent urination. immediate attention may be needed.",0
PAT-00144,2024-01-22 08:23:18,97.4,88,36.2,113/74,106,47.2,Patient is feeling well with all parameters stable.,0
PAT-00144,2024-01-23 09:47:37,97.1,53,39.0,125/85,89,47.2,"Patient describes lightheadedness, fever, headache.",1
PAT-00144,2024-01-24 09:57:23,97.5,79,36.9,119/79,118,47.2,Vitals remain within acceptable limits. No issues noted.,0
PAT-00144,2024-01-25 09:59:46,95.8,93,35.7,143/91,134,47.2,"Patient notes that mild coldness, frequent urination.",0
PAT-00144,2024-01-26 10:54:31,97.0,93,37.1,114/80,81,47.2,No significant complaints today.,0
PAT-00144,2024-01-27 08:59:10,97.6,84,36.7,124/83,84,47.2,Patient denies any symptoms or discomfort.,0
PAT-00144,2024-01-28 10:50:01,97.0,72,35.7,139/86,125,47.2,"This morning, mild coldness.",0
PAT-00144,2024-01-29 10:30:25,95.6,71,36.8,136/86,79,47.2,No symptoms reported. Vitals are within expected range.,0
PAT-00144,2024-01-30 10:40:12,95.2,98,35.6,163/115,99,47.2,"Patient notes that mild coldness, chest tightness.",1
PAT-00145,2024-01-01 09:21:35,95.0,53,36.8,139/90,81,73.9,Patient notes that slow pulse.,0
PAT-00145,2024-01-02 09:59:27,95.3,85,35.9,135/86,83,73.9,"Today, patient states mild coldness.",0
PAT-00145,2024-01-03 10:30:44,94.9,103,37.1,123/71,87,73.9,Patient notes that anxiety.,1
PAT-00145,2024-01-04 09:51:47,93.6,59,36.7,132/85,86,73.9,No symptoms reported. Vitals are within expected range.,0
PAT-00145,2024-01-05 09:12:05,95.0,105,37.0,112/81,99,73.9,Indicates restlessness.,0
PAT-00145,2024-01-06 08:05:40,94.8,82,38.6,148/92,163,73.9,"Observes chills, severe discomfort, severe blurred vision, dry mouth, frequent urination. worsening symptoms present.",1
PAT-00145,2024-01-07 08:49:39,94.8,97,35.8,112/83,71,73.9,Patient describes lowered energy.,0
PAT-00145,2024-01-08 08:23:23,95.1,85,38.1,127/76,119,73.9,"Reports fever, severe discomfort. immediate attention may be needed.",0
PAT-00145,2024-01-09 08:11:02,95.2,95,36.7,142/89,101,73.9,Patient denies any symptoms or discomfort.,0
PAT-00145,2024-01-10 10:12:43,92.6,81,36.2,137/88,88,73.9,Patient is feeling well with all parameters stable.,0
PAT-00145,2024-01-11 09:37:02,97.7,65,37.4,130/95,91,73.9,Patient denies any symptoms or discomfort.,0
PAT-00145,2024-01-12 10:40:28,95.8,106,36.9,115/72,117,73.9,"Today, patient states anxiety.",0
PAT-00145,2024-01-13 09:28:33,99.6,63,35.8,123/84,83,73.9,"Today, patient states lowered energy.",0
PAT-00145,2024-01-14 09:56:53,100.0,85,37.2,114/70,87,73.9,No significant complaints today.,0
PAT-00145,2024-01-15 10:44:05,97.1,95,35.8,119/75,93,73.9,Observes lowered energy.,0
PAT-00145,2024-01-16 09:09:46,95.2,86,36.7,123/79,78,73.9,No significant complaints today.,0
PAT-00145,2024-01-17 09:41:35,96.7,96,38.4,184/105,124,73.9,"Observes headache, severe discomfort, chest pain, severe headache. immediate attention may be needed.",1
PAT-00145,2024-01-18 10:50:41,96.5,55,36.5,126/72,121,73.9,Vitals remain within acceptable limits. No issues noted.,0
PAT-00145,2024-01-19 09:17:39,95.5,59,35.5,115/79,82,73.9,Reports lowered energy.,0
PAT-00145,2024-01-20 09:24:52,95.9,79,36.7,116/80,107,73.9,No significant complaints today.,0
PAT-00145,2024-01-21 09:51:27,98.6,72,36.7,119/74,76,73.9,No symptoms reported. Vitals are within expected range.,0
PAT-00145,2024-01-22 08:40:24,96.6,85,38.3,128/70,97,73.9,"Notes severe discomfort, headache. worsening symptoms present.",0
PAT-00145,2024-01-23 10:24:24,100.0,56,36.5,146/86,98,73.9,Patient denies any symptoms or discomfort.,0
PAT-00145,2024-01-24 08:53:08,99.0,108,37.2,114/77,91,73.9,"This morning, anxiety.",0
PAT-00145,2024-01-25 10:31:08,97.3,52,35.6,131/88,114,73.9,"Indicates lightheadedness, mild coldness.",0
PAT-00145,2024-01-26 09:03:24,96.8,60,36.5,132/88,86,73.9,Vitals remain within acceptable limits. No issues noted.,0
PAT-00145,2024-01-27 09:45:56,98.0,106,36.7,120/85,86,73.9,Patient describes palpitations.,0
PAT-00145,2024-01-28 09:20:37,99.1,56,38.1,140/95,94,73.9,"Patient notes that headache, severe discomfort. worsening symptoms present.",0
PAT-00145,2024-01-29 09:32:24,95.7,107,37.0,130/85,111,73.9,Reports restlessness.,0
PAT-00145,2024-01-30 08:58:25,96.4,80,38.7,125/83,78,73.9,"Today, patient states muscle aches, severe discomfort. worsening symptoms present.",0
PAT-00146,2024-01-01 08:10:29,97.8,50,36.4,121/83,103,44.3,Observes fatigue.,0
PAT-00146,2024-01-02 09:51:16,95.8,95,38.9,111/71,109,44.3,"Observes chills, fever.",0
PAT-00146,2024-01-03 09:45:06,96.9,101,36.1,134/85,107,44.3,Reports restlessness.,0
PAT-00146,2024-01-04 08:36:33,94.3,71,37.2,181/100,177,44.3,"Patient notes that chest pain, severe headache, severe blurred vision, dry mouth, frequent urination. immediate attention may be needed.",1
PAT-00146,2024-01-05 10:06:15,97.3,67,35.6,140/93,110,44.3,Reports mild coldness.,0
PAT-00146,2024-01-06 08:58:11,98.0,86,36.4,115/85,98,44.3,Vitals remain within acceptable limits. No issues noted.,0
PAT-00146,2024-01-07 10:13:11,97.6,105,36.8,181/118,170,44.3,"Patient describes anxiety, chest pain, severe headache, severe blurred vision, dry mouth, frequent urination. worsening symptoms present.",0
PAT-00146,2024-01-08 08:13:13,95.9,77,38.3,113/70,82,44.3,"Indicates fever, severe discomfort. immediate attention may be needed.",0
PAT-00146,2024-01-09 09:09:08,97.2,59,36.7,112/78,81,44.3,No significant complaints today.,0
PAT-00146,2024-01-10 10:53:49,93.5,103,35.9,141/94,119,44.3,"This morning, palpitations, lowered energy.",0
PAT-00146,2024-01-11 10:11:22,95.7,109,35.8,129/83,103,44.3,"Today, patient states palpitations, lowered energy.",1
PAT-00146,2024-01-12 10:52:12,95.0,50,37.1,119/70,166,44.3,"Indicates fatigue, severe blurred vision, dry mouth, frequent urination. worsening symptoms present.",0
PAT-00146,2024-01-13 10:46:23,95.3,93,37.0,167/101,113,44.3,Patient describes chest tightness.,0
PAT-00146,2024-01-14 08:57:56,95.2,64,37.0,133/91,117,44.3,No significant complaints today.,0
PAT-00146,2024-01-15 09:51:59,99.7,66,35.7,144/86,144,44.3,"This morning, lowered energy, blurred vision.",0
PAT-00146,2024-01-16 08:05:39,97.5,64,37.8,124/79,77,44.3,"This morning, mild fever.",0
PAT-00146,2024-01-17 09:22:25,95.6,87,35.9,161/105,77,44.3,"Reports mild coldness, headaches.",1
PAT-00146,2024-01-18 09:21:32,96.7,50,37.6,143/87,78,44.3,"Patient notes that fatigue, night sweats.",0
PAT-00146,2024-01-19 09:29:08,96.7,88,36.4,161/107,112,44.3,Indicates vision issues.,0
PAT-00146,2024-01-20 08:29:46,93.6,100,36.4,113/70,70,44.3,Vitals remain within acceptable limits. No issues noted.,0
PAT-00146,2024-01-21 10:31:02,93.1,73,37.0,128/70,80,44.3,No symptoms reported. Vitals are within expected range.,0
PAT-00146,2024-01-22 08:11:05,96.2,106,36.8,112/82,84,44.3,"Today, patient states anxiety.",0
PAT-00146,2024-01-23 08:23:51,93.3,85,37.1,166/118,95,44.3,"Today, patient states chest tightness.",1
PAT-00146,2024-01-24 09:17:33,95.8,69,37.3,128/80,102,44.3,No significant complaints today.,0
PAT-00146,2024-01-25 09:52:03,95.6,88,38.4,124/79,106,44.3,"Today, patient states chills, fever.",0
PAT-00146,2024-01-26 09:11:25,97.6,81,35.9,118/83,123,44.3,Patient notes that lowered energy.,0
PAT-00146,2024-01-27 10:01:09,98.7,83,36.6,111/79,130,44.3,Reports frequent urination.,0
PAT-00146,2024-01-28 09:34:32,95.6,91,37.9,120/73,71,44.3,"Today, patient states body aches.",0
PAT-00146,2024-01-29 09:49:23,94.3,83,36.7,117/77,83,44.3,Patient is feeling well with all parameters stable.,0
PAT-00146,2024-01-30 08:20:30,97.8,55,36.6,119/76,114,44.3,No symptoms reported. Vitals are within expected range.,0
PAT-00147,2024-01-01 10:52:34,92.4,88,38.0,119/73,151,108.9,"Indicates muscle aches, chills, severe blurred vision, dry mouth, frequent urination. worsening symptoms present.",1
PAT-00147,2024-01-02 08:40:41,95.4,52,37.9,113/84,70,108.9,"Indicates slow pulse, night sweats.",0
PAT-00147,2024-01-03 08:21:45,91.6,59,38.7,115/77,97,108.9,"Reports shortness of breath, severe discomfort, headache. immediate attention may be needed.",0
PAT-00147,2024-01-04 10:23:24,94.3,76,36.9,163/114,82,108.9,Indicates vision issues.,0
PAT-00147,2024-01-05 09:38:06,99.1,75,37.1,137/94,77,108.9,No symptoms reported. Vitals are within expected range.,0
PAT-00147,2024-01-06 08:43:22,94.3,101,36.6,128/72,94,108.9,"Today, patient states restlessness.",1
PAT-00147,2024-01-07 10:04:31,94.8,78,36.7,136/91,109,108.9,No symptoms reported. Vitals are within expected range.,0
PAT-00147,2024-01-08 10:38:45,96.6,86,35.9,118/79,101,108.9,Patient notes that lowered energy.,0
PAT-00147,2024-01-09 10:18:59,94.9,101,35.9,114/80,118,108.9,"Indicates palpitations, lowered energy.",0
PAT-00147,2024-01-10 09:54:24,97.4,55,37.2,110/78,82,108.9,No symptoms reported. Vitals are within expected range.,0
PAT-00147,2024-01-11 09:34:56,95.0,80,36.3,120/83,104,108.9,Vitals remain within acceptable limits. No issues noted.,0
PAT-00147,2024-01-12 08:37:42,97.8,95,36.5,173/100,124,108.9,Observes chest tightness.,0
PAT-00147,2024-01-13 08:07:35,93.4,73,35.7,176/100,93,108.9,"Today, patient states mild coldness, chest tightness.",0
PAT-00147,2024-01-14 08:37:41,96.3,92,37.0,128/78,97,108.9,Patient denies any symptoms or discomfort.,0
PAT-00147,2024-01-15 08:41:29,93.6,61,37.1,111/76,104,108.9,Vitals remain within acceptable limits. No issues noted.,0
PAT-00147,2024-01-16 10:10:33,92.0,90,36.2,121/84,114,108.9,Vitals remain within acceptable limits. No issues noted.,0
PAT-00147,2024-01-17 08:05:17,93.3,60,36.8,128/84,134,108.9,Observes frequent urination.,0
PAT-00147,2024-01-18 08:06:36,98.3,70,38.6,123/82,79,108.9,"Indicates headache, fever.",0
PAT-00147,2024-01-19 10:20:38,98.5,71,36.1,122/73,88,108.9,Patient is feeling well with all parameters stable.,0
PAT-00147,2024-01-20 08:22:55,93.5,86,38.1,113/76,111,108.9,"Indicates headache, chills.",0
PAT-00147,2024-01-21 10:33:50,93.4,109,35.5,115/81,71,108.9,"Patient notes that palpitations, lowered energy.",1
PAT-00147,2024-01-22 09:47:17,93.4,88,36.2,126/83,90,108.9,Patient is feeling well with all parameters stable.,0
PAT-00147,2024-01-23 09:34:07,95.4,58,36.8,114/73,115,108.9,No significant complaints today.,0
PAT-00147,2024-01-24 10:28:18,93.8,105,36.6,124/77,81,108.9,Patient notes that anxiety.,0
PAT-00147,2024-01-25 09:13:34,95.9,53,36.7,141/91,89,108.9,Indicates slow pulse.,1
PAT-00147,2024-01-26 08:22:09,97.0,50,35.8,112/76,129,108.9,"Observes slow pulse, lowered energy, dry mouth.",1
PAT-00147,2024-01-27 08:09:24,96.2,57,37.1,133/94,72,108.9,Patient denies any symptoms or discomfort.,0
PAT-00147,2024-01-28 10:12:13,97.8,55,35.7,117/71,106,108.9,"Today, patient states mild coldness.",0
PAT-00147,2024-01-29 09:35:13,95.6,61,37.0,120/82,86,108.9,Patient denies any symptoms or discomfort.,0
PAT-00147,2024-01-30 10:46:50,92.2,75,37.0,171/107,77,108.9,Patient notes that headaches.,0
PAT-00148,2024-01-01 10:10:03,97.5,94,35.6,179/108,94,59.1,"Indicates lowered energy, headaches.",0
PAT-00148,2024-01-02 08:11:35,94.8,95,35.7,122/76,79,59.1,Reports lowered energy.,0
PAT-00148,2024-01-03 10:10:51,96.2,94,37.0,114/77,72,59.1,Vitals remain within acceptable limits. No issues noted.,0
PAT-00148,2024-01-04 10:27:21,93.0,88,37.0,110/77,118,59.1,Vitals remain within acceptable limits. No issues noted.,0
PAT-00148,2024-01-05 09:53:48,95.0,110,36.9,130/71,110,59.1,Indicates restlessness.,0
PAT-00148,2024-01-06 09:46:30,94.4,108,37.7,132/92,79,59.1,"This morning, palpitations, mild fever.",0
PAT-00148,2024-01-07 08:19:41,93.0,55,37.8,136/90,77,59.1,Reports body aches.,0
PAT-00148,2024-01-08 09:31:22,93.7,91,36.3,128/74,98,59.1,Patient is feeling well with all parameters stable.,0
PAT-00148,2024-01-09 08:39:17,94.6,76,36.9,111/76,82,59.1,Vitals remain within acceptable limits. No issues noted.,0
PAT-00148,2024-01-10 10:22:26,94.3,95,37.8,149/89,76,59.1,Reports mild fever.,0
PAT-00148,2024-01-11 09:56:52,92.3,85,37.9,124/70,125,59.1,Patient notes that body aches.,0
PAT-00148,2024-01-12 09:36:48,95.5,98,36.5,137/94,90,59.1,No significant complaints today.,0
PAT-00148,2024-01-13 08:03:50,96.6,82,36.8,112/70,79,59.1,Vitals remain within acceptable limits. No issues noted.,0
PAT-00148,2024-01-14 10:37:30,94.4,54,36.5,149/88,81,59.1,"This morning, fatigue.",1
PAT-00148,2024-01-15 08:06:54,92.9,76,37.0,112/83,89,59.1,Patient is feeling well with all parameters stable.,0
PAT-00148,2024-01-16 08:48:54,97.4,87,35.8,150/94,107,59.1,Indicates lowered energy.,0
PAT-00148,2024-01-17 09:13:33,93.7,54,38.1,126/72,103,59.1,"Patient describes lightheadedness, muscle aches, headache.",1
PAT-00148,2024-01-18 09:29:23,94.6,72,36.0,111/72,97,59.1,No significant complaints today.,0
PAT-00148,2024-01-19 10:10:24,95.1,65,36.6,139/90,110,59.1,Vitals remain within acceptable limits. No issues noted.,0
PAT-00148,2024-01-20 08:00:58,99.1,52,36.5,190/103,107,59.1,"Notes fatigue, chest pain, severe headache. worsening symptoms present.",0
PAT-00148,2024-01-21 10:45:44,94.3,52,38.3,114/77,88,59.1,"Reports fatigue, fever, headache.",0
PAT-00148,2024-01-22 08:42:18,95.2,67,37.1,118/82,82,59.1,Patient denies any symptoms or discomfort.,0
PAT-00148,2024-01-23 09:53:59,96.1,68,38.5,125/71,93,59.1,"Patient describes fever, headache.",1
PAT-00148,2024-01-24 08:59:36,95.5,58,35.8,187/102,101,59.1,"Patient notes that lowered energy, chest pain, severe headache. immediate attention may be needed.",0
PAT-00148,2024-01-25 08:21:08,93.1,51,36.6,118/72,93,59.1,Patient describes lightheadedness.,0
PAT-00148,2024-01-26 08:18:40,96.3,51,37.0,175/110,82,59.1,"Patient describes lightheadedness, headaches.",0
PAT-00148,2024-01-27 09:27:16,89.4,92,36.7,126/80,78,59.1,"Today, patient states shortness of breath.",0
PAT-00148,2024-01-28 08:27:25,98.3,71,36.7,183/100,134,59.1,"Patient notes that chest pain, severe headache, frequent urination. worsening symptoms present.",1
PAT-00148,2024-01-29 10:51:58,96.6,51,36.8,170/113,122,59.1,"Reports fatigue, vision issues.",0
PAT-00148,2024-01-30 10:06:42,96.1,101,36.6,125/75,88,59.1,Patient notes that palpitations.,0
PAT-00149,2024-01-01 09:37:11,95.5,95,37.4,112/73,90,52.4,No significant complaints today.,0
PAT-00149,2024-01-02 08:36:37,99.8,109,36.8,118/73,144,52.4,"Patient describes palpitations, dry mouth.",0
PAT-00149,2024-01-03 08:52:32,92.3,101,37.2,142/94,88,52.4,Reports palpitations.,1
PAT-00149,2024-01-04 08:26:20,95.3,94,35.7,110/73,105,52.4,Reports mild coldness.,0
PAT-00149,2024-01-05 08:09:03,92.6,79,36.9,146/95,109,52.4,Vitals remain within acceptable limits. No issues noted.,0
PAT-00149,2024-01-06 10:32:32,97.7,90,36.6,126/82,82,52.4,Patient denies any symptoms or discomfort.,0
PAT-00149,2024-01-07 09:34:04,92.5,58,37.4,114/84,75,52.4,Patient is feeling well with all parameters stable.,0
PAT-00149,2024-01-08 10:24:29,99.6,60,38.5,140/94,132,52.4,"Reports headache, muscle aches, dry mouth.",0
PAT-00149,2024-01-09 09:12:50,93.1,64,38.9,113/70,103,52.4,"Patient describes fever, chills.",0
PAT-00149,2024-01-10 08:13:06,93.9,71,35.9,172/117,94,52.4,"Notes mild coldness, chest tightness.",0
PAT-00149,2024-01-11 09:59:45,95.2,90,36.7,114/74,98,52.4,Vitals remain within acceptable limits. No issues noted.,0
PAT-00149,2024-01-12 08:25:30,95.6,86,38.7,112/77,94,52.4,"This morning, chills, fever.",1
PAT-00149,2024-01-13 09:10:15,96.5,77,37.2,123/84,95,52.4,Vitals remain within acceptable limits. No issues noted.,0
PAT-00149,2024-01-14 09:24:01,100.0,69,35.6,184/104,89,52.4,"Indicates mild coldness, chest pain, severe headache. worsening symptoms present.",1
PAT-00149,2024-01-15 09:45:25,95.0,105,36.8,119/71,87,52.4,Indicates anxiety.,0
PAT-00149,2024-01-16 08:04:02,93.0,57,37.1,130/80,75,52.4,No symptoms reported. Vitals are within expected range.,0
PAT-00149,2024-01-17 08:15:53,100.0,66,37.0,111/81,97,52.4,No symptoms reported. Vitals are within expected range.,0
PAT-00149,2024-01-18 10:43:52,100.0,109,37.8,125/74,79,52.4,"Patient notes that restlessness, mild fever.",1
PAT-00149,2024-01-19 09:22:18,96.5,92,36.1,123/76,88,52.4,Vitals remain within acceptable limits. No issues noted.,0
PAT-00149,2024-01-20 09:48:46,95.7,97,36.6,128/80,92,52.4,Patient is feeling well with all parameters stable.,0
PAT-00149,2024-01-21 10:42:06,97.0,85,37.2,147/87,95,52.4,Vitals remain within acceptable limits. No issues noted.,0
PAT-00149,2024-01-22 10:12:42,96.2,110,35.9,115/84,117,52.4,"Patient describes anxiety, lowered energy.",0
PAT-00149,2024-01-23 10:58:02,94.0,68,38.6,115/77,81,52.4,"Reports headache, chills.",0
PAT-00149,2024-01-24 10:23:37,99.6,67,36.8,112/72,172,52.4,"Observes severe blurred vision, dry mouth, frequent urination. worsening symptoms present.",0
PAT-00149,2024-01-25 10:11:43,97.2,62,35.6,180/106,80,52.4,"Indicates mild coldness, headaches.",1
PAT-00149,2024-01-26 09:00:52,97.3,57,36.6,130/70,85,52.4,No significant complaints today.,0
PAT-00149,2024-01-27 08:46:35,97.1,77,36.9,139/94,79,52.4,Patient is feeling well with all parameters stable.,0
PAT-00149,2024-01-28 09:29:24,97.1,76,38.8,123/83,104,52.4,"Patient describes fever, chills.",1
PAT-00149,2024-01-29 10:22:04,93.8,109,37.1,138/93,78,52.4,Patient notes that anxiety.,0
PAT-00149,2024-01-30 08:10:57,96.9,101,38.4,128/80,80,52.4,"Patient describes palpitations, chills, severe discomfort. worsening symptoms present.",0
PAT-00150,2024-01-01 10:04:22,93.8,69,37.0,113/83,106,86.1,No symptoms reported. Vitals are within expected range.,0
PAT-00150,2024-01-02 10:45:59,100.0,89,37.2,113/70,89,86.1,Vitals remain within acceptable limits. No issues noted.,0
PAT-00150,2024-01-03 09:21:06,96.4,60,38.5,117/83,77,86.1,"Patient describes headache, muscle aches.",1
PAT-00150,2024-01-04 09:46:01,95.1,68,38.9,112/85,107,86.1,"This morning, headache, chills.",1
PAT-00150,2024-01-05 08:26:55,95.1,82,37.9,175/116,95,86.1,"Today, patient states night sweats, chest tightness.",0
PAT-00150,2024-01-06 10:11:13,96.1,110,36.2,127/73,104,86.1,Reports anxiety.,0
PAT-00150,2024-01-07 10:52:39,92.6,60,37.2,128/77,111,86.1,Vitals remain within acceptable limits. No issues noted.,0
PAT-00150,2024-01-08 10:43:54,100.0,83,37.8,140/87,96,86.1,Reports mild fever.,0
PAT-00150,2024-01-09 09:47:20,94.3,108,38.6,123/77,124,86.1,"Reports restlessness, chills, fever.",1
PAT-00150,2024-01-10 08:15:06,95.5,90,37.3,147/93,82,86.1,Patient is feeling well with all parameters stable.,0
PAT-00150,2024-01-11 08:52:27,95.1,55,37.2,128/78,91,86.1,No symptoms reported. Vitals are within expected range.,0
PAT-00150,2024-01-12 08:52:59,99.1,77,37.1,163/116,125,86.1,"Today, patient states chest tightness.",1
PAT-00150,2024-01-13 09:35:23,97.2,92,37.3,111/71,104,86.1,Patient denies any symptoms or discomfort.,0
PAT-00150,2024-01-14 08:19:04,95.0,82,36.7,118/70,160,86.1,"Reports severe blurred vision, dry mouth, frequent urination. immediate attention may be needed.",0
PAT-00150,2024-01-15 08:33:16,96.7,103,37.2,112/83,166,86.1,"Indicates anxiety, severe blurred vision, dry mouth, frequent urination. worsening symptoms present.",1
PAT-00150,2024-01-16 10:50:40,93.3,66,36.4,165/102,79,86.1,Indicates vision issues.,1
PAT-00150,2024-01-17 08:13:42,91.4,64,37.1,110/78,76,86.1,Notes low energy.,0
PAT-00150,2024-01-18 09:13:46,97.7,66,36.6,119/79,74,86.1,No symptoms reported. Vitals are within expected range.,0
PAT-00150,2024-01-19 09:23:04,95.4,87,36.0,161/100,144,86.1,"Reports headaches, blurred vision.",0
PAT-00150,2024-01-20 09:07:12,94.1,51,36.4,137/90,81,86.1,Indicates fatigue.,1
PAT-00150,2024-01-21 08:03:46,96.4,105,38.7,134/95,121,86.1,"Observes palpitations, chills, muscle aches.",0
PAT-00150,2024-01-22 10:29:08,93.2,92,36.8,145/91,95,86.1,Patient denies any symptoms or discomfort.,0
PAT-00150,2024-01-23 10:57:48,95.6,107,38.2,128/85,122,86.1,"Observes anxiety, headache, severe discomfort. immediate attention may be needed.",0
PAT-00150,2024-01-24 09:58:23,94.0,87,37.2,132/88,86,86.1,Vitals remain within acceptable limits. No issues noted.,0
PAT-00150,2024-01-25 10:04:08,95.3,85,37.1,136/94,87,86.1,Patient denies any symptoms or discomfort.,0
PAT-00150,2024-01-26 10:14:39,95.1,74,36.9,150/95,177,86.1,"This morning, severe blurred vision, dry mouth, frequent urination. immediate attention may be needed.",0
PAT-00150,2024-01-27 10:30:14,93.3,91,35.9,118/81,133,86.1,"Patient notes that lowered energy, dry mouth.",0
PAT-00150,2024-01-28 09:59:32,99.2,85,37.0,112/84,96,86.1,No significant complaints today.,0
PAT-00150,2024-01-29 08:34:35,90.3,88,37.3,130/92,88,86.1,Observes low energy.,0
PAT-00150,2024-01-30 10:43:02,93.9,97,36.7,130/73,81,86.1,No significant complaints today.,0
PAT-00151,2024-01-01 10:21:39,95.0,53,36.6,189/118,103,63.2,"Patient notes that slow pulse, chest pain, severe headache. immediate attention may be needed.",0
PAT-00151,2024-01-02 09:46:08,97.3,61,36.8,121/78,96,63.2,Patient denies any symptoms or discomfort.,0
PAT-00151,2024-01-03 08:49:15,96.9,59,37.3,115/84,102,63.2,No significant complaints today.,0
PAT-00151,2024-01-04 08:26:14,98.7,76,36.5,170/113,98,63.2,Patient describes headaches.,0
PAT-00151,2024-01-05 08:47:29,98.3,90,36.8,150/86,124,63.2,Patient is feeling well with all parameters stable.,0
PAT-00151,2024-01-06 09:35:42,95.6,68,39.0,165/101,121,63.2,"Patient notes that muscle aches, severe discomfort, vision issues. worsening symptoms present.",0
PAT-00151,2024-01-07 08:43:20,97.6,98,36.2,139/85,114,63.2,Vitals remain within acceptable limits. No issues noted.,0
PAT-00151,2024-01-08 09:44:32,97.7,87,36.8,176/117,95,63.2,"This morning, vision issues.",0
PAT-00151,2024-01-09 10:08:51,93.3,63,37.1,111/71,155,63.2,"This morning, severe blurred vision, dry mouth, frequent urination. worsening symptoms present.",0
PAT-00151,2024-01-10 08:59:17,95.6,60,36.6,129/79,115,63.2,No symptoms reported. Vitals are within expected range.,0
PAT-00151,2024-01-11 08:18:25,95.5,93,37.2,124/81,91,63.2,Patient denies any symptoms or discomfort.,0
PAT-00151,2024-01-12 10:00:57,97.7,98,38.5,113/70,170,63.2,"Observes muscle aches, headache, severe blurred vision, dry mouth, frequent urination. immediate attention may be needed.",0
PAT-00151,2024-01-13 10:26:16,93.3,90,37.1,118/74,83,63.2,No significant complaints today.,0
PAT-00151,2024-01-14 09:52:31,93.8,91,37.1,118/83,85,63.2,No symptoms reported. Vitals are within expected range.,0
PAT-00151,2024-01-15 08:07:32,92.7,74,36.5,124/70,77,63.2,Patient is feeling well with all parameters stable.,0
PAT-00151,2024-01-16 09:29:49,99.0,61,38.7,182/109,168,63.2,"Patient describes muscle aches, chills, chest pain, severe headache, severe blurred vision, dry mouth, frequent urination. immediate attention may be needed.",0
PAT-00151,2024-01-17 08:19:53,96.5,72,36.5,143/93,118,63.2,No significant complaints today.,0
PAT-00151,2024-01-18 10:51:51,99.9,81,36.8,131/88,166,63.2,"Patient describes severe blurred vision, dry mouth, frequent urination. immediate attention may be needed.",0
PAT-00151,2024-01-19 08:32:06,96.1,57,36.4,174/119,89,63.2,"This morning, vision issues.",0
PAT-00151,2024-01-20 10:10:18,95.7,74,37.0,110/79,116,63.2,No symptoms reported. Vitals are within expected range.,0
PAT-00151,2024-01-21 10:12:03,96.4,62,37.0,126/83,124,63.2,Patient is feeling well with all parameters stable.,0
PAT-00151,2024-01-22 08:15:05,96.0,86,36.9,138/90,170,63.2,"Observes severe blurred vision, dry mouth, frequent urination. worsening symptoms present.",0
PAT-00151,2024-01-23 08:32:50,95.8,51,36.9,115/84,81,63.2,Reports slow pulse.,0
PAT-00151,2024-01-24 09:03:01,98.0,67,36.7,118/77,98,63.2,No significant complaints today.,0
PAT-00151,2024-01-25 08:46:53,95.2,64,37.0,121/82,125,63.2,No significant complaints today.,0
PAT-00151,2024-01-26 08:52:50,97.6,90,37.3,120/76,82,63.2,No significant complaints today.,0
PAT-00151,2024-01-27 08:56:41,97.5,81,36.4,134/88,73,63.2,No significant complaints today.,0
PAT-00151,2024-01-28 09:06:40,90.7,62,35.6,113/70,120,63.2,"Observes shortness of breath, mild coldness.",0
PAT-00151,2024-01-29 08:15:47,94.9,72,37.0,130/76,71,63.2,No significant complaints today.,0
PAT-00151,2024-01-30 08:11:04,99.2,81,37.0,119/78,136,63.2,Observes frequent urination.,0
PAT-00152,2024-01-01 09:41:15,97.9,83,38.0,121/76,117,56.4,"Patient notes that muscle aches, chills.",0
PAT-00152,2024-01-02 08:07:53,98.1,56,37.4,113/80,121,56.4,No significant complaints today.,0
PAT-00152,2024-01-03 10:09:26,98.3,92,35.6,127/78,110,56.4,"Today, patient states lowered energy.",0
PAT-00152,2024-01-04 09:34:09,96.9,56,36.5,126/74,93,56.4,No symptoms reported. Vitals are within expected range.,0
PAT-00152,2024-01-05 10:06:17,97.3,59,36.4,128/79,71,56.4,Patient is feeling well with all parameters stable.,0
PAT-00152,2024-01-06 08:12:22,97.1,58,35.6,141/94,107,56.4,Patient describes lowered energy.,0
PAT-00152,2024-01-07 10:47:59,97.5,110,37.8,120/75,86,56.4,"Patient notes that anxiety, mild fever.",0
PAT-00152,2024-01-08 09:20:02,94.8,105,37.1,126/72,118,56.4,Indicates anxiety.,0
PAT-00152,2024-01-09 09:16:50,95.5,54,37.6,114/81,105,56.4,"Indicates fatigue, body aches.",1
PAT-00152,2024-01-10 09:16:18,95.9,98,36.9,128/82,78,56.4,No symptoms reported. Vitals are within expected range.,0
PAT-00152,2024-01-11 09:27:18,94.5,91,37.1,111/83,126,56.4,"This morning, dry mouth.",0
PAT-00152,2024-01-12 10:27:08,98.3,90,36.8,144/90,95,56.4,Patient is feeling well with all parameters stable.,0
PAT-00152,2024-01-13 09:29:37,100.0,67,36.9,127/81,98,56.4,Vitals remain within acceptable limits. No issues noted.,0
PAT-00152,2024-01-14 08:37:06,95.1,64,37.1,113/70,180,56.4,"Notes severe blurred vision, dry mouth, frequent urination. immediate attention may be needed.",0
PAT-00152,2024-01-15 08:55:23,95.7,68,37.0,121/76,89,56.4,No symptoms reported. Vitals are within expected range.,0
PAT-00152,2024-01-16 08:48:27,95.5,91,37.3,148/94,97,56.4,Patient is feeling well with all parameters stable.,0
PAT-00152,2024-01-17 10:47:16,95.1,74,38.2,110/84,88,56.4,"This morning, chills, headache.",1
PAT-00152,2024-01-18 08:45:30,96.1,99,36.9,116/73,169,56.4,"Observes severe blurred vision, dry mouth, frequent urination. worsening symptoms present.",0
PAT-00152,2024-01-19 08:08:23,98.4,61,36.9,130/77,123,56.4,Patient is feeling well with all parameters stable.,0
PAT-00152,2024-01-20 10:40:38,96.4,76,35.9,146/89,143,56.4,"Patient notes that mild coldness, dry mouth.",0
PAT-00152,2024-01-21 08:27:05,97.5,57,36.5,128/78,162,56.4,"Observes severe blurred vision, dry mouth, frequent urination. worsening symptoms present.",1
PAT-00152,2024-01-22 09:59:51,91.6,99,36.9,149/90,171,56.4,"Patient notes that low energy, severe blurred vision, dry mouth, frequent urination. worsening symptoms present.",1
PAT-00152,2024-01-23 10:32:56,97.4,93,36.3,115/84,93,56.4,No symptoms reported. Vitals are within expected range.,0
PAT-00152,2024-01-24 09:45:55,95.8,69,37.2,181/104,84,56.4,"Reports chest pain, severe headache. worsening symptoms present.",1
PAT-00152,2024-01-25 08:54:09,96.1,89,36.8,118/70,75,56.4,Patient denies any symptoms or discomfort.,0
PAT-00152,2024-01-26 08:25:55,98.2,81,35.6,114/85,82,56.4,Indicates mild coldness.,0
PAT-00152,2024-01-27 09:45:01,94.3,98,37.2,111/78,93,56.4,No significant complaints today.,0
PAT-00152,2024-01-28 10:23:06,97.7,51,37.3,115/82,77,56.4,Reports slow pulse.,1
PAT-00152,2024-01-29 08:22:00,96.9,52,36.8,134/93,171,56.4,"This morning, slow pulse, severe blurred vision, dry mouth, frequent urination. immediate attention may be needed.",0
PAT-00152,2024-01-30 10:18:43,97.9,80,38.2,140/94,148,56.4,"Observes chills, severe discomfort, dry mouth. immediate attention may be needed.",0
PAT-00153,2024-01-01 09:11:13,96.7,79,36.9,116/80,92,79.6,Patient is feeling well with all parameters stable.,0
PAT-00153,2024-01-02 08:52:40,96.8,104,37.3,166/104,122,79.6,"Today, patient states restlessness, vision issues.",0
PAT-00153,2024-01-03 10:37:11,95.6,62,36.8,121/73,101,79.6,Patient is feeling well with all parameters stable.,0
PAT-00153,2024-01-04 09:00:31,98.3,74,37.0,135/86,78,79.6,No significant complaints today.,0
PAT-00153,2024-01-05 10:33:24,93.5,90,35.6,148/95,95,79.6,Patient notes that lowered energy.,0
PAT-00153,2024-01-06 09:04:23,93.8,101,35.9,145/88,103,79.6,"This morning, palpitations, lowered energy.",0
PAT-00153,2024-01-07 10:35:12,96.2,92,36.8,127/84,107,79.6,Patient denies any symptoms or discomfort.,0
PAT-00153,2024-01-08 09:03:30,94.2,59,36.7,136/88,114,79.6,Patient is feeling well with all parameters stable.,0
PAT-00153,2024-01-09 08:08:39,95.1,57,35.8,116/78,72,79.6,Patient notes that lowered energy.,0
PAT-00153,2024-01-10 08:43:44,98.0,104,35.8,181/111,164,79.6,"This morning, anxiety, mild coldness, chest pain, severe headache, severe blurred vision, dry mouth, frequent urination. immediate attention may be needed.",1
PAT-00153,2024-01-11 10:01:00,93.8,59,36.4,111/85,104,79.6,No symptoms reported. Vitals are within expected range.,0
PAT-00153,2024-01-12 10:41:40,95.2,105,36.6,112/75,94,79.6,Notes palpitations.,0
PAT-00153,2024-01-13 08:38:41,94.5,82,37.1,120/83,124,79.6,Patient is feeling well with all parameters stable.,0
PAT-00153,2024-01-14 08:13:04,95.9,86,38.4,120/84,81,79.6,"Patient notes that fever, headache.",1
PAT-00153,2024-01-15 10:01:12,95.1,65,36.6,116/70,96,79.6,Vitals remain within acceptable limits. No issues noted.,0
PAT-00153,2024-01-16 08:56:38,97.2,99,38.4,112/84,80,79.6,"Notes fever, chills.",1
PAT-00153,2024-01-17 08:59:01,99.0,61,37.3,124/83,85,79.6,Patient denies any symptoms or discomfort.,0
PAT-00153,2024-01-18 10:50:31,97.4,55,35.7,120/80,70,79.6,Reports lowered energy.,0
PAT-00153,2024-01-19 08:18:39,94.0,104,37.9,115/77,112,79.6,"Notes restlessness, body aches.",1
PAT-00153,2024-01-20 08:28:11,90.4,106,36.5,143/90,73,79.6,"Notes low energy, palpitations.",0
PAT-00153,2024-01-21 08:02:19,95.6,85,37.0,117/78,94,79.6,No symptoms reported. Vitals are within expected range.,0
PAT-00153,2024-01-22 10:44:16,96.8,56,37.1,114/73,85,79.6,No significant complaints today.,0
PAT-00153,2024-01-23 10:12:59,93.6,69,39.0,129/76,118,79.6,"Observes muscle aches, fever.",0
PAT-00153,2024-01-24 10:48:56,95.7,72,35.8,124/78,71,79.6,Observes lowered energy.,0
PAT-00153,2024-01-25 10:53:55,96.0,89,37.0,121/80,114,79.6,Patient denies any symptoms or discomfort.,0
PAT-00153,2024-01-26 08:48:05,95.2,61,37.0,122/83,114,79.6,Vitals remain within acceptable limits. No issues noted.,0
PAT-00153,2024-01-27 09:05:32,97.0,104,36.9,129/77,90,79.6,Indicates anxiety.,0
PAT-00153,2024-01-28 09:13:29,98.4,105,38.4,111/72,75,79.6,"Reports restlessness, severe discomfort, chills. immediate attention may be needed.",1
PAT-00153,2024-01-29 09:22:43,97.5,81,38.3,149/93,74,79.6,"Indicates muscle aches, chills.",0
PAT-00153,2024-01-30 09:28:00,93.0,69,36.6,111/85,166,79.6,"Today, patient states severe blurred vision, dry mouth, frequent urination. immediate attention may be needed.",0
PAT-00154,2024-01-01 08:51:32,96.5,86,37.1,144/90,82,79.5,Vitals remain within acceptable limits. No issues noted.,0
PAT-00154,2024-01-02 10:57:37,94.7,64,37.3,111/77,91,79.5,Vitals remain within acceptable limits. No issues noted.,0
PAT-00154,2024-01-03 08:21:49,98.5,105,36.5,163/104,81,79.5,"This morning, restlessness, headaches.",1
PAT-00154,2024-01-04 08:54:15,97.6,90,35.8,110/80,114,79.5,Reports lowered energy.,0
PAT-00154,2024-01-05 08:45:19,95.4,65,35.8,120/82,82,79.5,Patient describes mild coldness.,0
PAT-00154,2024-01-06 10:54:00,96.9,88,36.2,140/92,125,79.5,Vitals remain within acceptable limits. No issues noted.,0
PAT-00154,2024-01-07 10:38:02,95.5,82,36.9,190/106,70,79.5,"Today, patient states chest pain, severe headache. worsening symptoms present.",0
PAT-00154,2024-01-08 09:04:52,100.0,89,37.2,117/82,80,79.5,Patient is feeling well with all parameters stable.,0
PAT-00154,2024-01-09 10:32:20,94.5,73,36.5,127/78,165,79.5,"Indicates severe blurred vision, dry mouth, frequent urination. worsening symptoms present.",0
PAT-00154,2024-01-10 09:52:01,95.7,57,36.9,111/83,128,79.5,Indicates blurred vision.,0
PAT-00154,2024-01-11 09:06:53,95.3,98,36.5,137/88,97,79.5,No symptoms reported. Vitals are within expected range.,0
PAT-00154,2024-01-12 08:50:17,92.6,83,37.2,128/72,93,79.5,No significant complaints today.,0
PAT-00154,2024-01-13 09:12:24,97.4,107,36.9,174/102,91,79.5,"Observes anxiety, vision issues.",0
PAT-00154,2024-01-14 10:29:27,96.5,65,35.5,112/81,156,79.5,"Notes lowered energy, severe blurred vision, dry mouth, frequent urination. worsening symptoms present.",0
PAT-00154,2024-01-15 10:20:16,94.4,71,36.8,126/83,83,79.5,Patient denies any symptoms or discomfort.,0
PAT-00154,2024-01-16 08:18:48,96.6,77,36.7,183/115,145,79.5,"Notes chest pain, severe headache, blurred vision. immediate attention may be needed.",0
PAT-00154,2024-01-17 10:23:56,99.7,97,37.1,150/86,78,79.5,Patient denies any symptoms or discomfort.,0
PAT-00154,2024-01-18 10:32:30,92.9,52,36.8,143/88,92,79.5,"This morning, fatigue.",1
PAT-00154,2024-01-19 08:08:13,93.5,97,36.6,148/94,125,79.5,No symptoms reported. Vitals are within expected range.,0
PAT-00154,2024-01-20 09:36:50,95.8,90,36.1,110/84,92,79.5,Patient is feeling well with all parameters stable.,0
PAT-00154,2024-01-21 08:42:44,98.7,50,36.6,139/89,86,79.5,Patient notes that fatigue.,0
PAT-00154,2024-01-22 09:04:23,96.0,98,37.1,113/84,90,79.5,Vitals remain within acceptable limits. No issues noted.,0
PAT-00154,2024-01-23 08:18:20,96.9,73,37.2,147/94,96,79.5,Patient denies any symptoms or discomfort.,0
PAT-00154,2024-01-24 08:57:06,96.7,72,35.8,119/81,84,79.5,Indicates lowered energy.,0
PAT-00154,2024-01-25 10:28:48,93.4,56,35.9,141/92,93,79.5,Observes lowered energy.,0
PAT-00154,2024-01-26 09:30:25,96.1,61,37.2,177/111,104,79.5,Patient notes that chest tightness.,0
PAT-00154,2024-01-27 08:37:27,99.1,69,37.3,120/80,99,79.5,No symptoms reported. Vitals are within expected range.,0
PAT-00154,2024-01-28 09:23:03,96.9,69,38.6,128/85,86,79.5,"This morning, chills, headache.",1
PAT-00154,2024-01-29 09:47:17,96.1,52,38.5,115/70,83,79.5,"Patient describes lightheadedness, severe discomfort, muscle aches. immediate attention may be needed.",1
PAT-00154,2024-01-30 10:10:38,96.7,86,37.2,147/92,95,79.5,Patient denies any symptoms or discomfort.,0
PAT-00155,2024-01-01 09:50:43,95.6,68,36.8,111/71,82,70.9,Patient is feeling well with all parameters stable.,0
PAT-00155,2024-01-02 09:26:55,96.6,103,36.5,166/118,71,70.9,"Reports palpitations, chest tightness.",0
PAT-00155,2024-01-03 08:12:05,95.3,58,37.1,136/94,96,70.9,Patient is feeling well with all parameters stable.,0
PAT-00155,2024-01-04 08:57:05,93.7,63,38.9,113/78,91,70.9,"Patient notes that fever, headache.",1
PAT-00155,2024-01-05 10:20:21,97.8,76,35.6,125/80,149,70.9,"Notes mild coldness, frequent urination.",0
PAT-00155,2024-01-06 10:25:06,99.9,70,37.4,112/78,76,70.9,Patient denies any symptoms or discomfort.,0
PAT-00155,2024-01-07 09:59:16,98.2,71,38.1,124/76,80,70.9,"Today, patient states fever, headache.",1
PAT-00155,2024-01-08 09:45:59,93.9,62,37.6,137/90,81,70.9,Observes night sweats.,0
PAT-00155,2024-01-09 09:56:15,93.8,60,38.0,116/81,92,70.9,"Notes severe discomfort, headache. immediate attention may be needed.",0
PAT-00155,2024-01-10 10:34:59,94.8,94,36.8,120/82,128,70.9,Reports frequent urination.,0
PAT-00155,2024-01-11 10:37:07,96.8,56,37.0,134/89,113,70.9,Vitals remain within acceptable limits. No issues noted.,0
PAT-00155,2024-01-12 09:45:10,99.1,78,36.7,116/82,95,70.9,Patient is feeling well with all parameters stable.,0
PAT-00155,2024-01-13 09:33:55,100.0,71,36.9,113/85,118,70.9,Patient is feeling well with all parameters stable.,0
PAT-00155,2024-01-14 09:30:36,96.3,83,36.8,149/85,72,70.9,Patient is feeling well with all parameters stable.,0
PAT-00155,2024-01-15 10:59:52,94.5,57,38.5,132/94,124,70.9,"This morning, fever, muscle aches.",0
PAT-00155,2024-01-16 08:34:42,97.0,104,35.7,135/86,99,70.9,"Patient notes that palpitations, mild coldness.",1
PAT-00155,2024-01-17 10:02:40,96.1,54,37.2,121/82,75,70.9,Notes fatigue.,1
PAT-00155,2024-01-18 08:09:02,97.3,63,36.8,122/80,83,70.9,Patient is feeling well with all parameters stable.,0
PAT-00155,2024-01-19 10:50:15,96.0,109,38.6,116/81,101,70.9,"Today, patient states anxiety, chills, muscle aches.",1
PAT-00155,2024-01-20 09:08:20,96.7,53,37.9,127/72,78,70.9,"Patient describes lightheadedness, mild fever.",1
PAT-00155,2024-01-21 09:20:54,94.7,59,38.0,146/89,130,70.9,"This morning, muscle aches, chills, blurred vision.",1
PAT-00155,2024-01-22 10:19:12,97.5,101,36.6,111/85,108,70.9,Patient describes restlessness.,0
PAT-00155,2024-01-23 10:38:13,94.9,83,35.7,117/75,86,70.9,Indicates mild coldness.,0
PAT-00155,2024-01-24 09:17:00,94.5,69,38.3,136/86,127,70.9,"Indicates severe discomfort, fever, dry mouth. immediate attention may be needed.",1
PAT-00155,2024-01-25 10:11:15,96.3,81,37.1,120/77,99,70.9,Vitals remain within acceptable limits. No issues noted.,0
PAT-00155,2024-01-26 09:40:41,95.0,53,36.8,145/91,81,70.9,Notes fatigue.,0
PAT-00155,2024-01-27 08:28:08,97.6,57,37.3,121/85,107,70.9,No significant complaints today.,0
PAT-00155,2024-01-28 09:35:59,94.7,51,37.3,169/114,73,70.9,"Observes lightheadedness, headaches.",0
PAT-00155,2024-01-29 09:57:43,96.8,97,36.9,128/76,95,70.9,Patient denies any symptoms or discomfort.,0
PAT-00155,2024-01-30 09:11:29,94.8,50,38.7,114/72,81,70.9,"Notes lightheadedness, fever, chills.",1
PAT-00156,2024-01-01 08:40:15,94.2,78,36.5,111/83,105,93.8,Patient denies any symptoms or discomfort.,0
PAT-00156,2024-01-02 10:34:39,95.2,80,37.2,140/93,105,93.8,Vitals remain within acceptable limits. No issues noted.,0
PAT-00156,2024-01-03 09:12:13,93.7,59,37.3,112/74,164,93.8,"Patient describes severe blurred vision, dry mouth, frequent urination. immediate attention may be needed.",0
PAT-00156,2024-01-04 08:44:38,95.2,63,36.8,164/114,81,93.8,"Today, patient states vision issues.",0
PAT-00156,2024-01-05 09:20:29,95.9,81,37.3,132/89,95,93.8,No symptoms reported. Vitals are within expected range.,0
PAT-00156,2024-01-06 10:05:26,97.4,90,36.6,115/75,71,93.8,No significant complaints today.,0
PAT-00156,2024-01-07 10:05:02,95.9,60,38.0,138/89,76,93.8,"Today, patient states headache, muscle aches.",1
PAT-00156,2024-01-08 09:16:13,91.3,95,37.4,128/83,88,93.8,Notes shortness of breath.,0
PAT-00156,2024-01-09 10:48:59,95.7,82,38.6,110/71,155,93.8,"Indicates chills, severe discomfort, severe blurred vision, dry mouth, frequent urination. immediate attention may be needed.",0
PAT-00156,2024-01-10 10:15:20,95.3,65,36.9,174/116,101,93.8,Indicates vision issues.,0
PAT-00156,2024-01-11 09:42:30,95.7,63,37.1,111/76,76,93.8,Patient is feeling well with all parameters stable.,0
PAT-00156,2024-01-12 08:00:02,96.4,108,37.3,131/85,91,93.8,"Today, patient states restlessness.",0
PAT-00156,2024-01-13 08:21:32,93.2,56,36.8,150/92,99,93.8,No significant complaints today.,0
PAT-00156,2024-01-14 09:25:23,95.2,77,36.6,173/103,115,93.8,Notes chest tightness.,1
PAT-00156,2024-01-15 10:01:15,94.1,99,36.9,118/83,120,93.8,Patient is feeling well with all parameters stable.,0
PAT-00156,2024-01-16 08:45:18,94.4,86,37.3,122/81,90,93.8,Patient denies any symptoms or discomfort.,0
PAT-00156,2024-01-17 09:52:49,93.3,92,37.3,140/89,123,93.8,Patient is feeling well with all parameters stable.,0
PAT-00156,2024-01-18 09:07:29,94.8,70,36.7,125/76,80,93.8,Patient denies any symptoms or discomfort.,0
PAT-00156,2024-01-19 09:06:50,94.6,105,36.8,122/82,81,93.8,Patient notes that anxiety.,0
PAT-00156,2024-01-20 09:20:50,96.0,103,36.5,110/71,95,93.8,"Today, patient states anxiety.",0
PAT-00156,2024-01-21 09:47:20,94.3,64,35.7,115/82,173,93.8,"Notes lowered energy, severe blurred vision, dry mouth, frequent urination. worsening symptoms present.",0
PAT-00156,2024-01-22 08:00:36,99.0,52,36.0,115/74,80,93.8,Notes lightheadedness.,0
PAT-00156,2024-01-23 09:58:37,94.6,80,37.0,171/106,114,93.8,"This morning, vision issues.",1
PAT-00156,2024-01-24 09:26:02,96.8,68,36.4,132/89,135,93.8,Notes dry mouth.,0
PAT-00156,2024-01-25 08:39:54,96.4,105,36.6,111/72,107,93.8,"This morning, restlessness.",1
PAT-00156,2024-01-26 10:09:07,95.9,60,38.3,129/76,111,93.8,"Today, patient states chills, muscle aches.",1
PAT-00156,2024-01-27 08:38:40,96.4,101,37.0,161/102,92,93.8,"Notes anxiety, vision issues.",0
PAT-00156,2024-01-28 08:35:16,95.4,60,36.7,144/91,91,93.8,Patient is feeling well with all parameters stable.,0
PAT-00156,2024-01-29 10:03:58,95.0,107,36.7,124/76,121,93.8,Notes anxiety.,1
PAT-00156,2024-01-30 09:29:43,93.9,79,36.7,130/85,84,93.8,No significant complaints today.,0
PAT-00157,2024-01-01 09:25:27,94.7,56,36.6,122/79,170,69.4,"Today, patient states severe blurred vision, dry mouth, frequent urination. immediate attention may be needed.",1
PAT-00157,2024-01-02 10:52:00,97.3,81,38.9,148/95,79,69.4,"This morning, chills, headache.",0
PAT-00157,2024-01-03 10:22:57,95.8,83,38.8,110/80,80,69.4,"Patient notes that severe discomfort, chills. worsening symptoms present.",0
PAT-00157,2024-01-04 09:10:36,96.6,57,38.9,115/82,82,69.4,"Today, patient states severe discomfort, chills. worsening symptoms present.",0
PAT-00157,2024-01-05 08:20:28,98.4,95,38.2,125/77,90,69.4,"This morning, muscle aches, headache.",1
PAT-00157,2024-01-06 08:46:43,98.2,68,36.4,174/105,76,69.4,"Today, patient states vision issues.",1
PAT-00157,2024-01-07 09:56:56,94.9,73,35.6,123/82,73,69.4,Patient notes that mild coldness.,0
PAT-00157,2024-01-08 09:38:46,95.0,102,37.7,112/71,82,69.4,"This morning, anxiety, night sweats.",0
PAT-00157,2024-01-09 10:24:48,96.3,58,37.4,126/85,89,69.4,No significant complaints today.,0
PAT-00157,2024-01-10 09:38:57,96.7,98,36.6,110/77,169,69.4,"Patient notes that severe blurred vision, dry mouth, frequent urination. immediate attention may be needed.",1
PAT-00157,2024-01-11 09:39:45,94.5,70,36.0,143/86,77,69.4,No significant complaints today.,0
PAT-00157,2024-01-12 08:54:35,92.6,77,36.6,117/77,97,69.4,Patient denies any symptoms or discomfort.,0
PAT-00157,2024-01-13 08:34:01,95.5,51,36.4,122/76,78,69.4,Observes fatigue.,0
PAT-00157,2024-01-14 08:41:53,94.7,53,37.0,145/92,119,69.4,Patient describes lightheadedness.,0
PAT-00157,2024-01-15 10:56:10,100.0,65,36.7,110/72,150,69.4,"Today, patient states severe blurred vision, dry mouth, frequent urination. immediate attention may be needed.",1
PAT-00157,2024-01-16 09:11:01,98.3,90,36.0,130/74,141,69.4,Reports frequent urination.,0
PAT-00157,2024-01-17 08:04:59,95.1,66,37.1,137/91,90,69.4,No symptoms reported. Vitals are within expected range.,0
PAT-00157,2024-01-18 09:49:00,97.3,78,36.0,127/75,131,69.4,Indicates blurred vision.,0
PAT-00157,2024-01-19 08:07:35,94.6,79,38.0,189/113,85,69.4,"Reports chills, fever, chest pain, severe headache. immediate attention may be needed.",1
PAT-00157,2024-01-20 09:38:01,94.3,88,36.7,137/86,91,69.4,Vitals remain within acceptable limits. No issues noted.,0
PAT-00157,2024-01-21 10:20:25,95.9,88,37.3,128/70,126,69.4,Patient describes frequent urination.,0
PAT-00157,2024-01-22 10:37:40,96.8,92,37.2,124/82,97,69.4,Patient is feeling well with all parameters stable.,0
PAT-00157,2024-01-23 08:18:54,96.1,54,36.5,146/88,78,69.4,Indicates lightheadedness.,0
PAT-00157,2024-01-24 08:20:18,95.2,83,37.7,125/79,83,69.4,Reports body aches.,0
PAT-00157,2024-01-25 10:03:57,94.6,58,36.7,124/70,74,69.4,Patient is feeling well with all parameters stable.,0
PAT-00157,2024-01-26 10:11:57,92.7,50,38.6,118/71,71,69.4,"Today, patient states slow pulse, chills, fever.",0
PAT-00157,2024-01-27 10:36:41,94.0,93,37.0,165/106,75,69.4,Observes chest tightness.,0
PAT-00157,2024-01-28 08:01:23,97.6,109,37.3,187/106,105,69.4,"Reports restlessness, chest pain, severe headache. worsening symptoms present.",1
PAT-00157,2024-01-29 08:43:47,98.2,101,38.5,115/84,82,69.4,"Patient describes palpitations, muscle aches, chills.",0
PAT-00157,2024-01-30 08:14:07,94.4,93,36.9,123/84,88,69.4,No significant complaints today.,0
PAT-00158,2024-01-01 08:33:57,93.7,96,36.5,115/82,85,63.6,No symptoms reported. Vitals are within expected range.,0
PAT-00158,2024-01-02 10:48:05,96.4,72,36.5,174/116,103,63.6,Observes chest tightness.,1
PAT-00158,2024-01-03 09:50:53,94.5,58,35.6,123/74,164,63.6,"This morning, mild coldness, severe blurred vision, dry mouth, frequent urination. immediate attention may be needed.",0
PAT-00158,2024-01-04 09:12:32,98.1,72,37.9,187/108,174,63.6,"Observes mild fever, chest pain, severe headache, severe blurred vision, dry mouth, frequent urination. immediate attention may be needed.",0
PAT-00158,2024-01-05 08:10:10,96.0,50,38.0,129/79,102,63.6,"Patient describes fatigue, muscle aches, chills.",0
PAT-00158,2024-01-06 10:00:23,97.6,85,36.5,116/72,89,63.6,No symptoms reported. Vitals are within expected range.,0
PAT-00158,2024-01-07 08:42:21,94.0,50,36.1,144/90,95,63.6,Patient describes fatigue.,0
PAT-00158,2024-01-08 10:20:10,94.2,107,36.9,119/83,99,63.6,Indicates restlessness.,1
PAT-00158,2024-01-09 09:32:16,97.0,56,38.7,124/85,129,63.6,"Indicates fever, chills, blurred vision.",0
PAT-00158,2024-01-10 10:18:53,96.2,50,36.8,120/77,80,63.6,Patient describes fatigue.,0
PAT-00158,2024-01-11 08:28:10,97.0,74,36.5,150/94,84,63.6,Patient is feeling well with all parameters stable.,0
PAT-00158,2024-01-12 10:11:36,93.5,90,36.8,113/77,74,63.6,No significant complaints today.,0
PAT-00158,2024-01-13 08:05:48,97.1,65,36.0,162/106,108,63.6,Observes chest tightness.,1
PAT-00158,2024-01-14 09:34:01,98.7,51,37.1,188/119,119,63.6,"Patient notes that lightheadedness, chest pain, severe headache. immediate attention may be needed.",0
PAT-00158,2024-01-15 09:02:25,95.7,55,37.3,112/72,121,63.6,No significant complaints today.,0
PAT-00158,2024-01-16 09:51:04,97.7,51,36.0,144/85,91,63.6,Notes fatigue.,0
PAT-00158,2024-01-17 09:36:27,98.8,89,35.6,126/82,76,63.6,"This morning, mild coldness.",0
PAT-00158,2024-01-18 09:53:03,92.1,104,37.0,149/85,79,63.6,Notes anxiety.,0
PAT-00158,2024-01-19 08:15:34,91.9,60,37.3,126/73,118,63.6,Reports shortness of breath.,0
PAT-00158,2024-01-20 09:52:58,95.7,70,38.3,123/85,95,63.6,"Indicates headache, severe discomfort. immediate attention may be needed.",0
PAT-00158,2024-01-21 08:37:55,93.6,100,36.3,114/78,162,63.6,"Observes severe blurred vision, dry mouth, frequent urination. worsening symptoms present.",0
PAT-00158,2024-01-22 08:30:02,97.8,59,38.8,164/103,84,63.6,"Reports headache, muscle aches, headaches.",0
PAT-00158,2024-01-23 09:55:29,96.8,84,36.0,111/74,135,63.6,"Today, patient states frequent urination.",0
PAT-00158,2024-01-24 09:45:22,94.0,90,36.8,117/79,154,63.6,"This morning, severe blurred vision, dry mouth, frequent urination. immediate attention may be needed.",1
PAT-00158,2024-01-25 10:08:20,95.7,87,36.7,116/74,71,63.6,Patient denies any symptoms or discomfort.,0
PAT-00158,2024-01-26 10:44:11,93.8,77,38.3,118/85,95,63.6,"Indicates chills, muscle aches.",0
PAT-00158,2024-01-27 09:10:39,96.6,79,37.9,116/76,90,63.6,Patient notes that body aches.,0
PAT-00158,2024-01-28 10:40:01,95.9,65,36.8,138/85,98,63.6,Patient denies any symptoms or discomfort.,0
PAT-00158,2024-01-29 10:25:42,97.7,73,38.1,116/79,94,63.6,"Notes headache, muscle aches.",1
PAT-00158,2024-01-30 10:29:15,95.1,59,39.0,127/77,110,63.6,"This morning, headache, muscle aches.",0
PAT-00159,2024-01-01 10:04:35,94.8,83,36.8,127/83,168,67.6,"Indicates severe blurred vision, dry mouth, frequent urination. immediate attention may be needed.",0
PAT-00159,2024-01-02 08:30:15,93.2,70,37.6,137/88,97,67.6,Patient describes night sweats.,0
PAT-00159,2024-01-03 10:10:03,94.7,87,36.7,113/83,153,67.6,"Today, patient states severe blurred vision, dry mouth, frequent urination. immediate attention may be needed.",1
PAT-00159,2024-01-04 08:07:16,96.6,82,35.7,188/104,102,67.6,"Observes lowered energy, chest pain, severe headache. worsening symptoms present.",1
PAT-00159,2024-01-05 09:56:44,96.3,55,35.7,115/83,76,67.6,"This morning, lowered energy.",0
PAT-00159,2024-01-06 10:35:26,95.3,65,36.5,136/88,81,67.6,No symptoms reported. Vitals are within expected range.,0
PAT-00159,2024-01-07 09:17:17,92.8,71,37.3,121/73,173,67.6,"Notes severe blurred vision, dry mouth, frequent urination. immediate attention may be needed.",1
PAT-00159,2024-01-08 09:59:09,92.3,62,36.9,132/86,84,67.6,No significant complaints today.,0
PAT-00159,2024-01-09 10:16:18,96.2,78,37.1,120/85,167,67.6,"Notes severe blurred vision, dry mouth, frequent urination. immediate attention may be needed.",1
PAT-00159,2024-01-10 08:40:35,94.2,58,37.1,119/75,97,67.6,Vitals remain within acceptable limits. No issues noted.,0
PAT-00159,2024-01-11 08:32:07,95.6,101,36.5,112/75,119,67.6,Reports palpitations.,1
PAT-00159,2024-01-12 09:17:48,97.3,57,37.3,130/75,98,67.6,Vitals remain within acceptable limits. No issues noted.,0
PAT-00159,2024-01-13 09:11:37,97.1,79,37.2,126/84,75,67.6,Vitals remain within acceptable limits. No issues noted.,0
PAT-00159,2024-01-14 10:13:20,93.3,96,37.8,180/119,119,67.6,"Patient notes that body aches, headaches.",0
PAT-00159,2024-01-15 10:51:07,94.1,55,37.1,137/85,101,67.6,No significant complaints today.,0
PAT-00159,2024-01-16 08:16:23,96.6,90,38.9,150/86,95,67.6,"Notes severe discomfort, chills. immediate attention may be needed.",1
PAT-00159,2024-01-17 10:11:58,98.3,97,37.6,111/80,84,67.6,"This morning, body aches.",0
PAT-00159,2024-01-18 10:12:04,98.9,90,37.2,183/116,72,67.6,"This morning, chest pain, severe headache. immediate attention may be needed.",0
PAT-00159,2024-01-19 09:57:15,99.7,105,37.2,147/95,121,67.6,"This morning, restlessness.",0
PAT-00159,2024-01-20 10:03:52,95.5,110,37.2,112/78,166,67.6,"Patient describes restlessness, severe blurred vision, dry mouth, frequent urination. immediate attention may be needed.",1
PAT-00159,2024-01-21 10:47:37,96.7,72,36.5,113/70,112,67.6,Patient is feeling well with all parameters stable.,0
PAT-00159,2024-01-22 10:28:58,97.4,99,37.0,149/86,98,67.6,No symptoms reported. Vitals are within expected range.,0
PAT-00159,2024-01-23 10:58:31,94.6,79,37.4,150/85,82,67.6,No symptoms reported. Vitals are within expected range.,0
PAT-00159,2024-01-24 09:04:54,96.3,84,37.9,168/114,72,67.6,"Patient describes night sweats, vision issues.",0
PAT-00159,2024-01-25 08:20:00,94.6,94,36.9,183/106,102,67.6,"Observes chest pain, severe headache. immediate attention may be needed.",1
PAT-00159,2024-01-26 09:48:03,93.6,95,37.1,145/87,87,67.6,Patient denies any symptoms or discomfort.,0
PAT-00159,2024-01-27 08:40:08,96.5,93,37.3,115/71,87,67.6,No symptoms reported. Vitals are within expected range.,0
PAT-00159,2024-01-28 09:47:44,94.4,79,37.4,127/79,74,67.6,No symptoms reported. Vitals are within expected range.,0
PAT-00159,2024-01-29 09:39:25,95.2,84,36.5,172/119,119,67.6,Indicates vision issues.,0
PAT-00159,2024-01-30 09:10:02,100.0,89,36.4,111/72,79,67.6,No significant complaints today.,0
PAT-00160,2024-01-01 09:08:16,94.6,72,36.8,110/85,140,74.9,"This morning, dry mouth.",0
PAT-00160,2024-01-02 10:58:27,98.3,62,36.3,141/94,81,74.9,Patient denies any symptoms or discomfort.,0
PAT-00160,2024-01-03 10:59:53,95.6,70,36.7,129/78,84,74.9,Vitals remain within acceptable limits. No issues noted.,0
PAT-00160,2024-01-04 10:27:13,95.0,105,36.7,129/75,163,74.9,"Patient describes palpitations, severe blurred vision, dry mouth, frequent urination. immediate attention may be needed.",0
PAT-00160,2024-01-05 09:30:36,95.9,75,36.9,129/76,82,74.9,Vitals remain within acceptable limits. No issues noted.,0
PAT-00160,2024-01-06 08:30:19,94.4,83,36.6,150/86,71,74.9,Patient denies any symptoms or discomfort.,0
PAT-00160,2024-01-07 08:38:17,96.0,60,35.7,127/73,110,74.9,Notes mild coldness.,0
PAT-00160,2024-01-08 08:36:03,92.5,97,38.5,170/113,93,74.9,"Patient notes that fever, chills, vision issues.",0
PAT-00160,2024-01-09 10:26:39,95.2,110,37.6,190/112,83,74.9,"Observes anxiety, mild fever, chest pain, severe headache. immediate attention may be needed.",0
PAT-00160,2024-01-10 09:43:29,98.2,56,37.2,110/85,80,74.9,Patient is feeling well with all parameters stable.,0
PAT-00160,2024-01-11 08:03:05,97.7,106,36.8,119/74,82,74.9,"This morning, palpitations.",0
PAT-00160,2024-01-12 10:18:58,97.4,51,36.8,176/100,98,74.9,"Patient notes that lightheadedness, headaches.",0
PAT-00160,2024-01-13 08:32:22,99.0,85,37.1,129/77,80,74.9,No significant complaints today.,0
PAT-00160,2024-01-14 08:21:10,97.1,85,35.5,138/95,107,74.9,Indicates lowered energy.,0
PAT-00160,2024-01-15 10:21:02,97.3,86,38.9,124/83,121,74.9,"Indicates muscle aches, severe discomfort. worsening symptoms present.",1
PAT-00160,2024-01-16 09:56:55,95.7,68,38.7,127/81,93,74.9,"Reports chills, muscle aches.",1
PAT-00160,2024-01-17 09:52:47,97.6,58,37.0,139/91,84,74.9,No symptoms reported. Vitals are within expected range.,0
PAT-00160,2024-01-18 10:31:51,94.9,100,37.3,135/87,97,74.9,Patient denies any symptoms or discomfort.,0
PAT-00160,2024-01-19 10:58:11,96.4,59,36.8,118/83,146,74.9,"Today, patient states blurred vision.",0
PAT-00160,2024-01-20 09:31:16,94.8,108,37.2,190/118,119,74.9,"This morning, palpitations, chest pain, severe headache. immediate attention may be needed.",1
PAT-00160,2024-01-21 08:42:33,93.0,100,36.0,118/71,154,74.9,"Patient describes severe blurred vision, dry mouth, frequent urination. immediate attention may be needed.",0
PAT-00160,2024-01-22 09:48:05,98.1,100,36.9,148/86,74,74.9,Patient is feeling well with all parameters stable.,0
PAT-00160,2024-01-23 09:36:47,95.7,70,36.5,145/90,77,74.9,No symptoms reported. Vitals are within expected range.,0
PAT-00160,2024-01-24 10:12:43,98.1,59,37.7,125/82,92,74.9,Patient notes that mild fever.,0
PAT-00160,2024-01-25 09:26:04,98.0,69,36.6,114/83,93,74.9,No symptoms reported. Vitals are within expected range.,0
PAT-00160,2024-01-26 09:03:32,99.2,101,36.0,114/70,82,74.9,"Today, patient states palpitations.",0
PAT-00160,2024-01-27 09:04:04,93.9,76,37.1,129/85,159,74.9,"Indicates severe blurred vision, dry mouth, frequent urination. immediate attention may be needed.",0
PAT-00160,2024-01-28 08:33:11,94.7,110,38.7,142/90,164,74.9,"Notes palpitations, chills, fever, severe blurred vision, dry mouth, frequent urination. immediate attention may be needed.",1
PAT-00160,2024-01-29 10:04:30,95.5,92,36.7,122/71,77,74.9,Patient is feeling well with all parameters stable.,0
PAT-00160,2024-01-30 08:32:52,95.5,71,37.0,169/109,72,74.9,Notes vision issues.,1
PAT-00161,2024-01-01 10:51:55,94.5,56,38.5,111/75,121,66.8,"Reports fever, chills.",0
PAT-00161,2024-01-02 10:34:03,93.8,95,37.1,112/71,163,66.8,"Today, patient states severe blurred vision, dry mouth, frequent urination. worsening symptoms present.",0
PAT-00161,2024-01-03 09:46:46,92.8,103,36.0,145/92,176,66.8,"Indicates restlessness, severe blurred vision, dry mouth, frequent urination. immediate attention may be needed.",1
PAT-00161,2024-01-04 09:21:48,94.6,57,37.7,122/79,81,66.8,Notes night sweats.,0
PAT-00161,2024-01-05 08:13:16,97.2,88,37.6,146/86,89,66.8,Notes night sweats.,0
PAT-00161,2024-01-06 10:46:07,99.0,93,37.4,131/87,82,66.8,Patient denies any symptoms or discomfort.,0
PAT-00161,2024-01-07 09:23:13,96.3,97,37.2,131/93,89,66.8,Patient is feeling well with all parameters stable.,0
PAT-00161,2024-01-08 10:15:12,94.6,110,36.6,112/76,111,66.8,Reports anxiety.,0
PAT-00161,2024-01-09 10:33:20,96.5,70,37.1,130/92,70,66.8,Vitals remain within acceptable limits. No issues noted.,0
PAT-00161,2024-01-10 09:01:27,97.3,94,38.3,123/70,112,66.8,"Reports headache, muscle aches.",1
PAT-00161,2024-01-11 08:47:52,93.0,54,35.6,139/93,85,66.8,"Reports fatigue, mild coldness.",1
PAT-00161,2024-01-12 09:18:35,95.8,67,36.9,183/108,121,66.8,"This morning, chest pain, severe headache. immediate attention may be needed.",0
PAT-00161,2024-01-13 10:29:15,95.3,50,36.5,165/118,79,66.8,"Patient notes that lightheadedness, headaches.",0
PAT-00161,2024-01-14 08:22:10,93.2,91,36.6,135/88,93,66.8,Patient denies any symptoms or discomfort.,0
PAT-00161,2024-01-15 10:13:29,94.8,74,36.9,113/75,111,66.8,Patient denies any symptoms or discomfort.,0
PAT-00161,2024-01-16 09:33:49,95.3,107,36.6,129/72,118,66.8,Notes anxiety.,0
PAT-00161,2024-01-17 09:05:24,97.2,100,36.3,129/72,173,66.8,"Notes severe blurred vision, dry mouth, frequent urination. immediate attention may be needed.",0
PAT-00161,2024-01-18 09:42:18,96.9,69,36.1,173/108,94,66.8,"This morning, headaches.",1
PAT-00161,2024-01-19 10:00:01,95.1,68,37.2,132/90,75,66.8,Patient is feeling well with all parameters stable.,0
PAT-00161,2024-01-20 10:33:24,95.8,57,37.0,127/81,110,66.8,Vitals remain within acceptable limits. No issues noted.,0
PAT-00161,2024-01-21 08:50:04,93.4,76,37.3,128/85,94,66.8,Patient denies any symptoms or discomfort.,0
PAT-00161,2024-01-22 10:22:48,97.9,61,36.6,133/95,79,66.8,Vitals remain within acceptable limits. No issues noted.,0
PAT-00161,2024-01-23 08:47:59,97.9,79,36.8,117/83,157,66.8,"This morning, severe blurred vision, dry mouth, frequent urination. worsening symptoms present.",1
PAT-00161,2024-01-24 09:57:02,100.0,52,37.4,126/70,101,66.8,Notes slow pulse.,0
PAT-00161,2024-01-25 09:30:57,96.8,82,38.8,111/85,77,66.8,"Patient describes muscle aches, headache.",0
PAT-00161,2024-01-26 08:26:06,95.0,67,36.2,119/70,93,66.8,Patient denies any symptoms or discomfort.,0
PAT-00161,2024-01-27 10:08:51,96.6,92,36.8,122/78,81,66.8,No significant complaints today.,0
PAT-00161,2024-01-28 08:31:22,95.7,69,37.0,130/75,92,66.8,Patient is feeling well with all parameters stable.,0
PAT-00161,2024-01-29 10:48:25,99.1,105,35.6,126/80,99,66.8,"Patient describes palpitations, lowered energy.",0
PAT-00161,2024-01-30 09:33:59,93.7,76,36.0,112/81,111,66.8,No symptoms reported. Vitals are within expected range.,0
PAT-00162,2024-01-01 10:20:23,92.7,56,36.9,181/113,72,85.8,"Observes chest pain, severe headache. immediate attention may be needed.",0
PAT-00162,2024-01-02 10:57:19,96.1,61,35.9,178/107,152,85.8,"Notes mild coldness, headaches, severe blurred vision, dry mouth, frequent urination. immediate attention may be needed.",1
PAT-00162,2024-01-03 08:21:36,92.9,88,36.8,121/80,103,85.8,No symptoms reported. Vitals are within expected range.,0
PAT-00162,2024-01-04 08:14:13,99.1,59,36.4,120/83,138,85.8,"This morning, blurred vision.",0
PAT-00162,2024-01-05 09:59:04,95.3,76,38.9,134/90,82,85.8,"Reports severe discomfort, headache. worsening symptoms present.",0
PAT-00162,2024-01-06 08:09:41,98.2,82,36.2,123/84,123,85.8,Patient denies any symptoms or discomfort.,0
PAT-00162,2024-01-07 10:56:24,98.7,78,36.1,125/79,86,85.8,Patient denies any symptoms or discomfort.,0
PAT-00162,2024-01-08 10:40:38,97.1,56,37.1,116/72,118,85.8,Patient is feeling well with all parameters stable.,0
PAT-00162,2024-01-09 08:22:10,97.5,57,37.1,150/85,78,85.8,Vitals remain within acceptable limits. No issues noted.,0
PAT-00162,2024-01-10 10:56:53,98.4,65,37.5,115/81,96,85.8,Reports body aches.,0
PAT-00162,2024-01-11 08:15:00,94.0,51,37.1,134/92,109,85.8,Patient describes fatigue.,1
PAT-00162,2024-01-12 09:13:06,94.3,84,35.6,129/72,88,85.8,"Today, patient states lowered energy.",0
PAT-00162,2024-01-13 10:41:01,91.0,86,36.9,126/81,91,85.8,"Today, patient states dizziness.",1
PAT-00162,2024-01-14 08:26:50,96.0,64,37.2,165/106,100,85.8,"Today, patient states headaches.",0
PAT-00162,2024-01-15 09:13:41,95.3,101,37.8,125/84,81,85.8,"Notes restlessness, body aches.",0
PAT-00162,2024-01-16 10:33:19,96.3,92,36.7,110/79,98,85.8,No symptoms reported. Vitals are within expected range.,0
PAT-00162,2024-01-17 08:54:47,98.3,65,36.6,145/88,100,85.8,Patient is feeling well with all parameters stable.,0
PAT-00162,2024-01-18 09:49:33,97.8,52,36.5,124/79,97,85.8,Observes slow pulse.,1
PAT-00162,2024-01-19 09:08:43,95.0,83,37.8,167/110,113,85.8,"This morning, mild fever, chest tightness.",0
PAT-00162,2024-01-20 08:53:34,94.0,50,38.6,143/95,92,85.8,"Observes slow pulse, severe discomfort, muscle aches. worsening symptoms present.",1
PAT-00162,2024-01-21 10:04:35,97.5,70,36.1,116/72,122,85.8,No symptoms reported. Vitals are within expected range.,0
PAT-00162,2024-01-22 10:59:10,96.0,106,36.6,184/102,84,85.8,"Patient describes restlessness, chest pain, severe headache. worsening symptoms present.",1
PAT-00162,2024-01-23 08:40:25,98.3,103,36.6,172/112,77,85.8,"Notes restlessness, vision issues.",0
PAT-00162,2024-01-24 10:04:41,93.0,67,37.3,165/113,180,85.8,"Notes headaches, severe blurred vision, dry mouth, frequent urination. immediate attention may be needed.",0
PAT-00162,2024-01-25 08:12:43,96.5,75,38.1,149/85,92,85.8,"Patient describes chills, muscle aches.",0
PAT-00162,2024-01-26 09:23:13,96.3,71,36.8,150/88,121,85.8,Patient is feeling well with all parameters stable.,0
PAT-00162,2024-01-27 08:45:16,93.9,55,36.6,134/92,92,85.8,Vitals remain within acceptable limits. No issues noted.,0
PAT-00162,2024-01-28 09:53:06,97.5,108,37.0,130/80,71,85.8,"Today, patient states anxiety.",1
PAT-00162,2024-01-29 09:32:29,95.8,107,38.0,131/92,95,85.8,"Patient notes that palpitations, chills, headache.",0
PAT-00162,2024-01-30 10:18:50,96.4,77,37.4,129/72,86,85.8,Patient is feeling well with all parameters stable.,0
PAT-00163,2024-01-01 10:38:32,98.2,67,36.8,126/75,99,107.7,No symptoms reported. Vitals are within expected range.,0
PAT-00163,2024-01-02 09:07:17,93.3,78,38.6,124/84,157,107.7,"Reports headache, muscle aches, severe blurred vision, dry mouth, frequent urination. immediate attention may be needed.",0
PAT-00163,2024-01-03 10:05:26,96.4,87,35.9,121/84,113,107.7,"This morning, lowered energy.",0
PAT-00163,2024-01-04 08:08:45,95.8,90,36.7,142/86,118,107.7,No significant complaints today.,0
PAT-00163,2024-01-05 10:59:36,96.6,90,37.8,188/104,88,107.7,"Notes night sweats, chest pain, severe headache. worsening symptoms present.",1
PAT-00163,2024-01-06 09:12:42,94.6,87,38.2,183/108,93,107.7,"Indicates muscle aches, headache, chest pain, severe headache. worsening symptoms present.",0
PAT-00163,2024-01-07 09:55:25,96.4,51,38.2,117/83,110,107.7,"Patient describes slow pulse, muscle aches, fever.",0
PAT-00163,2024-01-08 10:54:05,97.0,82,36.5,141/94,81,107.7,Vitals remain within acceptable limits. No issues noted.,0
PAT-00163,2024-01-09 10:12:09,95.3,53,36.7,178/120,123,107.7,"Today, patient states fatigue, vision issues.",1
PAT-00163,2024-01-10 08:59:07,98.4,78,35.7,184/109,72,107.7,"Indicates mild coldness, chest pain, severe headache. immediate attention may be needed.",0
PAT-00163,2024-01-11 09:06:35,99.2,55,37.4,137/91,101,107.7,Patient denies any symptoms or discomfort.,0
PAT-00163,2024-01-12 08:59:28,97.6,64,36.5,130/95,134,107.7,"Today, patient states blurred vision.",0
PAT-00163,2024-01-13 10:13:35,95.6,107,36.4,163/102,136,107.7,"Observes palpitations, vision issues, frequent urination.",0
PAT-00163,2024-01-14 09:27:14,94.4,74,35.9,115/70,76,107.7,"Today, patient states lowered energy.",0
PAT-00163,2024-01-15 09:32:14,95.4,102,35.5,141/91,85,107.7,"Reports palpitations, lowered energy.",0
PAT-00163,2024-01-16 10:00:22,97.4,56,37.2,140/92,95,107.7,Patient is feeling well with all parameters stable.,0
PAT-00163,2024-01-17 10:26:31,93.5,75,37.1,111/80,142,107.7,Indicates dry mouth.,0
PAT-00163,2024-01-18 08:04:25,94.0,98,35.9,129/70,118,107.7,Notes lowered energy.,0
PAT-00163,2024-01-19 10:41:34,99.0,75,37.0,117/71,94,107.7,Patient denies any symptoms or discomfort.,0
PAT-00163,2024-01-20 10:27:34,94.9,51,38.4,111/75,80,107.7,"This morning, lightheadedness, fever, chills.",1
PAT-00163,2024-01-21 09:08:20,98.8,98,37.2,145/93,101,107.7,Patient denies any symptoms or discomfort.,0
PAT-00163,2024-01-22 09:33:03,96.9,99,38.5,110/72,175,107.7,"Reports muscle aches, headache, severe blurred vision, dry mouth, frequent urination. worsening symptoms present.",1
PAT-00163,2024-01-23 10:50:29,96.7,50,37.2,111/70,72,107.7,Patient describes slow pulse.,1
PAT-00163,2024-01-24 08:28:13,96.2,76,37.1,126/80,78,107.7,Vitals remain within acceptable limits. No issues noted.,0
PAT-00163,2024-01-25 10:14:40,93.3,69,36.7,125/79,77,107.7,Patient denies any symptoms or discomfort.,0
PAT-00163,2024-01-26 08:52:36,95.3,60,37.1,111/78,73,107.7,No symptoms reported. Vitals are within expected range.,0
PAT-00163,2024-01-27 10:33:20,93.7,90,38.1,148/91,115,107.7,"This morning, fever, chills.",0
PAT-00163,2024-01-28 08:22:18,95.2,64,36.5,147/95,78,107.7,No significant complaints today.,0
PAT-00163,2024-01-29 10:04:06,95.7,62,36.3,128/71,106,107.7,Patient denies any symptoms or discomfort.,0
PAT-00163,2024-01-30 09:55:47,94.4,90,35.7,128/79,105,107.7,Reports lowered energy.,0
PAT-00164,2024-01-01 09:36:28,95.6,79,35.6,149/94,101,70.4,"This morning, mild coldness.",0
PAT-00164,2024-01-02 10:45:28,96.4,81,37.4,123/84,82,70.4,No symptoms reported. Vitals are within expected range.,0
PAT-00164,2024-01-03 10:24:53,95.2,65,36.9,126/80,102,70.4,No significant complaints today.,0
PAT-00164,2024-01-04 08:41:13,95.5,59,37.2,179/115,161,70.4,"Indicates chest tightness, severe blurred vision, dry mouth, frequent urination. immediate attention may be needed.",1
PAT-00164,2024-01-05 10:44:41,98.4,96,37.1,130/93,73,70.4,Vitals remain within acceptable limits. No issues noted.,0
PAT-00164,2024-01-06 08:10:44,94.5,59,36.6,116/84,171,70.4,"Patient describes severe blurred vision, dry mouth, frequent urination. immediate attention may be needed.",1
PAT-00164,2024-01-07 09:15:32,92.9,95,38.4,130/92,73,70.4,"Reports muscle aches, severe discomfort. worsening symptoms present.",0
PAT-00164,2024-01-08 08:14:14,93.8,86,36.8,133/86,96,70.4,Patient denies any symptoms or discomfort.,0
PAT-00164,2024-01-09 09:03:21,92.8,57,37.0,144/91,96,70.4,Vitals remain within acceptable limits. No issues noted.,0
PAT-00164,2024-01-10 08:37:08,95.6,107,35.6,127/74,94,70.4,"Patient describes palpitations, mild coldness.",1
PAT-00164,2024-01-11 10:28:20,96.5,85,36.0,124/78,101,70.4,Patient denies any symptoms or discomfort.,0
PAT-00164,2024-01-12 10:48:58,98.2,52,36.5,137/95,96,70.4,"Today, patient states lightheadedness.",0
PAT-00164,2024-01-13 09:28:31,95.7,58,37.3,125/73,89,70.4,No significant complaints today.,0
PAT-00164,2024-01-14 10:30:42,93.0,89,35.8,115/82,80,70.4,Indicates lowered energy.,0
PAT-00164,2024-01-15 09:18:36,97.9,86,38.6,143/92,108,70.4,"Notes muscle aches, fever.",0
PAT-00164,2024-01-16 09:22:48,94.2,52,36.7,141/92,93,70.4,Notes fatigue.,0
PAT-00164,2024-01-17 10:34:09,96.1,87,36.7,170/104,172,70.4,"Patient describes headaches, severe blurred vision, dry mouth, frequent urination. worsening symptoms present.",0
PAT-00164,2024-01-18 10:23:06,97.7,84,35.7,113/73,146,70.4,"Today, patient states lowered energy, dry mouth.",0
PAT-00164,2024-01-19 10:55:22,96.0,51,35.7,140/92,113,70.4,"Indicates fatigue, lowered energy.",1
PAT-00164,2024-01-20 10:23:03,94.4,60,36.5,123/70,164,70.4,"Today, patient states severe blurred vision, dry mouth, frequent urination. worsening symptoms present.",1
PAT-00164,2024-01-21 08:04:55,96.0,78,38.2,117/78,113,70.4,"This morning, muscle aches, fever.",0
PAT-00164,2024-01-22 09:32:27,96.1,50,37.2,117/79,93,70.4,Patient notes that slow pulse.,1
PAT-00164,2024-01-23 10:15:54,95.4,53,37.2,127/74,77,70.4,Patient notes that fatigue.,0
PAT-00164,2024-01-24 09:28:03,96.0,70,37.6,132/90,97,70.4,Indicates night sweats.,0
PAT-00164,2024-01-25 10:08:25,92.8,53,36.8,147/93,70,70.4,"Today, patient states slow pulse.",1
PAT-00164,2024-01-26 09:43:47,93.3,94,36.1,124/72,150,70.4,"Reports severe blurred vision, dry mouth, frequent urination. worsening symptoms present.",1
PAT-00164,2024-01-27 10:42:24,92.9,52,37.3,126/82,88,70.4,Notes fatigue.,1
PAT-00164,2024-01-28 10:51:11,96.0,90,35.5,116/85,70,70.4,Patient notes that mild coldness.,0
PAT-00164,2024-01-29 09:30:35,91.2,104,37.1,135/91,86,70.4,"Today, patient states shortness of breath, anxiety.",0
PAT-00164,2024-01-30 10:09:11,95.0,108,37.3,118/72,94,70.4,"This morning, anxiety.",0
PAT-00165,2024-01-01 10:14:08,93.9,58,35.9,130/91,75,79.6,"Today, patient states lowered energy.",0
PAT-00165,2024-01-02 09:55:46,96.1,51,37.3,189/116,81,79.6,"Patient notes that fatigue, chest pain, severe headache. immediate attention may be needed.",1
PAT-00165,2024-01-03 08:53:34,97.9,79,37.1,115/80,117,79.6,No symptoms reported. Vitals are within expected range.,0
PAT-00165,2024-01-04 09:49:00,94.9,61,36.8,188/107,111,79.6,"Observes chest pain, severe headache. immediate attention may be needed.",0
PAT-00165,2024-01-05 08:57:58,93.9,52,37.1,126/74,83,79.6,"Today, patient states fatigue.",0
PAT-00165,2024-01-06 09:55:39,92.7,50,36.6,139/92,88,79.6,Observes slow pulse.,1
PAT-00165,2024-01-07 08:27:53,96.3,106,36.1,128/83,90,79.6,Reports palpitations.,0
PAT-00165,2024-01-08 10:50:23,92.7,91,38.0,126/83,137,79.6,"Patient notes that severe discomfort, headache, frequent urination. immediate attention may be needed.",0
PAT-00165,2024-01-09 10:13:19,95.5,74,36.8,172/101,91,79.6,"This morning, vision issues.",0
PAT-00165,2024-01-10 10:10:54,98.5,71,36.9,127/84,105,79.6,Vitals remain within acceptable limits. No issues noted.,0
PAT-00165,2024-01-11 09:59:56,100.0,96,37.0,142/88,72,79.6,Patient is feeling well with all parameters stable.,0
PAT-00165,2024-01-12 08:01:54,94.8,77,38.8,119/82,71,79.6,"This morning, fever, headache.",0
PAT-00165,2024-01-13 08:32:49,96.8,90,36.9,117/76,170,79.6,"Observes severe blurred vision, dry mouth, frequent urination. immediate attention may be needed.",0
PAT-00165,2024-01-14 08:32:52,98.8,99,36.8,125/79,118,79.6,No symptoms reported. Vitals are within expected range.,0
PAT-00165,2024-01-15 09:51:15,96.6,54,37.0,130/77,180,79.6,"Patient describes slow pulse, severe blurred vision, dry mouth, frequent urination. immediate attention may be needed.",1
PAT-00165,2024-01-16 08:03:45,95.6,51,35.6,142/91,77,79.6,"This morning, fatigue, lowered energy.",0
PAT-00165,2024-01-17 08:33:17,96.5,71,36.5,120/79,72,79.6,No symptoms reported. Vitals are within expected range.,0
PAT-00165,2024-01-18 10:40:21,97.5,57,37.3,129/82,135,79.6,Patient notes that blurred vision.,0
PAT-00165,2024-01-19 08:40:00,93.5,106,38.2,169/116,83,79.6,"Observes palpitations, fever, headache, vision issues.",0
PAT-00165,2024-01-20 10:42:50,98.8,61,36.8,135/91,126,79.6,Observes dry mouth.,0
PAT-00165,2024-01-21 10:06:28,96.3,98,37.3,149/95,110,79.6,Patient denies any symptoms or discomfort.,0
PAT-00165,2024-01-22 10:39:06,96.6,89,38.8,142/87,98,79.6,"Reports muscle aches, severe discomfort. worsening symptoms present.",0
PAT-00165,2024-01-23 09:24:40,96.9,105,37.1,127/79,80,79.6,"Today, patient states restlessness.",1
PAT-00165,2024-01-24 08:58:04,98.1,56,38.1,121/71,97,79.6,"This morning, chills, muscle aches.",0
PAT-00165,2024-01-25 10:36:12,94.5,71,36.8,118/78,97,79.6,Vitals remain within acceptable limits. No issues noted.,0
PAT-00165,2024-01-26 08:51:04,93.1,80,37.0,189/100,91,79.6,"Indicates chest pain, severe headache. worsening symptoms present.",0
PAT-00165,2024-01-27 10:33:23,95.7,60,38.1,115/77,91,79.6,"Patient describes fever, muscle aches.",0
PAT-00165,2024-01-28 09:28:06,99.4,98,37.6,177/110,140,79.6,"Reports mild fever, vision issues, blurred vision.",1
PAT-00165,2024-01-29 08:16:29,93.7,59,37.7,140/90,78,79.6,Reports body aches.,0
PAT-00165,2024-01-30 10:44:10,95.4,69,37.5,128/75,75,79.6,"This morning, mild fever.",0
PAT-00166,2024-01-01 10:57:35,99.5,62,36.4,121/75,71,89.8,Patient is feeling well with all parameters stable.,0
PAT-00166,2024-01-02 08:54:28,96.3,87,35.8,122/70,103,89.8,Observes mild coldness.,0
PAT-00166,2024-01-03 08:21:02,95.4,87,38.3,170/101,85,89.8,"Reports chills, severe discomfort, headaches. immediate attention may be needed.",1
PAT-00166,2024-01-04 10:18:15,97.9,50,36.4,167/105,149,89.8,"Indicates lightheadedness, vision issues, blurred vision.",1
PAT-00166,2024-01-05 09:52:09,97.0,97,36.6,127/77,116,89.8,No significant complaints today.,0
PAT-00166,2024-01-06 08:48:58,95.7,89,35.8,117/85,120,89.8,Patient notes that lowered energy.,0
PAT-00166,2024-01-07 10:37:37,96.9,98,36.7,134/93,94,89.8,Patient denies any symptoms or discomfort.,0
PAT-00166,2024-01-08 08:12:14,95.2,60,37.3,126/83,120,89.8,No symptoms reported. Vitals are within expected range.,0
PAT-00166,2024-01-09 09:35:26,95.7,80,37.6,117/74,88,89.8,Patient describes body aches.,0
PAT-00166,2024-01-10 08:21:03,95.8,84,37.3,118/85,121,89.8,No significant complaints today.,0
PAT-00166,2024-01-11 10:01:53,94.7,70,36.5,113/74,99,89.8,Vitals remain within acceptable limits. No issues noted.,0
PAT-00166,2024-01-12 09:10:06,93.2,50,36.1,129/71,156,89.8,"Notes fatigue, severe blurred vision, dry mouth, frequent urination. immediate attention may be needed.",0
PAT-00166,2024-01-13 10:44:14,93.5,59,36.0,113/72,85,89.8,Vitals remain within acceptable limits. No issues noted.,0
PAT-00166,2024-01-14 09:54:45,95.5,50,38.7,160/106,92,89.8,"Notes fatigue, muscle aches, headache, vision issues.",1
PAT-00166,2024-01-15 10:25:21,96.4,81,35.9,189/115,94,89.8,"Indicates mild coldness, chest pain, severe headache. immediate attention may be needed.",0
PAT-00166,2024-01-16 09:38:24,95.4,56,36.5,142/85,154,89.8,"This morning, severe blurred vision, dry mouth, frequent urination. immediate attention may be needed.",0
PAT-00166,2024-01-17 09:46:03,94.0,84,37.5,119/85,108,89.8,"This morning, mild fever.",0
PAT-00166,2024-01-18 08:34:00,93.8,66,37.3,173/116,164,89.8,"This morning, chest tightness, severe blurred vision, dry mouth, frequent urination. immediate attention may be needed.",0
PAT-00166,2024-01-19 08:50:34,96.9,81,36.0,128/79,100,89.8,Patient is feeling well with all parameters stable.,0
PAT-00166,2024-01-20 10:15:49,95.5,71,36.6,133/91,70,89.8,Vitals remain within acceptable limits. No issues noted.,0
PAT-00166,2024-01-21 10:49:45,96.3,100,36.0,125/84,111,89.8,Vitals remain within acceptable limits. No issues noted.,0
PAT-00166,2024-01-22 09:35:18,96.8,107,36.6,111/76,168,89.8,"Reports anxiety, severe blurred vision, dry mouth, frequent urination. immediate attention may be needed.",0
PAT-00166,2024-01-23 09:30:33,95.0,51,36.1,124/80,74,89.8,Reports fatigue.,1
PAT-00166,2024-01-24 08:31:24,96.3,98,36.2,165/119,96,89.8,"Today, patient states vision issues.",1
PAT-00166,2024-01-25 08:00:13,90.4,90,36.9,149/90,77,89.8,Patient notes that low energy.,1
PAT-00166,2024-01-26 10:56:54,94.8,56,37.0,111/81,106,89.8,Patient denies any symptoms or discomfort.,0
PAT-00166,2024-01-27 10:53:29,94.9,88,38.3,117/79,92,89.8,"Reports fever, severe discomfort. immediate attention may be needed.",0
PAT-00166,2024-01-28 10:31:53,97.0,54,37.1,144/90,78,89.8,Indicates slow pulse.,1
PAT-00166,2024-01-29 10:28:54,94.6,74,36.6,111/78,124,89.8,Patient denies any symptoms or discomfort.,0
PAT-00166,2024-01-30 09:29:34,98.1,62,37.2,129/79,149,89.8,Patient notes that dry mouth.,0
PAT-00167,2024-01-01 09:14:39,96.6,102,36.5,113/71,121,72.6,Notes palpitations.,0
PAT-00167,2024-01-02 09:13:58,96.5,56,37.8,147/94,132,72.6,"Patient describes mild fever, frequent urination.",0
PAT-00167,2024-01-03 08:45:43,94.8,105,37.3,120/83,165,72.6,"Notes anxiety, severe blurred vision, dry mouth, frequent urination. worsening symptoms present.",0
PAT-00167,2024-01-04 08:30:54,94.1,82,36.7,115/73,98,72.6,Vitals remain within acceptable limits. No issues noted.,0
PAT-00167,2024-01-05 08:43:46,96.1,73,36.1,128/73,112,72.6,Patient denies any symptoms or discomfort.,0
PAT-00167,2024-01-06 09:11:14,94.9,103,38.6,117/79,124,72.6,"Notes palpitations, fever, severe discomfort. worsening symptoms present.",1
PAT-00167,2024-01-07 09:28:35,97.9,103,35.9,124/73,135,72.6,"This morning, restlessness, lowered energy, dry mouth.",1
PAT-00167,2024-01-08 08:35:09,96.6,108,36.8,113/75,97,72.6,Patient notes that restlessness.,1
PAT-00167,2024-01-09 08:16:36,97.5,90,37.3,181/118,72,72.6,"Observes chest pain, severe headache. immediate attention may be needed.",1
PAT-00167,2024-01-10 10:18:06,94.1,101,38.5,127/80,98,72.6,"Today, patient states restlessness, chills, headache.",0
PAT-00167,2024-01-11 09:13:29,96.7,56,36.6,166/103,86,72.6,Patient notes that headaches.,0
PAT-00167,2024-01-12 09:01:31,92.8,51,38.1,123/78,78,72.6,"Notes slow pulse, fever, muscle aches.",0
PAT-00167,2024-01-13 08:47:46,94.9,98,35.8,111/84,149,72.6,"This morning, lowered energy, blurred vision.",0
PAT-00167,2024-01-14 08:03:46,95.8,103,36.5,119/71,114,72.6,Indicates anxiety.,1
PAT-00167,2024-01-15 09:33:47,94.9,52,36.5,115/80,123,72.6,"This morning, fatigue.",0
PAT-00167,2024-01-16 08:47:17,95.5,54,38.8,178/115,118,72.6,"Reports slow pulse, severe discomfort, chills, headaches. worsening symptoms present.",1
PAT-00167,2024-01-17 10:58:38,93.1,75,37.4,116/83,83,72.6,No significant complaints today.,0
PAT-00167,2024-01-18 09:46:23,94.8,76,37.0,124/77,91,72.6,No symptoms reported. Vitals are within expected range.,0
PAT-00167,2024-01-19 08:53:44,95.3,100,37.2,116/74,81,72.6,Vitals remain within acceptable limits. No issues noted.,0
PAT-00167,2024-01-20 10:51:31,98.3,74,36.2,133/93,110,72.6,Vitals remain within acceptable limits. No issues noted.,0
PAT-00167,2024-01-21 08:49:40,96.0,63,36.9,145/89,140,72.6,Patient describes frequent urination.,0
PAT-00167,2024-01-22 08:22:24,95.8,50,35.6,111/79,103,72.6,"Observes lightheadedness, mild coldness.",0
PAT-00167,2024-01-23 09:29:22,97.9,94,36.5,145/85,154,72.6,"Reports severe blurred vision, dry mouth, frequent urination. worsening symptoms present.",1
PAT-00167,2024-01-24 09:36:45,94.6,57,37.2,133/92,153,72.6,"Today, patient states severe blurred vision, dry mouth, frequent urination. worsening symptoms present.",1
PAT-00167,2024-01-25 09:00:26,98.8,54,36.8,135/92,75,72.6,Patient describes slow pulse.,1
PAT-00167,2024-01-26 08:32:35,93.1,80,37.2,133/92,99,72.6,Vitals remain within acceptable limits. No issues noted.,0
PAT-00167,2024-01-27 09:08:59,98.4,95,35.5,124/71,104,72.6,Notes lowered energy.,0
PAT-00167,2024-01-28 08:25:40,95.6,67,37.4,178/102,80,72.6,Notes vision issues.,1
PAT-00167,2024-01-29 09:56:30,97.6,94,36.0,140/91,71,72.6,Vitals remain within acceptable limits. No issues noted.,0
PAT-00167,2024-01-30 09:57:32,95.7,52,35.6,130/71,91,72.6,"Patient describes lightheadedness, lowered energy.",0
PAT-00168,2024-01-01 08:20:45,96.8,85,37.2,121/71,91,65.8,Vitals remain within acceptable limits. No issues noted.,0
PAT-00168,2024-01-02 08:15:16,95.8,60,36.5,129/85,107,65.8,Patient is feeling well with all parameters stable.,0
PAT-00168,2024-01-03 08:50:49,94.3,60,37.1,161/113,112,65.8,Observes headaches.,1
PAT-00168,2024-01-04 09:18:41,99.5,60,36.8,140/88,93,65.8,No significant complaints today.,0
PAT-00168,2024-01-05 08:40:41,93.2,93,37.3,123/78,77,65.8,Patient is feeling well with all parameters stable.,0
PAT-00168,2024-01-06 10:10:32,95.4,83,36.6,123/72,84,65.8,No significant complaints today.,0
PAT-00168,2024-01-07 10:56:04,98.6,97,36.9,190/116,71,65.8,"Patient notes that chest pain, severe headache. immediate attention may be needed.",0
PAT-00168,2024-01-08 08:07:14,93.6,72,37.3,124/82,79,65.8,No significant complaints today.,0
PAT-00168,2024-01-09 09:08:26,94.2,63,37.0,140/86,100,65.8,No symptoms reported. Vitals are within expected range.,0
PAT-00168,2024-01-10 10:22:42,99.0,71,37.3,175/100,111,65.8,Patient notes that chest tightness.,1
PAT-00168,2024-01-11 09:34:31,97.0,98,35.9,119/72,74,65.8,Patient notes that mild coldness.,0
PAT-00168,2024-01-12 10:37:53,100.0,87,36.4,127/83,90,65.8,No significant complaints today.,0
PAT-00168,2024-01-13 10:25:38,93.4,94,37.1,122/77,146,65.8,Patient describes dry mouth.,0
PAT-00168,2024-01-14 10:11:21,94.1,60,36.9,121/72,81,65.8,Vitals remain within acceptable limits. No issues noted.,0
PAT-00168,2024-01-15 10:55:48,92.8,74,37.8,121/72,118,65.8,Indicates mild fever.,0
PAT-00168,2024-01-16 09:37:21,92.3,96,35.8,112/75,84,65.8,Notes mild coldness.,0
PAT-00168,2024-01-17 09:51:55,95.2,70,36.3,126/70,121,65.8,Patient denies any symptoms or discomfort.,0
PAT-00168,2024-01-18 09:27:44,95.5,52,37.1,133/88,78,65.8,Reports fatigue.,1
PAT-00168,2024-01-19 10:24:04,97.3,100,37.3,164/113,94,65.8,"Today, patient states headaches.",1
PAT-00168,2024-01-20 08:08:54,94.6,60,36.6,118/84,101,65.8,No symptoms reported. Vitals are within expected range.,0
PAT-00168,2024-01-21 08:17:33,100.0,82,37.4,113/75,88,65.8,No symptoms reported. Vitals are within expected range.,0
PAT-00168,2024-01-22 10:35:34,93.1,68,37.2,111/78,77,65.8,No significant complaints today.,0
PAT-00168,2024-01-23 10:42:48,93.7,60,36.7,133/87,112,65.8,Vitals remain within acceptable limits. No issues noted.,0
PAT-00168,2024-01-24 10:15:00,99.1,83,36.6,130/93,97,65.8,No significant complaints today.,0
PAT-00168,2024-01-25 10:34:51,97.6,78,36.8,129/70,80,65.8,Patient denies any symptoms or discomfort.,0
PAT-00168,2024-01-26 08:17:01,95.9,66,36.8,136/89,92,65.8,No significant complaints today.,0
PAT-00168,2024-01-27 08:35:53,97.8,51,37.3,111/80,82,65.8,"Today, patient states slow pulse.",1
PAT-00168,2024-01-28 10:33:46,94.8,60,37.8,123/71,90,65.8,Reports mild fever.,0
PAT-00168,2024-01-29 08:06:26,97.7,82,37.0,173/118,79,65.8,Patient describes headaches.,0
PAT-00168,2024-01-30 10:04:10,94.4,89,37.8,139/91,114,65.8,Notes night sweats.,0
PAT-00169,2024-01-01 08:09:45,96.6,101,36.7,128/76,82,54.2,Patient describes palpitations.,1
PAT-00169,2024-01-02 09:39:32,94.7,107,36.5,118/80,119,54.2,"This morning, palpitations.",1
PAT-00169,2024-01-03 10:09:00,96.5,67,36.9,117/72,172,54.2,"Notes severe blurred vision, dry mouth, frequent urination. worsening symptoms present.",0
PAT-00169,2024-01-04 09:26:43,97.0,55,36.6,125/73,94,54.2,Vitals remain within acceptable limits. No issues noted.,0
PAT-00169,2024-01-05 09:31:54,94.1,87,37.1,126/73,106,54.2,No significant complaints today.,0
PAT-00169,2024-01-06 10:39:22,94.7,87,36.9,111/79,77,54.2,No significant complaints today.,0
PAT-00169,2024-01-07 10:06:25,96.9,68,35.6,141/85,116,54.2,"This morning, lowered energy.",0
PAT-00169,2024-01-08 10:59:36,95.0,88,37.4,120/76,95,54.2,Patient is feeling well with all parameters stable.,0
PAT-00169,2024-01-09 08:01:30,100.0,94,36.9,118/85,82,54.2,No symptoms reported. Vitals are within expected range.,0
PAT-00169,2024-01-10 08:26:06,94.9,53,36.4,128/81,96,54.2,Indicates fatigue.,0
PAT-00169,2024-01-11 10:25:07,94.0,76,37.4,130/90,97,54.2,Patient denies any symptoms or discomfort.,0
PAT-00169,2024-01-12 08:19:56,97.2,91,37.0,126/77,81,54.2,No significant complaints today.,0
PAT-00169,2024-01-13 08:43:40,97.8,105,36.4,176/116,111,54.2,"Reports anxiety, vision issues.",0
PAT-00169,2024-01-14 08:27:39,97.4,72,38.1,141/91,89,54.2,"Patient notes that chills, severe discomfort. worsening symptoms present.",0
PAT-00169,2024-01-15 10:26:51,99.5,52,38.9,124/83,92,54.2,"Observes lightheadedness, chills, severe discomfort. worsening symptoms present.",1
PAT-00169,2024-01-16 08:51:11,95.7,75,37.1,120/77,142,54.2,"Today, patient states blurred vision.",0
PAT-00169,2024-01-17 10:45:48,93.8,101,37.0,140/95,85,54.2,Patient describes anxiety.,0
PAT-00169,2024-01-18 08:57:32,96.6,50,38.3,162/114,115,54.2,"Notes lightheadedness, fever, headache, chest tightness.",0
PAT-00169,2024-01-19 08:08:47,98.2,56,38.7,128/79,78,54.2,"Patient notes that headache, chills.",0
PAT-00169,2024-01-20 09:06:56,96.5,110,37.1,119/77,89,54.2,Patient describes palpitations.,0
PAT-00169,2024-01-21 08:15:47,96.9,93,36.7,126/83,121,54.2,Vitals remain within acceptable limits. No issues noted.,0
PAT-00169,2024-01-22 10:40:03,94.6,103,37.1,123/85,93,54.2,Indicates restlessness.,0
PAT-00169,2024-01-23 10:08:48,97.0,50,38.2,113/72,91,54.2,"Today, patient states lightheadedness, muscle aches, fever.",0
PAT-00169,2024-01-24 08:47:29,94.5,87,36.5,177/105,112,54.2,Reports chest tightness.,0
PAT-00169,2024-01-25 09:30:45,94.5,75,38.4,185/119,94,54.2,"Today, patient states muscle aches, chills, chest pain, severe headache. worsening symptoms present.",1
PAT-00169,2024-01-26 10:59:18,96.2,64,37.1,114/80,106,54.2,Patient denies any symptoms or discomfort.,0
PAT-00169,2024-01-27 08:08:16,92.8,64,36.9,171/115,85,54.2,"This morning, headaches.",0
PAT-00169,2024-01-28 09:23:28,95.0,60,37.2,120/71,105,54.2,Patient denies any symptoms or discomfort.,0
PAT-00169,2024-01-29 10:56:22,99.8,95,35.7,112/73,109,54.2,Observes lowered energy.,0
PAT-00169,2024-01-30 08:45:24,95.3,66,38.4,146/88,88,54.2,"Notes headache, severe discomfort. immediate attention may be needed.",1
PAT-00170,2024-01-01 08:48:47,98.1,60,36.0,139/92,80,107.1,No significant complaints today.,0
PAT-00170,2024-01-02 10:32:50,95.5,79,36.7,119/84,174,107.1,"Indicates severe blurred vision, dry mouth, frequent urination. immediate attention may be needed.",0
PAT-00170,2024-01-03 09:36:44,97.8,53,37.2,128/75,116,107.1,"Today, patient states fatigue.",0
PAT-00170,2024-01-04 10:03:09,96.7,89,36.6,120/79,83,107.1,Vitals remain within acceptable limits. No issues noted.,0
PAT-00170,2024-01-05 10:42:45,96.7,60,36.7,125/79,83,107.1,Vitals remain within acceptable limits. No issues noted.,0
PAT-00170,2024-01-06 10:42:50,96.2,51,37.9,126/83,76,107.1,"Reports slow pulse, night sweats.",0
PAT-00170,2024-01-07 10:20:39,98.2,82,37.0,119/80,95,107.1,No symptoms reported. Vitals are within expected range.,0
PAT-00170,2024-01-08 08:45:35,94.9,100,37.2,144/87,77,107.1,No symptoms reported. Vitals are within expected range.,0
PAT-00170,2024-01-09 08:39:17,95.7,74,38.5,116/85,85,107.1,"This morning, severe discomfort, headache. immediate attention may be needed.",0
PAT-00170,2024-01-10 08:32:58,94.1,108,35.7,142/90,79,107.1,"Indicates anxiety, lowered energy.",0
PAT-00170,2024-01-11 10:30:35,95.8,80,37.1,130/74,95,107.1,No symptoms reported. Vitals are within expected range.,0
PAT-00170,2024-01-12 08:35:45,98.5,60,36.3,113/70,125,107.1,No symptoms reported. Vitals are within expected range.,0
PAT-00170,2024-01-13 10:16:11,97.1,106,37.2,186/113,91,107.1,"Patient describes restlessness, chest pain, severe headache. immediate attention may be needed.",0
PAT-00170,2024-01-14 09:05:20,100.0,75,36.0,120/80,73,107.1,Patient denies any symptoms or discomfort.,0
PAT-00170,2024-01-15 08:36:44,95.6,102,36.1,124/73,166,107.1,"Patient describes anxiety, severe blurred vision, dry mouth, frequent urination. worsening symptoms present.",1
PAT-00170,2024-01-16 08:00:45,100.0,68,36.1,130/81,86,107.1,Patient is feeling well with all parameters stable.,0
PAT-00170,2024-01-17 09:10:42,95.4,65,37.1,145/95,120,107.1,Patient denies any symptoms or discomfort.,0
PAT-00170,2024-01-18 09:27:22,95.9,82,36.8,114/79,96,107.1,No symptoms reported. Vitals are within expected range.,0
PAT-00170,2024-01-19 09:07:29,97.4,93,38.4,128/84,74,107.1,"This morning, muscle aches, fever.",0
PAT-00170,2024-01-20 09:13:48,97.5,90,36.5,117/80,140,107.1,Indicates dry mouth.,0
PAT-00170,2024-01-21 09:43:30,96.8,75,36.3,174/106,108,107.1,"This morning, vision issues.",0
PAT-00170,2024-01-22 09:34:54,99.5,105,36.6,120/71,76,107.1,Reports anxiety.,1
PAT-00170,2024-01-23 10:41:37,96.9,104,36.6,149/86,78,107.1,Indicates palpitations.,0
PAT-00170,2024-01-24 08:40:57,99.7,81,36.3,150/87,97,107.1,Vitals remain within acceptable limits. No issues noted.,0
PAT-00170,2024-01-25 08:42:36,96.6,109,38.9,131/92,179,107.1,"Observes restlessness, headache, severe discomfort, severe blurred vision, dry mouth, frequent urination. worsening symptoms present.",1
PAT-00170,2024-01-26 09:53:42,94.8,98,36.7,125/74,176,107.1,"Reports severe blurred vision, dry mouth, frequent urination. immediate attention may be needed.",0
PAT-00170,2024-01-27 08:18:49,94.8,97,35.7,121/82,83,107.1,Patient describes mild coldness.,0
PAT-00170,2024-01-28 09:48:12,98.6,72,36.8,128/81,122,107.1,No significant complaints today.,0
PAT-00170,2024-01-29 09:34:28,93.5,83,38.9,122/85,76,107.1,"Indicates muscle aches, fever.",1
PAT-00170,2024-01-30 08:47:03,94.1,105,37.8,115/77,167,107.1,"Indicates anxiety, night sweats, severe blurred vision, dry mouth, frequent urination. worsening symptoms present.",0
PAT-00171,2024-01-01 09:46:26,95.9,83,35.6,181/102,75,91.8,"Reports lowered energy, chest pain, severe headache. immediate attention may be needed.",1
PAT-00171,2024-01-02 10:40:50,94.2,79,38.0,136/95,82,91.8,"Observes chills, fever.",0
PAT-00171,2024-01-03 09:21:25,98.9,99,37.2,138/88,88,91.8,Patient denies any symptoms or discomfort.,0
PAT-00171,2024-01-04 09:04:40,96.6,109,37.9,186/110,151,91.8,"Patient describes restlessness, mild fever, chest pain, severe headache, severe blurred vision, dry mouth, frequent urination. immediate attention may be needed.",1
PAT-00171,2024-01-05 09:12:24,95.6,94,36.6,113/71,81,91.8,Vitals remain within acceptable limits. No issues noted.,0
PAT-00171,2024-01-06 09:03:28,92.4,76,35.5,124/71,97,91.8,Reports lowered energy.,0
PAT-00171,2024-01-07 10:41:23,97.6,84,37.3,116/85,93,91.8,Patient denies any symptoms or discomfort.,0
PAT-00171,2024-01-08 09:23:59,98.9,65,36.7,125/75,124,91.8,Patient denies any symptoms or discomfort.,0
PAT-00171,2024-01-09 10:34:25,98.2,104,36.9,124/85,92,91.8,Patient notes that palpitations.,0
PAT-00171,2024-01-10 10:37:37,94.8,91,36.0,125/72,75,91.8,Patient denies any symptoms or discomfort.,0
PAT-00171,2024-01-11 10:59:06,99.3,70,37.1,139/93,137,91.8,Patient describes dry mouth.,0
PAT-00171,2024-01-12 08:36:15,97.2,96,37.0,113/76,74,91.8,Patient denies any symptoms or discomfort.,0
PAT-00171,2024-01-13 10:12:30,93.5,54,35.8,173/100,75,91.8,"Notes lightheadedness, mild coldness, headaches.",0
PAT-00171,2024-01-14 09:30:05,97.6,94,37.2,149/86,86,91.8,Patient is feeling well with all parameters stable.,0
PAT-00171,2024-01-15 10:40:41,97.1,71,37.2,112/81,176,91.8,"Observes severe blurred vision, dry mouth, frequent urination. worsening symptoms present.",1
PAT-00171,2024-01-16 09:27:42,93.9,101,36.8,120/75,104,91.8,Patient notes that palpitations.,0
PAT-00171,2024-01-17 08:44:34,99.2,70,36.8,127/85,91,91.8,Vitals remain within acceptable limits. No issues noted.,0
PAT-00171,2024-01-18 08:00:50,95.1,60,35.7,114/74,87,91.8,"Today, patient states mild coldness.",0
PAT-00171,2024-01-19 09:09:34,93.4,87,36.0,124/85,103,91.8,Patient is feeling well with all parameters stable.,0
PAT-00171,2024-01-20 09:51:57,90.7,109,36.8,130/83,79,91.8,"Observes dizziness, palpitations.",0
PAT-00171,2024-01-21 09:54:47,100.0,75,35.6,118/83,108,91.8,Patient notes that lowered energy.,0
PAT-00171,2024-01-22 10:09:57,99.0,76,38.1,117/73,124,91.8,"Patient notes that fever, severe discomfort. worsening symptoms present.",0
PAT-00171,2024-01-23 08:33:34,96.9,91,36.6,189/117,85,91.8,"Patient notes that chest pain, severe headache. immediate attention may be needed.",1
PAT-00171,2024-01-24 09:52:59,97.3,101,38.1,130/95,80,91.8,"Patient notes that anxiety, fever, severe discomfort. worsening symptoms present.",0
PAT-00171,2024-01-25 08:00:35,94.0,60,38.7,147/95,96,91.8,"Indicates headache, severe discomfort. worsening symptoms present.",1
PAT-00171,2024-01-26 09:16:31,96.4,56,36.6,132/94,76,91.8,Patient denies any symptoms or discomfort.,0
PAT-00171,2024-01-27 10:35:27,97.3,72,36.6,166/112,176,91.8,"Notes vision issues, severe blurred vision, dry mouth, frequent urination. immediate attention may be needed.",0
PAT-00171,2024-01-28 09:15:59,96.4,67,36.5,167/109,178,91.8,"Indicates headaches, severe blurred vision, dry mouth, frequent urination. immediate attention may be needed.",1
PAT-00171,2024-01-29 10:26:14,96.5,66,38.3,125/74,135,91.8,"Reports headache, chills, frequent urination.",1
PAT-00171,2024-01-30 08:22:00,100.0,65,37.1,136/92,79,91.8,Patient denies any symptoms or discomfort.,0
PAT-00172,2024-01-01 10:31:15,96.8,69,37.2,120/71,80,77.3,No symptoms reported. Vitals are within expected range.,0
PAT-00172,2024-01-02 10:18:00,96.3,70,36.8,130/70,78,77.3,Patient is feeling well with all parameters stable.,0
PAT-00172,2024-01-03 09:01:39,98.2,105,36.5,130/83,105,77.3,Reports anxiety.,0
PAT-00172,2024-01-04 10:31:28,94.8,53,37.9,123/82,70,77.3,"Patient notes that slow pulse, body aches.",0
PAT-00172,2024-01-05 10:35:05,96.0,104,35.9,119/85,123,77.3,"Observes palpitations, lowered energy.",1
PAT-00172,2024-01-06 10:28:41,96.0,76,36.9,126/81,86,77.3,No significant complaints today.,0
PAT-00172,2024-01-07 10:47:38,94.3,81,37.7,121/81,84,77.3,"Today, patient states mild fever.",0
PAT-00172,2024-01-08 10:39:34,98.8,68,36.0,118/78,95,77.3,No symptoms reported. Vitals are within expected range.,0
PAT-00172,2024-01-09 09:15:54,97.7,59,36.9,140/87,80,77.3,No significant complaints today.,0
PAT-00172,2024-01-10 09:30:30,98.7,98,36.6,117/84,166,77.3,"This morning, severe blurred vision, dry mouth, frequent urination. immediate attention may be needed.",0
PAT-00172,2024-01-11 08:32:17,96.7,58,36.9,124/84,81,77.3,No symptoms reported. Vitals are within expected range.,0
PAT-00172,2024-01-12 10:05:59,93.0,77,37.3,128/85,147,77.3,Indicates dry mouth.,0
PAT-00172,2024-01-13 10:34:54,99.6,97,37.3,114/75,96,77.3,No symptoms reported. Vitals are within expected range.,0
PAT-00172,2024-01-14 08:20:37,96.9,60,35.6,140/89,81,77.3,Indicates mild coldness.,0
PAT-00172,2024-01-15 09:35:23,97.7,69,36.0,111/80,93,77.3,Patient denies any symptoms or discomfort.,0
PAT-00172,2024-01-16 08:17:19,96.8,89,38.6,115/79,83,77.3,"Reports chills, headache.",0
PAT-00172,2024-01-17 08:39:14,98.3,67,37.1,111/83,110,77.3,Patient is feeling well with all parameters stable.,0
PAT-00172,2024-01-18 09:56:50,92.6,66,37.1,121/85,110,77.3,Patient denies any symptoms or discomfort.,0
PAT-00172,2024-01-19 09:51:10,94.0,106,36.5,135/86,89,77.3,Patient describes restlessness.,0
PAT-00172,2024-01-20 10:31:48,95.8,110,38.5,120/85,86,77.3,"Indicates anxiety, severe discomfort, chills. worsening symptoms present.",0
PAT-00172,2024-01-21 09:54:27,95.7,53,36.0,161/118,115,77.3,"Today, patient states fatigue, chest tightness.",1
PAT-00172,2024-01-22 09:26:01,93.6,78,37.2,125/85,158,77.3,"Patient notes that severe blurred vision, dry mouth, frequent urination. worsening symptoms present.",0
PAT-00172,2024-01-23 08:50:56,98.6,50,37.0,150/89,108,77.3,Patient describes fatigue.,0
PAT-00172,2024-01-24 08:38:25,96.1,52,36.1,149/85,121,77.3,Patient describes lightheadedness.,1
PAT-00172,2024-01-25 10:14:45,98.6,52,37.0,134/91,111,77.3,Indicates lightheadedness.,1
PAT-00172,2024-01-26 09:18:24,95.5,67,36.1,130/90,119,77.3,No symptoms reported. Vitals are within expected range.,0
PAT-00172,2024-01-27 10:22:27,95.2,57,37.0,163/102,155,77.3,"Patient notes that headaches, severe blurred vision, dry mouth, frequent urination. immediate attention may be needed.",1
PAT-00172,2024-01-28 10:53:49,99.0,57,36.9,115/78,95,77.3,Patient denies any symptoms or discomfort.,0
PAT-00172,2024-01-29 08:45:56,100.0,108,38.3,127/84,91,77.3,"Patient describes palpitations, severe discomfort, muscle aches. immediate attention may be needed.",0
PAT-00172,2024-01-30 10:20:48,96.9,96,38.0,147/85,111,77.3,"Patient notes that chills, headache.",0
PAT-00173,2024-01-01 09:09:27,92.4,76,36.6,116/81,101,77.6,No symptoms reported. Vitals are within expected range.,0
PAT-00173,2024-01-02 09:05:51,94.0,66,36.9,111/83,164,77.6,"Observes severe blurred vision, dry mouth, frequent urination. immediate attention may be needed.",0
PAT-00173,2024-01-03 08:49:08,95.6,107,37.4,113/80,112,77.6,"Today, patient states anxiety.",1
PAT-00173,2024-01-04 08:52:59,94.6,65,38.2,145/93,110,77.6,"This morning, chills, headache.",1
PAT-00173,2024-01-05 10:36:10,95.3,69,36.7,112/77,85,77.6,Vitals remain within acceptable limits. No issues noted.,0
PAT-00173,2024-01-06 08:00:55,95.3,88,36.7,143/88,118,77.6,Patient denies any symptoms or discomfort.,0
PAT-00173,2024-01-07 09:33:13,97.8,61,37.3,123/78,121,77.6,Vitals remain within acceptable limits. No issues noted.,0
PAT-00173,2024-01-08 10:59:07,98.2,56,36.7,124/75,76,77.6,Vitals remain within acceptable limits. No issues noted.,0
PAT-00173,2024-01-09 09:42:26,98.2,91,37.6,142/92,115,77.6,Patient notes that night sweats.,0
PAT-00173,2024-01-10 09:50:15,96.4,83,37.1,120/79,132,77.6,Patient notes that blurred vision.,0
PAT-00173,2024-01-11 10:42:56,98.4,104,36.9,145/95,104,77.6,Patient describes restlessness.,1
PAT-00173,2024-01-12 08:21:44,95.1,86,36.9,127/72,100,77.6,No significant complaints today.,0
PAT-00173,2024-01-13 10:28:09,95.3,66,37.9,140/92,116,77.6,Patient notes that night sweats.,0
PAT-00173,2024-01-14 10:09:02,94.7,76,35.9,110/74,79,77.6,Patient describes mild coldness.,0
PAT-00173,2024-01-15 08:23:03,92.8,85,36.5,124/79,118,77.6,No symptoms reported. Vitals are within expected range.,0
PAT-00173,2024-01-16 09:24:00,96.6,106,35.5,113/83,124,77.6,"Reports anxiety, mild coldness.",0
PAT-00173,2024-01-17 09:40:24,96.3,73,37.1,162/107,90,77.6,Patient describes headaches.,1
PAT-00173,2024-01-18 09:42:41,95.8,101,38.0,111/71,71,77.6,"Patient describes restlessness, muscle aches, severe discomfort. worsening symptoms present.",1
PAT-00173,2024-01-19 10:37:08,95.7,94,35.8,150/92,127,77.6,"Patient describes lowered energy, frequent urination.",0
PAT-00173,2024-01-20 09:19:38,98.8,99,37.6,179/107,80,77.6,"Patient notes that night sweats, vision issues.",1
PAT-00173,2024-01-21 10:52:32,100.0,91,37.4,117/82,76,77.6,Vitals remain within acceptable limits. No issues noted.,0
PAT-00173,2024-01-22 09:31:08,96.5,95,37.3,169/111,80,77.6,Reports vision issues.,1
PAT-00173,2024-01-23 10:46:14,94.1,67,36.0,141/86,95,77.6,Patient is feeling well with all parameters stable.,0
PAT-00173,2024-01-24 09:17:41,96.5,110,36.4,129/83,82,77.6,"Today, patient states anxiety.",0
PAT-00173,2024-01-25 08:49:02,96.6,50,37.1,138/90,106,77.6,Patient describes slow pulse.,1
PAT-00173,2024-01-26 10:35:55,94.2,84,37.0,127/83,85,77.6,No significant complaints today.,0
PAT-00173,2024-01-27 08:19:00,98.0,60,36.8,128/82,73,77.6,No symptoms reported. Vitals are within expected range.,0
PAT-00173,2024-01-28 10:37:32,96.5,57,36.7,116/72,85,77.6,Patient denies any symptoms or discomfort.,0
PAT-00173,2024-01-29 10:07:56,93.2,56,36.9,123/73,107,77.6,Patient is feeling well with all parameters stable.,0
PAT-00173,2024-01-30 10:34:18,92.9,102,38.7,129/73,121,77.6,"Patient notes that palpitations, severe discomfort, fever. immediate attention may be needed.",0
PAT-00174,2024-01-01 09:16:20,94.7,68,36.1,123/82,74,76.1,Vitals remain within acceptable limits. No issues noted.,0
PAT-00174,2024-01-02 08:07:09,97.2,101,35.9,117/83,132,76.1,"Indicates palpitations, lowered energy, dry mouth.",0
PAT-00174,2024-01-03 08:50:48,99.2,108,36.5,141/92,95,76.1,Notes anxiety.,0
PAT-00174,2024-01-04 09:02:35,99.9,61,37.4,130/84,73,76.1,Patient is feeling well with all parameters stable.,0
PAT-00174,2024-01-05 10:14:05,97.1,84,35.9,170/115,73,76.1,"Notes lowered energy, chest tightness.",1
PAT-00174,2024-01-06 08:16:53,96.2,98,38.8,144/86,152,76.1,"Notes muscle aches, fever, severe blurred vision, dry mouth, frequent urination. immediate attention may be needed.",0
PAT-00174,2024-01-07 08:23:11,96.2,73,37.2,168/109,81,76.1,"This morning, vision issues.",1
PAT-00174,2024-01-08 09:47:38,94.3,99,37.1,121/78,102,76.1,Patient is feeling well with all parameters stable.,0
PAT-00174,2024-01-09 10:52:29,99.6,77,36.8,111/78,89,76.1,Vitals remain within acceptable limits. No issues noted.,0
PAT-00174,2024-01-10 08:01:38,96.1,66,37.3,127/76,84,76.1,Patient denies any symptoms or discomfort.,0
PAT-00174,2024-01-11 09:59:20,94.2,83,37.2,115/79,98,76.1,Vitals remain within acceptable limits. No issues noted.,0
PAT-00174,2024-01-12 10:26:00,95.3,105,36.8,169/103,109,76.1,"Notes restlessness, headaches.",0
PAT-00174,2024-01-13 08:27:44,94.7,93,36.7,116/81,76,76.1,Patient is feeling well with all parameters stable.,0
PAT-00174,2024-01-14 09:22:21,98.2,56,38.0,132/93,106,76.1,"This morning, chills, headache.",0
PAT-00174,2024-01-15 08:34:16,97.3,90,36.9,163/111,81,76.1,Patient describes chest tightness.,0
PAT-00174,2024-01-16 09:17:59,94.4,94,36.5,150/90,124,76.1,Vitals remain within acceptable limits. No issues noted.,0
PAT-00174,2024-01-17 09:00:23,96.9,56,37.3,127/71,86,76.1,Patient denies any symptoms or discomfort.,0
PAT-00174,2024-01-18 08:44:00,97.3,57,37.3,115/85,130,76.1,Observes blurred vision.,0
PAT-00174,2024-01-19 09:02:44,94.2,95,37.3,149/88,157,76.1,"Reports severe blurred vision, dry mouth, frequent urination. worsening symptoms present.",1
PAT-00174,2024-01-20 08:09:26,97.1,75,38.2,115/84,77,76.1,"Observes chills, severe discomfort. immediate attention may be needed.",0
PAT-00174,2024-01-21 09:58:46,97.2,73,37.3,124/79,113,76.1,Patient denies any symptoms or discomfort.,0
PAT-00174,2024-01-22 10:55:07,95.3,78,37.6,150/89,124,76.1,Indicates night sweats.,0
PAT-00174,2024-01-23 09:48:18,95.1,78,36.0,181/104,88,76.1,"Notes chest pain, severe headache. immediate attention may be needed.",0
PAT-00174,2024-01-24 10:12:50,93.6,62,35.6,116/83,157,76.1,"Indicates lowered energy, severe blurred vision, dry mouth, frequent urination. immediate attention may be needed.",0
PAT-00174,2024-01-25 10:48:56,95.3,72,37.1,143/93,108,76.1,No significant complaints today.,0
PAT-00174,2024-01-26 08:25:41,97.6,103,37.6,124/76,174,76.1,"Today, patient states palpitations, mild fever, severe blurred vision, dry mouth, frequent urination. immediate attention may be needed.",0
PAT-00174,2024-01-27 08:57:45,94.5,96,36.5,113/85,84,76.1,No significant complaints today.,0
PAT-00174,2024-01-28 08:19:02,96.0,53,36.0,127/77,76,76.1,Reports lightheadedness.,0
PAT-00174,2024-01-29 10:56:46,97.0,63,36.2,176/100,73,76.1,Observes headaches.,0
PAT-00174,2024-01-30 08:10:15,93.4,73,36.4,114/71,133,76.1,"Today, patient states frequent urination.",0
PAT-00175,2024-01-01 10:47:58,99.4,109,37.2,150/90,76,98.9,Reports palpitations.,0
PAT-00175,2024-01-02 10:57:15,95.3,59,35.7,125/73,81,98.9,"Today, patient states lowered energy.",0
PAT-00175,2024-01-03 08:55:20,97.4,59,36.7,132/85,121,98.9,Vitals remain within acceptable limits. No issues noted.,0
PAT-00175,2024-01-04 08:32:26,96.6,87,37.1,115/77,92,98.9,No significant complaints today.,0
PAT-00175,2024-01-05 08:18:25,94.5,50,37.9,114/83,167,98.9,"Notes lightheadedness, mild fever, severe blurred vision, dry mouth, frequent urination. worsening symptoms present.",1
PAT-00175,2024-01-06 09:35:40,93.0,79,36.8,114/74,99,98.9,No symptoms reported. Vitals are within expected range.,0
PAT-00175,2024-01-07 10:50:35,93.8,52,38.9,187/113,120,98.9,"Patient describes lightheadedness, chills, muscle aches, chest pain, severe headache. worsening symptoms present.",0
PAT-00175,2024-01-08 08:04:03,95.4,76,38.2,119/71,102,98.9,"Indicates muscle aches, headache.",1
PAT-00175,2024-01-09 08:25:08,94.7,109,38.3,126/72,128,98.9,"Patient notes that anxiety, severe discomfort, headache, frequent urination. immediate attention may be needed.",1
PAT-00175,2024-01-10 09:33:25,95.4,73,36.6,189/111,129,98.9,"Today, patient states chest pain, severe headache, frequent urination. immediate attention may be needed.",1
PAT-00175,2024-01-11 08:48:25,100.0,77,37.3,115/73,144,98.9,Indicates blurred vision.,0
PAT-00175,2024-01-12 09:12:03,94.5,76,36.5,144/86,99,98.9,Patient is feeling well with all parameters stable.,0
PAT-00175,2024-01-13 10:01:12,99.6,79,35.9,130/94,135,98.9,"Patient notes that mild coldness, blurred vision.",0
PAT-00175,2024-01-14 10:42:25,97.3,95,35.6,172/101,85,98.9,"This morning, mild coldness, vision issues.",0
PAT-00175,2024-01-15 09:31:18,95.0,106,37.0,186/110,98,98.9,"Indicates anxiety, chest pain, severe headache. worsening symptoms present.",0
PAT-00175,2024-01-16 10:34:53,93.5,106,35.8,129/75,72,98.9,"Indicates palpitations, mild coldness.",0
PAT-00175,2024-01-17 08:56:21,96.3,52,37.7,114/76,105,98.9,"Indicates lightheadedness, body aches.",1
PAT-00175,2024-01-18 08:49:20,94.9,68,38.5,111/73,79,98.9,"Notes severe discomfort, chills. immediate attention may be needed.",0
PAT-00175,2024-01-19 09:18:15,93.8,110,36.9,132/93,87,98.9,Notes restlessness.,1
PAT-00175,2024-01-20 09:29:34,93.0,91,37.7,111/85,96,98.9,"This morning, body aches.",0
PAT-00175,2024-01-21 09:48:27,93.8,66,37.7,122/83,89,98.9,"Today, patient states body aches.",0
PAT-00175,2024-01-22 09:23:40,97.3,80,37.3,121/70,78,98.9,Patient denies any symptoms or discomfort.,0
PAT-00175,2024-01-23 08:34:31,98.5,71,36.6,111/70,97,98.9,Vitals remain within acceptable limits. No issues noted.,0
PAT-00175,2024-01-24 08:39:37,100.0,91,37.3,116/73,84,98.9,No symptoms reported. Vitals are within expected range.,0
PAT-00175,2024-01-25 10:56:04,93.6,53,36.5,121/70,109,98.9,"Today, patient states lightheadedness.",0
PAT-00175,2024-01-26 09:43:26,99.8,78,36.7,143/89,127,98.9,Patient describes blurred vision.,0
PAT-00175,2024-01-27 09:01:05,98.4,88,36.6,129/76,139,98.9,"This morning, dry mouth.",0
PAT-00175,2024-01-28 09:10:11,91.0,85,35.6,122/71,91,98.9,"Reports low energy, mild coldness.",0
PAT-00175,2024-01-29 10:17:08,95.1,84,36.9,122/82,107,98.9,No symptoms reported. Vitals are within expected range.,0
PAT-00175,2024-01-30 09:06:18,94.2,61,36.9,127/74,138,98.9,Patient describes blurred vision.,0
PAT-00176,2024-01-01 08:44:28,97.9,63,37.2,129/79,146,79.3,Notes dry mouth.,0
PAT-00176,2024-01-02 08:38:42,99.9,80,37.5,178/111,70,79.3,"Patient describes body aches, chest tightness.",0
PAT-00176,2024-01-03 09:26:49,94.8,74,36.6,117/81,75,79.3,Patient is feeling well with all parameters stable.,0
PAT-00176,2024-01-04 09:38:23,99.2,62,36.5,125/83,107,79.3,Patient is feeling well with all parameters stable.,0
PAT-00176,2024-01-05 09:07:15,96.3,80,35.6,110/74,92,79.3,Observes mild coldness.,0
PAT-00176,2024-01-06 08:03:25,95.9,103,36.0,120/83,70,79.3,Notes palpitations.,0
PAT-00176,2024-01-07 08:23:56,97.1,57,38.7,124/84,79,79.3,"Patient describes fever, muscle aches.",1
PAT-00176,2024-01-08 08:31:21,96.2,66,37.3,114/74,92,79.3,Patient denies any symptoms or discomfort.,0
PAT-00176,2024-01-09 10:54:53,94.5,75,37.4,121/75,82,79.3,No significant complaints today.,0
PAT-00176,2024-01-10 10:29:58,100.0,106,36.7,129/73,82,79.3,"Today, patient states anxiety.",0
PAT-00176,2024-01-11 08:20:55,97.7,93,36.2,112/72,78,79.3,No significant complaints today.,0
PAT-00176,2024-01-12 08:10:18,95.5,106,38.7,119/81,109,79.3,"Reports restlessness, headache, chills.",1
PAT-00176,2024-01-13 08:28:04,97.8,105,37.8,118/72,88,79.3,"Observes palpitations, body aches.",1
PAT-00176,2024-01-14 09:19:57,96.0,90,36.9,140/95,101,79.3,Vitals remain within acceptable limits. No issues noted.,0
PAT-00176,2024-01-15 10:52:00,94.6,66,35.8,138/85,103,79.3,Indicates mild coldness.,0
PAT-00176,2024-01-16 08:29:01,97.5,72,37.1,113/76,167,79.3,"Patient describes severe blurred vision, dry mouth, frequent urination. immediate attention may be needed.",0
PAT-00176,2024-01-17 10:08:28,98.2,66,38.2,127/77,97,79.3,"Indicates fever, severe discomfort. immediate attention may be needed.",0
PAT-00176,2024-01-18 08:20:30,92.7,78,37.3,122/81,96,79.3,No significant complaints today.,0
PAT-00176,2024-01-19 08:01:04,98.2,59,36.4,112/80,79,79.3,Vitals remain within acceptable limits. No issues noted.,0
PAT-00176,2024-01-20 10:03:45,96.0,104,36.1,147/87,109,79.3,Reports palpitations.,0
PAT-00176,2024-01-21 09:13:17,95.8,52,37.2,169/102,179,79.3,"Indicates lightheadedness, headaches, severe blurred vision, dry mouth, frequent urination. immediate attention may be needed.",1
PAT-00176,2024-01-22 09:42:25,95.7,90,37.0,143/87,78,79.3,Patient is feeling well with all parameters stable.,0
PAT-00176,2024-01-23 08:53:03,95.5,80,35.9,173/109,74,79.3,"Observes mild coldness, chest tightness.",0
PAT-00176,2024-01-24 09:25:03,96.3,67,36.2,146/94,177,79.3,"Patient notes that severe blurred vision, dry mouth, frequent urination. immediate attention may be needed.",1
PAT-00176,2024-01-25 10:21:39,96.7,94,36.9,117/78,122,79.3,Vitals remain within acceptable limits. No issues noted.,0
PAT-00176,2024-01-26 09:09:04,97.2,105,35.9,119/83,108,79.3,"Today, patient states restlessness, mild coldness.",1
PAT-00176,2024-01-27 09:48:55,99.2,98,37.5,128/80,100,79.3,Patient describes night sweats.,0
PAT-00176,2024-01-28 10:52:18,97.0,93,35.6,113/76,156,79.3,"Today, patient states mild coldness, severe blurred vision, dry mouth, frequent urination. worsening symptoms present.",0
PAT-00176,2024-01-29 09:41:27,100.0,83,35.5,188/107,90,79.3,"Patient describes mild coldness, chest pain, severe headache. worsening symptoms present.",0
PAT-00176,2024-01-30 10:38:54,98.3,60,36.0,161/120,85,79.3,Observes vision issues.,0
PAT-00177,2024-01-01 10:47:20,95.0,104,37.4,122/71,73,71.3,"Today, patient states anxiety.",0
PAT-00177,2024-01-02 09:06:44,98.2,81,36.8,140/95,97,71.3,No significant complaints today.,0
PAT-00177,2024-01-03 09:19:53,95.1,75,36.6,137/88,78,71.3,No significant complaints today.,0
PAT-00177,2024-01-04 10:53:41,96.2,109,36.6,125/77,113,71.3,Indicates anxiety.,0
PAT-00177,2024-01-05 10:27:32,100.0,84,36.0,171/104,96,71.3,"Today, patient states headaches.",0
PAT-00177,2024-01-06 10:30:51,99.5,100,37.4,111/78,100,71.3,Vitals remain within acceptable limits. No issues noted.,0
PAT-00177,2024-01-07 08:05:58,95.9,83,35.9,113/80,89,71.3,Indicates lowered energy.,0
PAT-00177,2024-01-08 08:47:39,90.0,101,36.6,135/94,70,71.3,"Patient notes that dizziness, anxiety.",0
PAT-00177,2024-01-09 09:30:58,94.2,78,37.1,114/72,86,71.3,Vitals remain within acceptable limits. No issues noted.,0
PAT-00177,2024-01-10 10:09:24,94.3,56,36.9,176/101,112,71.3,"This morning, chest tightness.",1
PAT-00177,2024-01-11 09:40:06,99.5,62,36.0,129/81,97,71.3,No symptoms reported. Vitals are within expected range.,0
PAT-00177,2024-01-12 10:46:46,98.6,89,36.5,130/82,105,71.3,Patient denies any symptoms or discomfort.,0
PAT-00177,2024-01-13 10:57:57,98.7,79,36.5,110/71,82,71.3,No symptoms reported. Vitals are within expected range.,0
PAT-00177,2024-01-14 08:09:42,92.5,86,35.5,113/84,99,71.3,"This morning, lowered energy.",0
PAT-00177,2024-01-15 08:49:52,96.0,52,36.4,136/88,131,71.3,"Observes lightheadedness, dry mouth.",0
PAT-00177,2024-01-16 08:22:00,95.4,96,36.0,176/111,124,71.3,Reports headaches.,0
PAT-00177,2024-01-17 10:29:44,94.0,51,37.3,118/72,76,71.3,"This morning, fatigue.",1
PAT-00177,2024-01-18 10:31:12,94.2,64,36.7,116/80,90,71.3,Patient is feeling well with all parameters stable.,0
PAT-00177,2024-01-19 10:31:55,98.9,68,36.9,115/73,121,71.3,Patient is feeling well with all parameters stable.,0
PAT-00177,2024-01-20 08:38:16,93.6,95,37.0,111/84,89,71.3,Vitals remain within acceptable limits. No issues noted.,0
PAT-00177,2024-01-21 09:07:23,96.9,80,37.6,126/84,72,71.3,Notes body aches.,0
PAT-00177,2024-01-22 08:55:42,95.4,100,36.0,148/87,91,71.3,Patient is feeling well with all parameters stable.,0
PAT-00177,2024-01-23 10:51:58,96.1,60,37.2,128/81,81,71.3,Vitals remain within acceptable limits. No issues noted.,0
PAT-00177,2024-01-24 10:51:45,97.1,79,37.2,137/91,109,71.3,Vitals remain within acceptable limits. No issues noted.,0
PAT-00177,2024-01-25 08:29:37,97.0,101,36.1,174/104,107,71.3,"Reports anxiety, vision issues.",0
PAT-00177,2024-01-26 10:50:57,96.3,62,37.1,134/94,135,71.3,"Today, patient states blurred vision.",0
PAT-00177,2024-01-27 08:42:56,98.5,80,36.2,112/77,120,71.3,No symptoms reported. Vitals are within expected range.,0
PAT-00177,2024-01-28 08:01:30,95.2,55,37.2,116/81,124,71.3,Patient is feeling well with all parameters stable.,0
PAT-00177,2024-01-29 09:25:36,97.5,68,37.1,190/116,124,71.3,"Notes chest pain, severe headache. worsening symptoms present.",1
PAT-00177,2024-01-30 08:10:13,95.9,64,37.4,114/75,77,71.3,No symptoms reported. Vitals are within expected range.,0
PAT-00178,2024-01-01 10:30:50,97.4,67,38.3,126/80,98,65.0,"Notes headache, fever.",0
PAT-00178,2024-01-02 08:15:30,95.6,60,36.7,126/81,87,65.0,Patient denies any symptoms or discomfort.,0
PAT-00178,2024-01-03 08:30:39,93.2,65,38.1,113/77,73,65.0,"This morning, headache, chills.",0
PAT-00178,2024-01-04 08:33:00,99.1,79,36.6,129/76,84,65.0,No significant complaints today.,0
PAT-00178,2024-01-05 08:39:14,96.9,51,37.7,124/79,78,65.0,"Today, patient states slow pulse, body aches.",0
PAT-00178,2024-01-06 08:28:40,98.3,68,36.5,130/84,98,65.0,Patient denies any symptoms or discomfort.,0
PAT-00178,2024-01-07 08:06:14,95.5,96,38.9,124/71,91,65.0,"Observes muscle aches, severe discomfort. immediate attention may be needed.",0
PAT-00178,2024-01-08 09:20:19,95.3,60,37.1,124/85,126,65.0,Patient notes that blurred vision.,0
PAT-00178,2024-01-09 09:20:41,96.1,90,37.1,176/116,104,65.0,Notes chest tightness.,0
PAT-00178,2024-01-10 08:42:07,95.9,84,36.7,146/85,121,65.0,Patient denies any symptoms or discomfort.,0
PAT-00178,2024-01-11 10:47:14,100.0,76,38.0,140/85,125,65.0,"Indicates chills, muscle aches.",1
PAT-00178,2024-01-12 10:48:10,100.0,100,36.6,126/85,93,65.0,Patient is feeling well with all parameters stable.,0
PAT-00178,2024-01-13 09:04:23,96.1,56,38.8,139/86,110,65.0,"Patient describes chills, severe discomfort. immediate attention may be needed.",0
PAT-00178,2024-01-14 08:24:26,98.6,103,36.6,145/85,90,65.0,Observes anxiety.,1
PAT-00178,2024-01-15 08:05:06,96.3,78,37.7,112/83,92,65.0,Reports mild fever.,0
PAT-00178,2024-01-16 10:21:21,95.7,97,36.8,110/77,85,65.0,No symptoms reported. Vitals are within expected range.,0
PAT-00178,2024-01-17 08:16:43,95.0,61,37.2,117/85,157,65.0,"Reports severe blurred vision, dry mouth, frequent urination. worsening symptoms present.",0
PAT-00178,2024-01-18 08:49:13,95.7,57,36.8,128/76,100,65.0,No symptoms reported. Vitals are within expected range.,0
PAT-00178,2024-01-19 10:37:08,97.4,88,38.8,161/100,79,65.0,"Indicates muscle aches, chills, chest tightness.",0
PAT-00178,2024-01-20 08:25:11,96.2,98,37.2,124/79,104,65.0,Vitals remain within acceptable limits. No issues noted.,0
PAT-00178,2024-01-21 10:17:59,94.1,75,38.3,137/87,81,65.0,"Observes muscle aches, fever.",0
PAT-00178,2024-01-22 08:36:42,96.4,79,38.2,110/80,122,65.0,"Indicates chills, headache.",0
PAT-00178,2024-01-23 08:08:01,93.8,86,37.3,124/75,99,65.0,Patient denies any symptoms or discomfort.,0
PAT-00178,2024-01-24 09:30:35,95.4,60,37.1,149/85,97,65.0,No significant complaints today.,0
PAT-00178,2024-01-25 10:44:20,96.0,60,37.4,127/73,162,65.0,"Observes severe blurred vision, dry mouth, frequent urination. worsening symptoms present.",1
PAT-00178,2024-01-26 10:16:17,93.5,100,38.7,143/90,92,65.0,"Indicates headache, fever.",1
PAT-00178,2024-01-27 08:02:20,100.0,68,37.6,161/120,149,65.0,"Patient notes that mild fever, headaches, frequent urination.",1
PAT-00178,2024-01-28 09:00:36,95.2,85,36.2,115/71,103,65.0,Vitals remain within acceptable limits. No issues noted.,0
PAT-00178,2024-01-29 09:38:47,95.2,59,36.6,181/107,71,65.0,"Patient describes chest pain, severe headache. immediate attention may be needed.",1
PAT-00178,2024-01-30 09:55:40,100.0,62,37.0,139/85,81,65.0,Vitals remain within acceptable limits. No issues noted.,0
PAT-00179,2024-01-01 10:30:01,93.9,78,36.3,112/78,95,81.2,Vitals remain within acceptable limits. No issues noted.,0
PAT-00179,2024-01-02 09:19:33,93.1,98,35.6,110/71,70,81.2,Notes mild coldness.,0
PAT-00179,2024-01-03 09:45:26,95.5,68,36.4,187/111,108,81.2,"Indicates chest pain, severe headache. immediate attention may be needed.",1
PAT-00179,2024-01-04 08:18:46,95.8,90,36.2,127/84,81,81.2,No significant complaints today.,0
PAT-00179,2024-01-05 09:01:18,96.7,88,37.0,127/74,97,81.2,Vitals remain within acceptable limits. No issues noted.,0
PAT-00179,2024-01-06 09:08:20,99.0,104,36.7,123/71,102,81.2,Patient describes palpitations.,1
PAT-00179,2024-01-07 10:21:47,99.8,62,35.9,112/73,105,81.2,Observes mild coldness.,0
PAT-00179,2024-01-08 10:42:23,95.9,61,36.5,127/73,81,81.2,Patient denies any symptoms or discomfort.,0
PAT-00179,2024-01-09 08:19:15,93.5,63,36.7,120/70,154,81.2,"Reports severe blurred vision, dry mouth, frequent urination. worsening symptoms present.",0
PAT-00179,2024-01-10 09:04:40,96.3,103,37.1,181/108,85,81.2,"Observes restlessness, chest pain, severe headache. worsening symptoms present.",0
PAT-00179,2024-01-11 08:40:02,96.0,97,36.2,115/77,133,81.2,Indicates frequent urination.,0
PAT-00179,2024-01-12 08:10:23,94.6,99,37.2,122/73,152,81.2,"Notes severe blurred vision, dry mouth, frequent urination. worsening symptoms present.",0
PAT-00179,2024-01-13 09:24:37,95.2,103,37.1,119/81,94,81.2,"This morning, anxiety.",1
PAT-00179,2024-01-14 09:05:42,95.1,58,38.6,137/87,86,81.2,"Today, patient states fever, severe discomfort. worsening symptoms present.",0
PAT-00179,2024-01-15 10:08:17,95.7,98,38.3,145/94,122,81.2,"Patient notes that chills, headache.",1
PAT-00179,2024-01-16 08:45:54,93.8,68,37.2,119/79,70,81.2,Patient denies any symptoms or discomfort.,0
PAT-00179,2024-01-17 10:19:24,95.5,100,37.0,127/78,98,81.2,Patient is feeling well with all parameters stable.,0
PAT-00179,2024-01-18 10:09:41,92.9,83,36.8,119/85,87,81.2,Vitals remain within acceptable limits. No issues noted.,0
PAT-00179,2024-01-19 08:30:25,96.6,81,36.7,180/115,83,81.2,Indicates headaches.,1
PAT-00179,2024-01-20 09:33:02,93.9,55,38.1,137/89,97,81.2,"Reports chills, muscle aches.",0
PAT-00179,2024-01-21 10:29:07,96.9,103,36.7,114/84,79,81.2,Observes restlessness.,0
PAT-00179,2024-01-22 09:27:44,99.3,102,35.9,111/72,88,81.2,"Patient notes that palpitations, mild coldness.",0
PAT-00179,2024-01-23 09:08:21,94.6,108,36.6,181/120,89,81.2,"Reports palpitations, chest pain, severe headache. immediate attention may be needed.",1
PAT-00179,2024-01-24 10:31:54,95.9,50,36.8,126/81,83,81.2,Patient notes that fatigue.,1
PAT-00179,2024-01-25 08:40:23,95.3,110,37.0,123/76,95,81.2,Observes anxiety.,0
PAT-00179,2024-01-26 10:19:54,97.0,54,37.1,124/85,85,81.2,Notes lightheadedness.,0
PAT-00179,2024-01-27 09:54:54,99.0,74,38.0,131/87,111,81.2,"Patient notes that fever, severe discomfort. immediate attention may be needed.",0
PAT-00179,2024-01-28 09:16:39,97.7,69,36.9,111/80,114,81.2,Patient is feeling well with all parameters stable.,0
PAT-00179,2024-01-29 09:24:40,95.3,96,36.2,145/89,99,81.2,Patient denies any symptoms or discomfort.,0
PAT-00179,2024-01-30 09:22:21,97.1,100,36.5,130/85,82,81.2,Patient is feeling well with all parameters stable.,0
PAT-00180,2024-01-01 08:52:21,95.3,82,36.1,138/87,70,83.7,No symptoms reported. Vitals are within expected range.,0
PAT-00180,2024-01-02 10:57:21,92.1,90,38.7,166/100,91,83.7,"Indicates headache, chills, headaches.",1
PAT-00180,2024-01-03 10:45:44,94.1,84,36.6,164/115,82,83.7,Patient notes that vision issues.,1
PAT-00180,2024-01-04 10:31:03,91.2,58,36.0,128/78,96,83.7,Observes shortness of breath.,1
PAT-00180,2024-01-05 08:15:26,94.3,103,36.9,129/70,95,83.7,"This morning, anxiety.",0
PAT-00180,2024-01-06 09:43:56,97.5,69,36.4,118/75,120,83.7,Patient is feeling well with all parameters stable.,0
PAT-00180,2024-01-07 10:23:02,97.0,61,36.5,125/82,95,83.7,Vitals remain within acceptable limits. No issues noted.,0
PAT-00180,2024-01-08 09:14:30,96.6,57,38.1,124/78,74,83.7,"Reports muscle aches, headache.",1
PAT-00180,2024-01-09 09:36:04,97.5,108,36.4,113/82,76,83.7,Observes anxiety.,1
PAT-00180,2024-01-10 08:54:53,93.2,105,35.8,135/90,89,83.7,"Patient describes palpitations, lowered energy.",1
PAT-00180,2024-01-11 10:04:22,95.3,73,36.7,129/85,86,83.7,Vitals remain within acceptable limits. No issues noted.,0
PAT-00180,2024-01-12 10:32:09,97.2,53,37.3,111/85,91,83.7,Patient describes lightheadedness.,1
PAT-00180,2024-01-13 08:13:48,97.5,54,37.6,128/70,74,83.7,"Notes lightheadedness, night sweats.",1
PAT-00180,2024-01-14 09:36:55,94.1,95,35.7,118/79,73,83.7,Reports mild coldness.,0
PAT-00180,2024-01-15 10:36:40,98.8,101,36.0,129/73,73,83.7,"This morning, anxiety.",1
PAT-00180,2024-01-16 09:26:57,95.0,54,36.8,111/77,72,83.7,"This morning, lightheadedness.",1
PAT-00180,2024-01-17 10:57:06,91.8,98,38.0,143/90,88,83.7,"This morning, dizziness, fever, severe discomfort. immediate attention may be needed.",1
PAT-00180,2024-01-18 08:52:14,98.2,78,37.2,131/90,89,83.7,Vitals remain within acceptable limits. No issues noted.,0
PAT-00180,2024-01-19 10:27:41,96.0,78,37.7,138/87,76,83.7,Notes body aches.,0
PAT-00180,2024-01-20 10:43:13,98.0,83,36.0,125/81,121,83.7,Patient is feeling well with all parameters stable.,0
PAT-00180,2024-01-21 10:32:19,97.5,56,36.5,137/92,172,83.7,"Indicates severe blurred vision, dry mouth, frequent urination. immediate attention may be needed.",0
PAT-00180,2024-01-22 10:35:40,96.7,100,36.5,111/77,100,83.7,Vitals remain within acceptable limits. No issues noted.,0
PAT-00180,2024-01-23 09:50:08,97.8,60,35.6,185/102,84,83.7,"Reports mild coldness, chest pain, severe headache. immediate attention may be needed.",0
PAT-00180,2024-01-24 09:02:53,99.3,100,37.3,141/88,105,83.7,Vitals remain within acceptable limits. No issues noted.,0
PAT-00180,2024-01-25 10:38:09,94.0,54,36.6,130/79,121,83.7,"Today, patient states slow pulse.",1
PAT-00180,2024-01-26 08:25:35,94.0,104,36.4,125/77,123,83.7,Notes anxiety.,1
PAT-00180,2024-01-27 08:51:10,95.2,58,36.9,123/84,75,83.7,Vitals remain within acceptable limits. No issues noted.,0
PAT-00180,2024-01-28 09:31:50,95.0,77,35.9,122/72,71,83.7,Patient describes lowered energy.,0
PAT-00180,2024-01-29 10:55:54,98.8,85,35.7,115/82,97,83.7,Patient notes that lowered energy.,0
PAT-00180,2024-01-30 10:18:06,95.3,83,38.7,170/115,140,83.7,"Notes fever, severe discomfort, chest tightness, blurred vision. immediate attention may be needed.",1
PAT-00181,2024-01-01 08:45:57,97.3,60,38.9,124/73,88,73.0,"Notes fever, chills.",0
PAT-00181,2024-01-02 10:15:29,94.9,50,37.0,135/91,81,73.0,Reports fatigue.,1
PAT-00181,2024-01-03 09:14:51,99.2,101,37.8,120/70,72,73.0,"Patient notes that anxiety, mild fever.",0
PAT-00181,2024-01-04 08:42:05,96.5,60,38.4,113/80,158,73.0,"Observes muscle aches, severe discomfort, severe blurred vision, dry mouth, frequent urination. immediate attention may be needed.",0
PAT-00181,2024-01-05 08:56:05,94.4,97,37.4,145/85,122,73.0,No symptoms reported. Vitals are within expected range.,0
PAT-00181,2024-01-06 10:44:29,94.5,68,37.1,178/106,102,73.0,Patient notes that headaches.,0
PAT-00181,2024-01-07 08:51:31,95.1,67,37.1,110/75,73,73.0,Patient is feeling well with all parameters stable.,0
PAT-00181,2024-01-08 09:13:15,97.9,59,37.3,125/71,102,73.0,No symptoms reported. Vitals are within expected range.,0
PAT-00181,2024-01-09 10:56:18,93.7,59,37.3,115/83,75,73.0,Patient denies any symptoms or discomfort.,0
PAT-00181,2024-01-10 10:54:10,96.6,52,36.0,138/85,70,73.0,Reports fatigue.,0
PAT-00181,2024-01-11 09:21:17,93.1,108,36.7,123/82,71,73.0,Patient notes that palpitations.,1
PAT-00181,2024-01-12 09:15:21,96.6,77,36.9,183/101,179,73.0,"Notes chest pain, severe headache, severe blurred vision, dry mouth, frequent urination. worsening symptoms present.",0
PAT-00181,2024-01-13 08:04:53,94.0,58,37.3,130/85,79,73.0,No symptoms reported. Vitals are within expected range.,0
PAT-00181,2024-01-14 08:57:20,96.6,97,36.9,132/86,162,73.0,"Patient notes that severe blurred vision, dry mouth, frequent urination. worsening symptoms present.",0
PAT-00181,2024-01-15 10:26:03,94.6,86,36.7,134/92,82,73.0,No significant complaints today.,0
PAT-00181,2024-01-16 09:31:38,95.4,73,37.2,173/101,97,73.0,Notes headaches.,0
PAT-00181,2024-01-17 09:24:09,98.1,70,37.3,125/81,70,73.0,Patient is feeling well with all parameters stable.,0
PAT-00181,2024-01-18 08:19:25,97.6,87,35.5,138/85,150,73.0,"Observes lowered energy, severe blurred vision, dry mouth, frequent urination. worsening symptoms present.",1
PAT-00181,2024-01-19 10:48:31,91.8,55,37.2,118/73,123,73.0,"This morning, low energy.",1
PAT-00181,2024-01-20 09:06:50,96.3,51,38.3,139/93,161,73.0,"Patient notes that lightheadedness, headache, fever, severe blurred vision, dry mouth, frequent urination. worsening symptoms present.",0
PAT-00181,2024-01-21 08:04:36,95.4,105,36.7,181/110,81,73.0,"Patient describes restlessness, chest pain, severe headache. worsening symptoms present.",0
PAT-00181,2024-01-22 09:31:47,97.1,107,35.9,142/90,98,73.0,"Notes palpitations, lowered energy.",0
PAT-00181,2024-01-23 08:57:19,94.4,54,38.4,134/94,99,73.0,"Indicates fatigue, chills, headache.",1
PAT-00181,2024-01-24 08:33:34,93.3,91,36.8,141/85,72,73.0,No symptoms reported. Vitals are within expected range.,0
PAT-00181,2024-01-25 08:28:42,94.5,58,35.5,123/75,83,73.0,Indicates lowered energy.,0
PAT-00181,2024-01-26 08:16:04,96.1,73,36.8,128/73,79,73.0,No symptoms reported. Vitals are within expected range.,0
PAT-00181,2024-01-27 09:24:42,99.0,107,36.6,132/92,90,73.0,Patient describes palpitations.,1
PAT-00181,2024-01-28 08:57:16,95.6,67,35.6,123/81,88,73.0,"This morning, lowered energy.",0
PAT-00181,2024-01-29 08:38:47,95.4,60,37.8,124/82,113,73.0,Reports body aches.,0
PAT-00181,2024-01-30 09:16:07,97.5,104,36.7,112/80,71,73.0,Indicates palpitations.,0
PAT-00182,2024-01-01 08:44:53,95.2,104,36.9,141/86,92,70.0,Patient describes anxiety.,0
PAT-00182,2024-01-02 09:58:30,98.1,77,36.6,138/87,86,70.0,No significant complaints today.,0
PAT-00182,2024-01-03 09:29:27,97.2,93,37.1,126/83,115,70.0,No symptoms reported. Vitals are within expected range.,0
PAT-00182,2024-01-04 09:27:31,97.9,94,37.3,112/75,95,70.0,Patient denies any symptoms or discomfort.,0
PAT-00182,2024-01-05 08:19:37,95.6,87,38.0,113/78,76,70.0,"Reports fever, chills.",0
PAT-00182,2024-01-06 09:11:47,100.0,71,36.7,179/115,87,70.0,"Today, patient states chest tightness.",1
PAT-00182,2024-01-07 09:58:17,100.0,91,36.9,146/95,118,70.0,Patient is feeling well with all parameters stable.,0
PAT-00182,2024-01-08 10:49:02,96.8,55,37.2,128/78,125,70.0,Vitals remain within acceptable limits. No issues noted.,0
PAT-00182,2024-01-09 10:56:49,95.4,102,36.7,148/93,97,70.0,Patient describes anxiety.,0
PAT-00182,2024-01-10 10:49:10,94.7,100,36.8,122/74,129,70.0,"Today, patient states frequent urination.",0
PAT-00182,2024-01-11 10:00:55,98.0,107,38.1,177/101,74,70.0,"Observes restlessness, headache, fever, chest tightness.",1
PAT-00182,2024-01-12 08:45:03,94.1,110,36.9,122/77,84,70.0,"Today, patient states palpitations.",1
PAT-00182,2024-01-13 09:39:22,100.0,88,36.0,129/73,80,70.0,Vitals remain within acceptable limits. No issues noted.,0
PAT-00182,2024-01-14 09:57:24,93.8,84,37.7,112/83,122,70.0,"This morning, night sweats.",0
PAT-00182,2024-01-15 09:56:51,98.9,55,38.0,127/82,173,70.0,"Patient describes chills, headache, severe blurred vision, dry mouth, frequent urination. immediate attention may be needed.",0
PAT-00182,2024-01-16 09:15:55,93.1,102,36.8,126/85,138,70.0,"This morning, palpitations, blurred vision.",0
PAT-00182,2024-01-17 09:23:02,94.6,58,37.3,110/82,89,70.0,No symptoms reported. Vitals are within expected range.,0
PAT-00182,2024-01-18 10:28:35,98.9,104,36.7,116/85,132,70.0,"Notes anxiety, blurred vision.",1
PAT-00182,2024-01-19 08:03:40,96.5,50,38.5,123/82,146,70.0,"Today, patient states slow pulse, muscle aches, severe discomfort, blurred vision. worsening symptoms present.",1
PAT-00182,2024-01-20 08:17:27,97.6,61,35.8,117/80,179,70.0,"Patient describes lowered energy, severe blurred vision, dry mouth, frequent urination. worsening symptoms present.",1
PAT-00182,2024-01-21 10:44:54,97.7,90,37.1,130/85,98,70.0,Vitals remain within acceptable limits. No issues noted.,0
PAT-00182,2024-01-22 09:36:55,96.7,60,37.2,117/85,111,70.0,No significant complaints today.,0
PAT-00182,2024-01-23 09:29:56,96.4,79,36.5,111/80,123,70.0,No symptoms reported. Vitals are within expected range.,0
PAT-00182,2024-01-24 09:30:00,93.2,64,36.9,175/120,159,70.0,"Patient describes vision issues, severe blurred vision, dry mouth, frequent urination. immediate attention may be needed.",0
PAT-00182,2024-01-25 09:27:16,93.2,71,35.7,113/76,70,70.0,Patient notes that mild coldness.,0
PAT-00182,2024-01-26 08:57:54,93.4,63,36.6,188/119,160,70.0,"Patient notes that chest pain, severe headache, severe blurred vision, dry mouth, frequent urination. worsening symptoms present.",0
PAT-00182,2024-01-27 09:19:30,95.4,96,35.7,127/70,160,70.0,"This morning, lowered energy, severe blurred vision, dry mouth, frequent urination. immediate attention may be needed.",1
PAT-00182,2024-01-28 08:24:10,98.0,58,38.6,115/80,125,70.0,"This morning, fever, headache.",0
PAT-00182,2024-01-29 08:11:00,96.3,101,36.0,114/81,130,70.0,"Patient describes restlessness, dry mouth.",1
PAT-00182,2024-01-30 09:10:16,97.2,74,36.4,112/72,95,70.0,Patient denies any symptoms or discomfort.,0
PAT-00183,2024-01-01 10:30:43,98.5,55,37.8,130/90,73,79.2,Reports mild fever.,0
PAT-00183,2024-01-02 10:17:05,94.1,76,37.0,130/90,123,79.2,No significant complaints today.,0
PAT-00183,2024-01-03 08:08:01,95.8,90,38.3,125/78,166,79.2,"Patient notes that fever, muscle aches, severe blurred vision, dry mouth, frequent urination. immediate attention may be needed.",0
PAT-00183,2024-01-04 09:37:38,96.5,89,35.8,136/88,95,79.2,Indicates mild coldness.,0
PAT-00183,2024-01-05 10:09:50,92.4,84,37.1,142/93,162,79.2,"Notes severe blurred vision, dry mouth, frequent urination. immediate attention may be needed.",0
PAT-00183,2024-01-06 10:29:53,99.1,79,37.4,166/101,88,79.2,Patient notes that chest tightness.,1
PAT-00183,2024-01-07 08:38:03,94.4,72,36.8,161/111,113,79.2,Observes chest tightness.,1
PAT-00183,2024-01-08 09:05:09,93.7,69,37.1,133/88,85,79.2,Patient denies any symptoms or discomfort.,0
PAT-00183,2024-01-09 09:39:05,97.3,64,37.1,150/90,87,79.2,Patient denies any symptoms or discomfort.,0
PAT-00183,2024-01-10 08:57:27,95.3,102,36.6,128/79,106,79.2,Notes restlessness.,0
PAT-00183,2024-01-11 09:22:43,94.7,53,38.9,132/95,109,79.2,"Patient notes that slow pulse, muscle aches, severe discomfort. worsening symptoms present.",1
PAT-00183,2024-01-12 10:48:07,97.1,55,36.8,111/80,103,79.2,Vitals remain within acceptable limits. No issues noted.,0
PAT-00183,2024-01-13 10:14:50,96.8,80,38.2,113/84,165,79.2,"Observes severe discomfort, headache, severe blurred vision, dry mouth, frequent urination. worsening symptoms present.",1
PAT-00183,2024-01-14 08:43:48,94.5,61,35.8,114/76,70,79.2,"This morning, lowered energy.",0
PAT-00183,2024-01-15 08:15:52,94.6,67,36.9,126/77,103,79.2,No symptoms reported. Vitals are within expected range.,0
PAT-00183,2024-01-16 08:20:01,93.8,109,36.9,114/85,127,79.2,"Patient describes restlessness, blurred vision.",0
PAT-00183,2024-01-17 08:49:53,93.4,58,36.4,143/91,83,79.2,Vitals remain within acceptable limits. No issues noted.,0
PAT-00183,2024-01-18 08:51:31,94.4,60,38.1,114/82,71,79.2,"Patient notes that chills, headache.",0
PAT-00183,2024-01-19 10:38:26,99.1,103,38.1,116/83,116,79.2,"Indicates palpitations, muscle aches, chills.",0
PAT-00183,2024-01-20 08:53:35,95.0,84,37.0,146/87,76,79.2,No symptoms reported. Vitals are within expected range.,0
PAT-00183,2024-01-21 10:29:01,95.2,62,37.4,129/75,79,79.2,Vitals remain within acceptable limits. No issues noted.,0
PAT-00183,2024-01-22 08:40:43,91.9,57,35.7,121/73,86,79.2,"This morning, low energy, lowered energy.",1
PAT-00183,2024-01-23 10:32:42,98.5,80,38.6,130/83,179,79.2,"Indicates chills, headache, severe blurred vision, dry mouth, frequent urination. worsening symptoms present.",1
PAT-00183,2024-01-24 10:11:32,95.2,80,35.6,130/72,153,79.2,"Patient describes lowered energy, severe blurred vision, dry mouth, frequent urination. immediate attention may be needed.",0
PAT-00183,2024-01-25 09:54:50,94.7,58,36.5,126/72,98,79.2,Vitals remain within acceptable limits. No issues noted.,0
PAT-00183,2024-01-26 10:03:19,97.7,95,37.2,121/75,87,79.2,Vitals remain within acceptable limits. No issues noted.,0
PAT-00183,2024-01-27 09:32:59,99.5,50,36.6,143/93,94,79.2,Indicates lightheadedness.,1
PAT-00183,2024-01-28 08:40:18,95.1,63,37.0,129/84,89,79.2,No symptoms reported. Vitals are within expected range.,0
PAT-00183,2024-01-29 08:07:02,100.0,77,36.7,131/93,76,79.2,Patient denies any symptoms or discomfort.,0
PAT-00183,2024-01-30 10:00:39,98.0,107,37.4,121/78,142,79.2,"Patient describes anxiety, dry mouth.",0
PAT-00184,2024-01-01 09:57:34,95.7,67,38.3,116/78,83,76.8,"Indicates muscle aches, headache.",0
PAT-00184,2024-01-02 10:08:24,99.3,91,37.7,115/73,76,76.8,Patient describes mild fever.,0
PAT-00184,2024-01-03 09:47:46,95.9,56,37.3,119/71,80,76.8,No significant complaints today.,0
PAT-00184,2024-01-04 08:40:01,98.2,106,37.1,125/70,96,76.8,"Today, patient states anxiety.",0
PAT-00184,2024-01-05 08:59:41,93.3,84,36.0,120/77,114,76.8,Patient is feeling well with all parameters stable.,0
PAT-00184,2024-01-06 09:47:56,97.1,106,37.2,146/92,70,76.8,Reports restlessness.,1
PAT-00184,2024-01-07 09:31:34,94.5,60,37.0,163/107,90,76.8,Indicates vision issues.,0
PAT-00184,2024-01-08 08:18:52,96.5,65,38.0,113/85,121,76.8,"This morning, muscle aches, headache.",0
PAT-00184,2024-01-09 10:38:17,96.3,90,37.3,138/88,76,76.8,Vitals remain within acceptable limits. No issues noted.,0
PAT-00184,2024-01-10 10:10:28,95.0,97,37.2,131/90,120,76.8,Vitals remain within acceptable limits. No issues noted.,0
PAT-00184,2024-01-11 09:08:02,97.1,76,36.9,119/70,114,76.8,Vitals remain within acceptable limits. No issues noted.,0
PAT-00184,2024-01-12 09:57:00,95.2,84,38.3,133/90,154,76.8,"Observes headache, muscle aches, severe blurred vision, dry mouth, frequent urination. worsening symptoms present.",1
PAT-00184,2024-01-13 08:07:38,95.4,79,37.5,125/80,96,76.8,Patient notes that night sweats.,0
PAT-00184,2024-01-14 09:57:21,93.0,81,37.0,187/109,104,76.8,"Notes chest pain, severe headache. immediate attention may be needed.",0
PAT-00184,2024-01-15 09:25:29,97.1,65,36.8,149/87,118,76.8,Vitals remain within acceptable limits. No issues noted.,0
PAT-00184,2024-01-16 08:08:45,95.2,73,36.1,125/78,101,76.8,No symptoms reported. Vitals are within expected range.,0
PAT-00184,2024-01-17 08:20:49,93.4,98,35.7,113/77,116,76.8,Indicates mild coldness.,0
PAT-00184,2024-01-18 08:35:26,97.6,81,37.0,147/93,139,76.8,"This morning, blurred vision.",0
PAT-00184,2024-01-19 10:42:48,96.9,109,36.0,126/82,104,76.8,Patient notes that palpitations.,0
PAT-00184,2024-01-20 09:27:41,93.1,76,36.2,123/75,88,76.8,Vitals remain within acceptable limits. No issues noted.,0
PAT-00184,2024-01-21 08:03:14,96.1,71,37.2,122/81,157,76.8,"Notes severe blurred vision, dry mouth, frequent urination. worsening symptoms present.",0
PAT-00184,2024-01-22 08:35:58,90.6,69,36.8,166/115,120,76.8,"Notes shortness of breath, vision issues.",0
PAT-00184,2024-01-23 10:10:26,98.7,64,35.8,125/77,90,76.8,Patient describes lowered energy.,0
PAT-00184,2024-01-24 08:03:46,97.3,62,36.6,114/83,113,76.8,Vitals remain within acceptable limits. No issues noted.,0
PAT-00184,2024-01-25 10:52:02,93.7,59,36.7,123/72,79,76.8,Patient denies any symptoms or discomfort.,0
PAT-00184,2024-01-26 08:00:03,96.8,59,37.0,163/113,82,76.8,Patient notes that headaches.,0
PAT-00184,2024-01-27 09:59:46,96.1,67,36.5,111/71,132,76.8,Notes dry mouth.,0
PAT-00184,2024-01-28 08:41:47,95.7,87,36.7,125/79,97,76.8,No symptoms reported. Vitals are within expected range.,0
PAT-00184,2024-01-29 10:20:11,98.6,86,36.6,114/80,91,76.8,Patient is feeling well with all parameters stable.,0
PAT-00184,2024-01-30 08:31:49,99.6,96,37.3,165/103,83,76.8,Patient notes that headaches.,1
PAT-00185,2024-01-01 09:36:56,97.2,93,36.0,111/84,101,69.0,No symptoms reported. Vitals are within expected range.,0
PAT-00185,2024-01-02 08:52:31,95.1,51,37.3,166/108,70,69.0,"Patient notes that slow pulse, chest tightness.",0
PAT-00185,2024-01-03 08:26:17,96.4,65,36.1,114/84,152,69.0,"Notes severe blurred vision, dry mouth, frequent urination. immediate attention may be needed.",1
PAT-00185,2024-01-04 10:41:19,97.3,60,36.5,123/80,74,69.0,No significant complaints today.,0
PAT-00185,2024-01-05 08:54:20,94.0,96,36.7,139/92,98,69.0,No significant complaints today.,0
PAT-00185,2024-01-06 08:05:26,94.9,60,38.0,115/81,92,69.0,"Today, patient states severe discomfort, muscle aches. worsening symptoms present.",0
PAT-00185,2024-01-07 10:34:46,93.5,57,37.2,120/81,89,69.0,No significant complaints today.,0
PAT-00185,2024-01-08 10:59:47,97.2,65,36.6,131/89,93,69.0,No significant complaints today.,0
PAT-00185,2024-01-09 09:10:50,93.6,58,35.5,115/77,101,69.0,Observes mild coldness.,0
PAT-00185,2024-01-10 09:46:14,95.6,90,36.0,117/74,119,69.0,Vitals remain within acceptable limits. No issues noted.,0
PAT-00185,2024-01-11 10:17:18,92.6,80,37.7,119/77,140,69.0,"Notes body aches, blurred vision.",0
PAT-00185,2024-01-12 09:33:27,95.2,90,38.2,145/95,93,69.0,"Notes muscle aches, fever.",1
PAT-00185,2024-01-13 09:29:08,96.6,98,35.5,130/82,172,69.0,"Indicates lowered energy, severe blurred vision, dry mouth, frequent urination. immediate attention may be needed.",1
PAT-00185,2024-01-14 10:51:32,98.6,66,36.6,181/109,73,69.0,"Patient describes chest pain, severe headache. immediate attention may be needed.",0
PAT-00185,2024-01-15 10:57:50,97.6,81,38.1,187/102,127,69.0,"Notes fever, headache, chest pain, severe headache, frequent urination. immediate attention may be needed.",1
PAT-00185,2024-01-16 08:39:32,95.4,52,36.4,128/77,102,69.0,Notes fatigue.,1
PAT-00185,2024-01-17 08:32:08,95.6,73,38.9,171/116,81,69.0,"This morning, severe discomfort, headache, chest tightness. immediate attention may be needed.",0
PAT-00185,2024-01-18 10:04:00,94.1,100,38.1,180/111,85,69.0,"Notes severe discomfort, fever, headaches. immediate attention may be needed.",1
PAT-00185,2024-01-19 10:22:57,97.5,56,35.6,121/73,90,69.0,"Today, patient states mild coldness.",0
PAT-00185,2024-01-20 09:17:03,97.4,82,36.6,124/70,86,69.0,Vitals remain within acceptable limits. No issues noted.,0
PAT-00185,2024-01-21 10:13:04,96.0,90,37.2,117/80,89,69.0,Patient is feeling well with all parameters stable.,0
PAT-00185,2024-01-22 09:59:28,93.5,58,37.0,130/78,180,69.0,"Patient notes that severe blurred vision, dry mouth, frequent urination. worsening symptoms present.",1
PAT-00185,2024-01-23 10:30:13,97.0,82,36.6,113/74,86,69.0,No symptoms reported. Vitals are within expected range.,0
PAT-00185,2024-01-24 10:06:50,97.0,92,37.3,165/112,109,69.0,"This morning, vision issues.",0
PAT-00185,2024-01-25 10:32:05,95.8,55,36.6,138/89,175,69.0,"Indicates severe blurred vision, dry mouth, frequent urination. worsening symptoms present.",0
PAT-00185,2024-01-26 10:37:13,92.6,84,36.6,144/95,84,69.0,Vitals remain within acceptable limits. No issues noted.,0
PAT-00185,2024-01-27 08:23:54,96.4,60,36.6,144/85,89,69.0,No symptoms reported. Vitals are within expected range.,0
PAT-00185,2024-01-28 10:25:59,93.5,64,37.4,142/95,139,69.0,Indicates blurred vision.,0
PAT-00185,2024-01-29 09:45:42,94.0,87,36.6,136/87,83,69.0,Vitals remain within acceptable limits. No issues noted.,0
PAT-00185,2024-01-30 08:00:49,94.9,105,36.1,129/71,78,69.0,Indicates anxiety.,0
PAT-00186,2024-01-01 10:39:50,95.1,83,36.7,187/120,77,89.9,"Indicates chest pain, severe headache. worsening symptoms present.",0
PAT-00186,2024-01-02 10:31:31,94.6,100,37.7,165/120,106,89.9,"Observes body aches, vision issues.",0
PAT-00186,2024-01-03 08:24:36,95.9,85,38.1,113/79,81,89.9,"Reports muscle aches, severe discomfort. worsening symptoms present.",1
PAT-00186,2024-01-04 10:34:43,94.4,67,36.5,176/111,84,89.9,"This morning, vision issues.",1
PAT-00186,2024-01-05 09:51:09,96.9,59,35.6,110/73,83,89.9,Reports lowered energy.,0
PAT-00186,2024-01-06 10:36:20,94.4,65,37.1,125/79,114,89.9,No symptoms reported. Vitals are within expected range.,0
PAT-00186,2024-01-07 09:41:21,97.6,83,36.8,117/76,106,89.9,Vitals remain within acceptable limits. No issues noted.,0
PAT-00186,2024-01-08 10:49:14,96.2,92,37.1,136/95,79,89.9,No significant complaints today.,0
PAT-00186,2024-01-09 09:56:04,92.7,59,37.2,123/73,97,89.9,Vitals remain within acceptable limits. No issues noted.,0
PAT-00186,2024-01-10 09:40:03,95.3,64,36.7,113/70,95,89.9,No symptoms reported. Vitals are within expected range.,0
PAT-00186,2024-01-11 08:31:33,94.5,103,36.8,119/81,178,89.9,"Indicates anxiety, severe blurred vision, dry mouth, frequent urination. immediate attention may be needed.",0
PAT-00186,2024-01-12 08:22:07,94.9,80,37.9,114/80,77,89.9,Patient describes body aches.,0
PAT-00186,2024-01-13 09:12:06,100.0,109,36.9,110/80,98,89.9,Indicates palpitations.,0
PAT-00186,2024-01-14 09:38:13,98.5,65,36.4,147/92,166,89.9,"This morning, severe blurred vision, dry mouth, frequent urination. worsening symptoms present.",0
PAT-00186,2024-01-15 09:18:43,97.1,86,38.7,122/75,75,89.9,"Patient notes that headache, severe discomfort. immediate attention may be needed.",0
PAT-00186,2024-01-16 08:47:56,95.7,71,35.9,165/108,94,89.9,"Indicates mild coldness, vision issues.",0
PAT-00186,2024-01-17 10:01:28,91.2,70,35.7,174/119,106,89.9,"Notes low energy, mild coldness, headaches.",1
PAT-00186,2024-01-18 10:17:51,95.5,85,36.9,133/94,92,89.9,No significant complaints today.,0
PAT-00186,2024-01-19 09:43:36,95.5,110,36.7,122/75,90,89.9,"Today, patient states restlessness.",1
PAT-00186,2024-01-20 08:36:59,94.3,82,37.3,114/85,114,89.9,No significant complaints today.,0
PAT-00186,2024-01-21 09:54:59,96.7,67,36.6,130/83,86,89.9,No symptoms reported. Vitals are within expected range.,0
PAT-00186,2024-01-22 10:28:03,96.3,55,36.6,113/74,81,89.9,No symptoms reported. Vitals are within expected range.,0
PAT-00186,2024-01-23 08:12:05,93.8,60,36.0,177/113,84,89.9,Patient describes chest tightness.,1
PAT-00186,2024-01-24 10:06:17,94.4,98,37.3,121/83,83,89.9,Patient denies any symptoms or discomfort.,0
PAT-00186,2024-01-25 09:51:25,97.0,83,37.0,124/82,95,89.9,No symptoms reported. Vitals are within expected range.,0
PAT-00186,2024-01-26 10:21:03,96.9,54,35.5,117/78,70,89.9,"This morning, lightheadedness, mild coldness.",0
PAT-00186,2024-01-27 09:21:29,97.9,72,37.1,119/84,81,89.9,Vitals remain within acceptable limits. No issues noted.,0
PAT-00186,2024-01-28 09:47:29,97.4,88,35.7,116/74,88,89.9,Indicates lowered energy.,0
PAT-00186,2024-01-29 08:48:03,99.6,70,38.1,110/83,86,89.9,"This morning, muscle aches, fever.",0
PAT-00186,2024-01-30 08:39:50,95.8,69,38.0,123/75,73,89.9,"Patient describes muscle aches, headache.",0
PAT-00187,2024-01-01 08:53:24,95.0,90,37.0,140/88,114,62.4,No symptoms reported. Vitals are within expected range.,0
PAT-00187,2024-01-02 09:13:49,94.8,88,35.5,119/75,117,62.4,Indicates mild coldness.,0
PAT-00187,2024-01-03 08:40:57,94.2,86,37.0,143/87,88,62.4,No symptoms reported. Vitals are within expected range.,0
PAT-00187,2024-01-04 10:51:41,94.5,72,36.8,113/81,101,62.4,No symptoms reported. Vitals are within expected range.,0
PAT-00187,2024-01-05 08:27:25,95.9,63,36.4,142/94,129,62.4,Observes blurred vision.,0
PAT-00187,2024-01-06 09:03:21,95.3,78,36.4,111/78,73,62.4,Vitals remain within acceptable limits. No issues noted.,0
PAT-00187,2024-01-07 10:53:36,95.0,110,37.9,125/84,89,62.4,"Today, patient states restlessness, body aches.",0
PAT-00187,2024-01-08 10:18:26,97.2,104,37.1,111/82,169,62.4,"Indicates palpitations, severe blurred vision, dry mouth, frequent urination. immediate attention may be needed.",1
PAT-00187,2024-01-09 09:52:04,97.8,87,36.2,114/74,89,62.4,No symptoms reported. Vitals are within expected range.,0
PAT-00187,2024-01-10 10:42:48,98.3,105,36.4,147/93,79,62.4,Indicates anxiety.,1
PAT-00187,2024-01-11 10:34:32,94.5,106,37.1,134/89,94,62.4,Indicates palpitations.,1
PAT-00187,2024-01-12 09:33:47,95.7,102,38.3,147/95,153,62.4,"This morning, palpitations, headache, muscle aches, severe blurred vision, dry mouth, frequent urination. worsening symptoms present.",0
PAT-00187,2024-01-13 08:00:55,98.7,84,36.2,111/84,72,62.4,No significant complaints today.,0
PAT-00187,2024-01-14 09:52:21,94.7,78,37.0,141/85,73,62.4,Patient is feeling well with all parameters stable.,0
PAT-00187,2024-01-15 09:28:54,94.1,64,37.1,112/72,96,62.4,Vitals remain within acceptable limits. No issues noted.,0
PAT-00187,2024-01-16 09:48:46,93.2,76,36.5,190/102,108,62.4,"Patient describes chest pain, severe headache. worsening symptoms present.",0
PAT-00187,2024-01-17 10:11:18,92.1,102,36.1,139/94,167,62.4,"Today, patient states palpitations, severe blurred vision, dry mouth, frequent urination. immediate attention may be needed.",0
PAT-00187,2024-01-18 09:50:20,95.4,50,37.1,128/78,121,62.4,"This morning, slow pulse.",0
PAT-00187,2024-01-19 08:42:06,95.6,101,36.9,189/118,83,62.4,"Today, patient states anxiety, chest pain, severe headache. immediate attention may be needed.",1
PAT-00187,2024-01-20 10:05:50,95.2,53,36.9,113/72,81,62.4,Reports lightheadedness.,0
PAT-00187,2024-01-21 09:51:37,95.6,85,37.2,110/70,108,62.4,Patient denies any symptoms or discomfort.,0
PAT-00187,2024-01-22 08:19:27,94.3,83,35.6,139/89,164,62.4,"Patient describes lowered energy, severe blurred vision, dry mouth, frequent urination. worsening symptoms present.",0
PAT-00187,2024-01-23 10:51:34,97.9,92,36.0,120/73,119,62.4,Patient denies any symptoms or discomfort.,0
PAT-00187,2024-01-24 09:58:09,95.3,75,38.5,147/94,98,62.4,"This morning, fever, severe discomfort. immediate attention may be needed.",0
PAT-00187,2024-01-25 10:38:03,95.5,50,37.3,129/83,91,62.4,Observes lightheadedness.,1
PAT-00187,2024-01-26 10:04:57,96.9,99,37.9,119/72,83,62.4,Observes body aches.,0
PAT-00187,2024-01-27 09:06:06,92.8,105,37.0,144/95,74,62.4,Notes anxiety.,1
PAT-00187,2024-01-28 08:26:56,95.6,57,36.1,111/70,80,62.4,Patient denies any symptoms or discomfort.,0
PAT-00187,2024-01-29 08:17:43,97.1,90,36.4,118/85,115,62.4,Vitals remain within acceptable limits. No issues noted.,0
PAT-00187,2024-01-30 08:18:00,94.3,61,37.3,167/101,138,62.4,"Reports chest tightness, dry mouth.",0
PAT-00188,2024-01-01 10:55:26,97.3,62,37.1,124/81,118,108.9,Patient is feeling well with all parameters stable.,0
PAT-00188,2024-01-02 08:43:19,94.6,79,37.7,169/120,99,108.9,"Notes night sweats, headaches.",0
PAT-00188,2024-01-03 08:39:17,94.2,78,38.4,190/111,97,108.9,"This morning, severe discomfort, chills, chest pain, severe headache. worsening symptoms present.",1
PAT-00188,2024-01-04 08:38:36,91.1,61,36.7,162/100,104,108.9,"Today, patient states dizziness, chest tightness.",1
PAT-00188,2024-01-05 10:53:08,99.3,64,35.9,144/92,170,108.9,"Patient describes lowered energy, severe blurred vision, dry mouth, frequent urination. worsening symptoms present.",1
PAT-00188,2024-01-06 10:19:54,95.7,95,36.5,123/75,107,108.9,No significant complaints today.,0
PAT-00188,2024-01-07 09:12:44,97.5,68,36.9,118/75,131,108.9,Patient describes blurred vision.,0
PAT-00188,2024-01-08 09:41:54,94.4,100,36.0,175/112,164,108.9,"Reports headaches, severe blurred vision, dry mouth, frequent urination. worsening symptoms present.",0
PAT-00188,2024-01-09 09:55:06,94.5,66,38.0,129/81,81,108.9,"Today, patient states chills, severe discomfort. immediate attention may be needed.",1
PAT-00188,2024-01-10 08:32:48,94.7,96,36.5,129/85,77,108.9,Vitals remain within acceptable limits. No issues noted.,0
PAT-00188,2024-01-11 09:57:10,94.8,86,37.5,140/87,121,108.9,"Today, patient states body aches.",0
PAT-00188,2024-01-12 08:16:44,95.9,64,35.5,133/88,88,108.9,Indicates lowered energy.,0
PAT-00188,2024-01-13 09:20:27,97.2,65,37.2,127/70,115,108.9,Patient is feeling well with all parameters stable.,0
PAT-00188,2024-01-14 09:01:00,95.0,103,36.6,118/80,94,108.9,Patient describes restlessness.,0
PAT-00188,2024-01-15 09:50:33,95.6,95,35.5,149/89,128,108.9,"This morning, lowered energy, frequent urination.",0
PAT-00188,2024-01-16 08:23:47,96.2,71,37.5,126/84,93,108.9,"Today, patient states mild fever.",0
PAT-00188,2024-01-17 10:28:01,94.0,103,37.1,115/81,158,108.9,"Today, patient states restlessness, severe blurred vision, dry mouth, frequent urination. immediate attention may be needed.",0
PAT-00188,2024-01-18 10:03:23,95.3,55,38.9,127/74,178,108.9,"This morning, chills, headache, severe blurred vision, dry mouth, frequent urination. worsening symptoms present.",0
PAT-00188,2024-01-19 10:42:05,97.8,103,36.4,124/81,180,108.9,"Reports palpitations, severe blurred vision, dry mouth, frequent urination. immediate attention may be needed.",0
PAT-00188,2024-01-20 08:54:08,95.3,60,36.9,144/85,94,108.9,No significant complaints today.,0
PAT-00188,2024-01-21 08:53:57,95.8,87,38.2,119/84,156,108.9,"Observes muscle aches, headache, severe blurred vision, dry mouth, frequent urination. immediate attention may be needed.",1
PAT-00188,2024-01-22 09:05:15,99.2,57,38.3,128/85,70,108.9,"Patient notes that severe discomfort, fever. immediate attention may be needed.",0
PAT-00188,2024-01-23 08:34:59,97.1,59,37.5,127/72,125,108.9,"This morning, mild fever.",0
PAT-00188,2024-01-24 08:42:55,93.2,79,38.8,122/80,84,108.9,"Indicates muscle aches, chills.",1
PAT-00188,2024-01-25 09:17:51,100.0,69,37.3,120/73,136,108.9,Patient notes that frequent urination.,0
PAT-00188,2024-01-26 08:10:09,94.8,60,37.7,127/76,95,108.9,Observes night sweats.,0
PAT-00188,2024-01-27 10:17:51,94.2,52,37.4,128/82,73,108.9,Patient describes lightheadedness.,0
PAT-00188,2024-01-28 10:43:56,94.9,90,38.3,122/71,172,108.9,"Notes headache, chills, severe blurred vision, dry mouth, frequent urination. immediate attention may be needed.",0
PAT-00188,2024-01-29 08:24:42,97.5,87,36.7,176/106,159,108.9,"This morning, vision issues, severe blurred vision, dry mouth, frequent urination. worsening symptoms present.",1
PAT-00188,2024-01-30 08:24:09,93.9,78,36.5,126/82,70,108.9,Patient is feeling well with all parameters stable.,0
PAT-00189,2024-01-01 09:32:23,96.6,82,36.8,125/73,124,49.5,Patient is feeling well with all parameters stable.,0
PAT-00189,2024-01-02 09:41:12,94.9,80,38.4,130/90,112,49.5,"Observes severe discomfort, muscle aches. worsening symptoms present.",0
PAT-00189,2024-01-03 09:40:02,99.3,108,37.4,122/79,72,49.5,"Today, patient states palpitations.",0
PAT-00189,2024-01-04 10:33:34,93.3,79,36.0,148/95,95,49.5,Patient denies any symptoms or discomfort.,0
PAT-00189,2024-01-05 10:48:48,97.0,76,36.7,122/70,86,49.5,No symptoms reported. Vitals are within expected range.,0
PAT-00189,2024-01-06 08:29:06,97.4,99,35.5,129/75,99,49.5,Observes mild coldness.,0
PAT-00189,2024-01-07 09:32:01,97.9,106,37.4,150/90,161,49.5,"Notes anxiety, severe blurred vision, dry mouth, frequent urination. immediate attention may be needed.",1
PAT-00189,2024-01-08 09:13:51,95.2,86,36.7,125/74,175,49.5,"Reports severe blurred vision, dry mouth, frequent urination. worsening symptoms present.",1
PAT-00189,2024-01-09 08:27:54,92.3,85,36.9,145/92,97,49.5,Patient is feeling well with all parameters stable.,0
PAT-00189,2024-01-10 10:50:14,97.0,84,38.5,112/72,91,49.5,"Notes severe discomfort, fever. immediate attention may be needed.",1
PAT-00189,2024-01-11 09:44:15,94.6,61,37.0,128/85,162,49.5,"Indicates severe blurred vision, dry mouth, frequent urination. immediate attention may be needed.",1
PAT-00189,2024-01-12 09:32:45,94.2,54,36.8,165/103,87,49.5,"Patient describes lightheadedness, vision issues.",0
PAT-00189,2024-01-13 10:54:47,95.1,105,36.6,168/114,105,49.5,"Today, patient states anxiety, chest tightness.",0
PAT-00189,2024-01-14 08:24:22,97.3,109,37.3,182/114,79,49.5,"Patient describes restlessness, chest pain, severe headache. immediate attention may be needed.",1
PAT-00189,2024-01-15 08:43:13,95.3,93,36.9,114/72,85,49.5,Vitals remain within acceptable limits. No issues noted.,0
PAT-00189,2024-01-16 08:19:11,98.4,82,36.3,117/74,115,49.5,Patient denies any symptoms or discomfort.,0
PAT-00189,2024-01-17 10:35:05,95.4,92,36.9,127/80,89,49.5,No symptoms reported. Vitals are within expected range.,0
PAT-00189,2024-01-18 09:13:01,96.2,87,37.4,168/103,150,49.5,"This morning, headaches, severe blurred vision, dry mouth, frequent urination. worsening symptoms present.",0
PAT-00189,2024-01-19 08:56:25,92.9,62,36.0,147/94,73,49.5,Patient denies any symptoms or discomfort.,0
PAT-00189,2024-01-20 09:14:06,91.0,91,37.4,130/86,84,49.5,"This morning, low energy.",0
PAT-00189,2024-01-21 08:14:25,95.8,87,37.0,180/105,74,49.5,Patient describes chest tightness.,1
PAT-00189,2024-01-22 10:28:02,95.3,65,37.2,130/94,167,49.5,"Reports severe blurred vision, dry mouth, frequent urination. worsening symptoms present.",0
PAT-00189,2024-01-23 09:00:04,99.4,54,37.2,122/82,72,49.5,"Today, patient states slow pulse.",0
PAT-00189,2024-01-24 08:59:29,93.2,57,35.7,164/115,75,49.5,"Notes mild coldness, vision issues.",0
PAT-00189,2024-01-25 10:45:36,100.0,107,37.2,110/83,173,49.5,"Patient notes that palpitations, severe blurred vision, dry mouth, frequent urination. immediate attention may be needed.",0
PAT-00189,2024-01-26 08:23:01,96.9,93,36.9,122/75,83,49.5,No significant complaints today.,0
PAT-00189,2024-01-27 08:02:19,95.3,86,36.2,128/78,150,49.5,"Reports severe blurred vision, dry mouth, frequent urination. immediate attention may be needed.",0
PAT-00189,2024-01-28 08:56:57,100.0,55,38.4,112/80,73,49.5,"This morning, chills, severe discomfort. immediate attention may be needed.",0
PAT-00189,2024-01-29 09:28:12,96.3,50,37.3,148/87,79,49.5,Indicates lightheadedness.,0
PAT-00189,2024-01-30 10:53:12,99.2,70,35.9,128/83,83,49.5,"Today, patient states lowered energy.",0
PAT-00190,2024-01-01 08:14:50,98.2,72,36.8,117/81,156,101.7,"Notes severe blurred vision, dry mouth, frequent urination. immediate attention may be needed.",0
PAT-00190,2024-01-02 10:06:37,98.6,55,37.3,187/116,127,101.7,"Patient describes chest pain, severe headache, frequent urination. immediate attention may be needed.",0
PAT-00190,2024-01-03 10:19:06,97.5,72,36.7,134/95,82,101.7,No significant complaints today.,0
PAT-00190,2024-01-04 08:05:45,94.1,54,36.6,123/77,120,101.7,Notes lightheadedness.,1
PAT-00190,2024-01-05 08:53:50,100.0,60,37.9,117/78,124,101.7,Patient notes that body aches.,0
PAT-00190,2024-01-06 09:32:45,99.6,60,36.5,119/82,173,101.7,"Notes severe blurred vision, dry mouth, frequent urination. worsening symptoms present.",1
PAT-00190,2024-01-07 08:06:32,91.2,93,36.0,130/70,74,101.7,"This morning, shortness of breath.",0
PAT-00190,2024-01-08 09:22:06,93.8,109,37.2,126/70,151,101.7,"Patient describes anxiety, severe blurred vision, dry mouth, frequent urination. worsening symptoms present.",1
PAT-00190,2024-01-09 08:54:31,97.4,84,37.0,121/71,84,101.7,No symptoms reported. Vitals are within expected range.,0
PAT-00190,2024-01-10 10:37:59,95.9,52,36.1,172/114,85,101.7,"Patient describes slow pulse, headaches.",0
PAT-00190,2024-01-11 08:56:25,93.3,110,36.0,135/95,104,101.7,Notes anxiety.,0
PAT-00190,2024-01-12 10:38:43,95.0,56,35.8,121/83,87,101.7,"This morning, lowered energy.",0
PAT-00190,2024-01-13 08:16:54,95.9,58,37.7,145/86,100,101.7,Observes mild fever.,0
PAT-00190,2024-01-14 09:14:18,93.7,75,36.3,142/89,131,101.7,Notes dry mouth.,0
PAT-00190,2024-01-15 10:45:55,91.1,105,37.9,113/84,79,101.7,"Notes dizziness, palpitations, mild fever.",0
PAT-00190,2024-01-16 09:22:00,95.2,90,37.0,127/71,71,101.7,Patient denies any symptoms or discomfort.,0
PAT-00190,2024-01-17 08:27:46,96.1,108,37.1,121/79,85,101.7,Patient notes that palpitations.,0
PAT-00190,2024-01-18 09:08:51,95.3,74,36.7,134/94,108,101.7,Vitals remain within acceptable limits. No issues noted.,0
PAT-00190,2024-01-19 10:05:02,95.7,90,36.6,129/70,118,101.7,No significant complaints today.,0
PAT-00190,2024-01-20 09:03:41,99.4,76,36.7,113/78,171,101.7,"Observes severe blurred vision, dry mouth, frequent urination. worsening symptoms present.",1
PAT-00190,2024-01-21 09:02:09,99.6,96,35.5,123/70,154,101.7,"Reports lowered energy, severe blurred vision, dry mouth, frequent urination. immediate attention may be needed.",0
PAT-00190,2024-01-22 09:00:10,92.9,52,37.3,121/75,80,101.7,"Today, patient states fatigue.",1
PAT-00190,2024-01-23 08:12:16,97.0,92,37.2,124/83,75,101.7,Patient denies any symptoms or discomfort.,0
PAT-00190,2024-01-24 08:58:36,93.9,101,36.7,119/72,85,101.7,Notes restlessness.,0
PAT-00190,2024-01-25 08:24:15,92.4,57,37.1,149/85,81,101.7,Patient denies any symptoms or discomfort.,0
PAT-00190,2024-01-26 08:35:07,96.1,104,37.1,116/76,76,101.7,Observes anxiety.,0
PAT-00190,2024-01-27 08:01:48,95.2,89,38.2,127/75,95,101.7,"Patient notes that severe discomfort, headache. immediate attention may be needed.",1
PAT-00190,2024-01-28 08:08:51,93.6,61,36.7,122/79,150,101.7,"Notes severe blurred vision, dry mouth, frequent urination. worsening symptoms present.",0
PAT-00190,2024-01-29 09:24:16,95.9,57,36.8,127/81,150,101.7,"This morning, severe blurred vision, dry mouth, frequent urination. immediate attention may be needed.",0
PAT-00190,2024-01-30 08:35:16,95.1,101,37.3,111/72,120,101.7,"Today, patient states restlessness.",1
PAT-00191,2024-01-01 10:37:36,98.1,64,36.4,121/84,98,97.9,Patient denies any symptoms or discomfort.,0
PAT-00191,2024-01-02 10:56:10,93.5,58,37.0,123/73,70,97.9,Patient denies any symptoms or discomfort.,0
PAT-00191,2024-01-03 09:40:21,95.4,84,37.2,113/78,107,97.9,No significant complaints today.,0
PAT-00191,2024-01-04 10:21:09,96.8,90,36.9,117/75,99,97.9,No significant complaints today.,0
PAT-00191,2024-01-05 10:07:34,99.2,93,35.6,128/71,94,97.9,"This morning, lowered energy.",0
PAT-00191,2024-01-06 08:51:38,94.5,84,38.0,111/80,106,97.9,"Indicates fever, headache.",0
PAT-00191,2024-01-07 08:46:42,94.7,77,37.1,117/71,77,97.9,No symptoms reported. Vitals are within expected range.,0
PAT-00191,2024-01-08 08:47:27,95.6,80,37.2,125/84,125,97.9,Patient denies any symptoms or discomfort.,0
PAT-00191,2024-01-09 08:44:44,97.0,87,36.5,112/73,123,97.9,No significant complaints today.,0
PAT-00191,2024-01-10 08:54:31,95.6,88,36.8,113/84,101,97.9,Vitals remain within acceptable limits. No issues noted.,0
PAT-00191,2024-01-11 09:58:48,97.8,54,37.8,121/78,70,97.9,"Reports fatigue, body aches.",0
PAT-00191,2024-01-12 08:32:29,94.6,85,36.9,173/115,76,97.9,Notes vision issues.,0
PAT-00191,2024-01-13 10:59:40,94.9,70,36.6,183/111,83,97.9,"Indicates chest pain, severe headache. immediate attention may be needed.",0
PAT-00191,2024-01-14 09:38:58,95.7,104,36.2,129/75,162,97.9,"This morning, restlessness, severe blurred vision, dry mouth, frequent urination. worsening symptoms present.",0
PAT-00191,2024-01-15 08:10:45,97.2,75,37.0,116/75,78,97.9,Vitals remain within acceptable limits. No issues noted.,0
PAT-00191,2024-01-16 08:12:43,95.4,87,35.5,130/72,88,97.9,Patient notes that mild coldness.,0
PAT-00191,2024-01-17 09:43:51,98.5,63,37.2,118/72,91,97.9,No significant complaints today.,0
PAT-00191,2024-01-18 08:01:57,96.9,74,35.5,142/93,167,97.9,"This morning, mild coldness, severe blurred vision, dry mouth, frequent urination. worsening symptoms present.",0
PAT-00191,2024-01-19 10:28:24,94.8,85,37.0,147/86,90,97.9,No symptoms reported. Vitals are within expected range.,0
PAT-00191,2024-01-20 09:51:46,92.1,110,38.9,112/73,85,97.9,"This morning, palpitations, chills, muscle aches.",1
PAT-00191,2024-01-21 09:47:15,96.6,74,36.6,118/76,84,97.9,Patient denies any symptoms or discomfort.,0
PAT-00191,2024-01-22 08:04:13,96.3,92,38.9,146/89,76,97.9,"Today, patient states muscle aches, fever.",1
PAT-00191,2024-01-23 10:30:45,94.2,93,37.3,123/74,83,97.9,No symptoms reported. Vitals are within expected range.,0
PAT-00191,2024-01-24 08:47:18,93.9,74,37.9,122/75,127,97.9,"Notes night sweats, blurred vision.",0
PAT-00191,2024-01-25 09:56:50,93.2,84,37.6,167/111,79,97.9,"Patient notes that mild fever, headaches.",0
PAT-00191,2024-01-26 09:55:19,92.3,74,37.4,116/72,120,97.9,Vitals remain within acceptable limits. No issues noted.,0
PAT-00191,2024-01-27 10:34:20,94.9,108,38.3,165/112,82,97.9,"Notes palpitations, headache, fever, chest tightness.",1
PAT-00191,2024-01-28 08:02:07,94.9,69,37.2,127/81,85,97.9,Vitals remain within acceptable limits. No issues noted.,0
PAT-00191,2024-01-29 09:57:27,93.8,50,35.6,146/93,71,97.9,"Reports slow pulse, lowered energy.",0
PAT-00191,2024-01-30 10:02:48,97.2,60,38.5,114/79,79,97.9,"This morning, headache, chills.",0
PAT-00192,2024-01-01 09:13:16,94.1,82,36.1,142/85,99,99.4,Patient is feeling well with all parameters stable.,0
PAT-00192,2024-01-02 09:53:12,95.8,62,38.5,118/76,92,99.4,"Today, patient states fever, severe discomfort. immediate attention may be needed.",0
PAT-00192,2024-01-03 08:48:09,95.6,59,37.2,183/106,116,99.4,"Patient describes chest pain, severe headache. immediate attention may be needed.",0
PAT-00192,2024-01-04 08:41:14,97.9,90,36.4,130/77,78,99.4,No symptoms reported. Vitals are within expected range.,0
PAT-00192,2024-01-05 09:18:31,95.0,73,38.6,168/118,75,99.4,"Observes headache, chills, vision issues.",1
PAT-00192,2024-01-06 08:13:56,96.0,67,36.9,125/74,98,99.4,Vitals remain within acceptable limits. No issues noted.,0
PAT-00192,2024-01-07 10:49:35,97.5,63,36.7,127/72,81,99.4,Patient is feeling well with all parameters stable.,0
PAT-00192,2024-01-08 10:37:11,94.0,55,37.6,126/77,71,99.4,Reports mild fever.,0
PAT-00192,2024-01-09 09:04:26,94.4,91,36.8,150/88,77,99.4,No symptoms reported. Vitals are within expected range.,0
PAT-00192,2024-01-10 10:30:48,97.8,106,36.9,124/82,70,99.4,Indicates palpitations.,1
PAT-00192,2024-01-11 08:30:10,99.2,103,36.6,118/72,100,99.4,Patient describes restlessness.,0
PAT-00192,2024-01-12 08:26:30,97.2,77,36.5,112/75,116,99.4,Vitals remain within acceptable limits. No issues noted.,0
PAT-00192,2024-01-13 10:40:14,95.4,79,36.9,130/80,98,99.4,No symptoms reported. Vitals are within expected range.,0
PAT-00192,2024-01-14 10:57:09,92.9,95,36.8,144/95,116,99.4,No significant complaints today.,0
PAT-00192,2024-01-15 09:36:22,94.1,97,37.3,178/110,107,99.4,"This morning, headaches.",0
PAT-00192,2024-01-16 08:02:28,95.6,65,36.7,150/89,96,99.4,No symptoms reported. Vitals are within expected range.,0
PAT-00192,2024-01-17 10:05:21,95.4,73,37.2,135/88,129,99.4,Observes frequent urination.,0
PAT-00192,2024-01-18 08:04:43,95.7,108,36.9,138/91,85,99.4,Reports palpitations.,1
PAT-00192,2024-01-19 08:54:09,95.6,58,38.1,188/100,78,99.4,"Reports muscle aches, headache, chest pain, severe headache. worsening symptoms present.",0
PAT-00192,2024-01-20 08:02:35,95.1,66,36.6,123/74,144,99.4,Indicates frequent urination.,0
PAT-00192,2024-01-21 09:25:11,95.3,66,37.9,124/83,92,99.4,Indicates mild fever.,0
PAT-00192,2024-01-22 08:51:28,94.2,74,36.5,123/70,92,99.4,Patient is feeling well with all parameters stable.,0
PAT-00192,2024-01-23 10:56:41,95.5,60,35.6,120/72,171,99.4,"Observes mild coldness, severe blurred vision, dry mouth, frequent urination. worsening symptoms present.",0
PAT-00192,2024-01-24 10:03:27,95.6,101,38.8,125/79,72,99.4,"Today, patient states anxiety, headache, muscle aches.",0
PAT-00192,2024-01-25 09:25:59,98.4,82,37.9,137/95,77,99.4,Patient notes that night sweats.,0
PAT-00192,2024-01-26 08:57:55,98.1,76,36.6,118/81,77,99.4,Vitals remain within acceptable limits. No issues noted.,0
PAT-00192,2024-01-27 09:30:45,97.9,75,36.6,126/81,88,99.4,Patient denies any symptoms or discomfort.,0
PAT-00192,2024-01-28 09:21:32,95.6,67,37.3,123/72,87,99.4,Vitals remain within acceptable limits. No issues noted.,0
PAT-00192,2024-01-29 09:19:34,96.5,88,36.0,128/75,76,99.4,No symptoms reported. Vitals are within expected range.,0
PAT-00192,2024-01-30 09:08:17,95.0,68,36.7,140/85,75,99.4,Vitals remain within acceptable limits. No issues noted.,0
PAT-00193,2024-01-01 09:40:03,93.1,94,36.0,113/85,95,104.2,Patient denies any symptoms or discomfort.,0
PAT-00193,2024-01-02 09:50:37,97.8,107,37.3,127/72,99,104.2,Reports restlessness.,0
PAT-00193,2024-01-03 08:28:46,98.5,73,36.6,116/75,118,104.2,No symptoms reported. Vitals are within expected range.,0
PAT-00193,2024-01-04 08:53:50,96.2,58,37.3,110/79,106,104.2,No significant complaints today.,0
PAT-00193,2024-01-05 08:40:10,96.9,103,35.9,129/70,86,104.2,"Patient notes that anxiety, lowered energy.",1
PAT-00193,2024-01-06 08:00:33,93.1,103,37.0,113/84,99,104.2,Indicates palpitations.,0
PAT-00193,2024-01-07 10:32:13,94.7,109,36.5,185/106,91,104.2,"Today, patient states palpitations, chest pain, severe headache. immediate attention may be needed.",1
PAT-00193,2024-01-08 09:02:10,94.4,81,36.5,125/81,163,104.2,"Notes severe blurred vision, dry mouth, frequent urination. immediate attention may be needed.",1
PAT-00193,2024-01-09 08:04:56,95.5,56,37.1,121/84,81,104.2,No significant complaints today.,0
PAT-00193,2024-01-10 09:19:33,92.9,72,37.5,116/74,87,104.2,Patient describes mild fever.,0
PAT-00193,2024-01-11 10:31:42,96.0,83,38.8,130/90,82,104.2,"Patient notes that fever, muscle aches.",0
PAT-00193,2024-01-12 10:45:40,94.7,54,36.0,113/71,88,104.2,Patient describes fatigue.,1
PAT-00193,2024-01-13 10:27:59,97.2,72,37.2,113/83,98,104.2,No significant complaints today.,0
PAT-00193,2024-01-14 08:05:28,96.1,102,39.0,142/85,95,104.2,"Notes anxiety, chills, muscle aches.",0
PAT-00193,2024-01-15 09:38:29,96.2,82,37.1,128/72,158,104.2,"Reports severe blurred vision, dry mouth, frequent urination. immediate attention may be needed.",1
PAT-00193,2024-01-16 08:48:44,93.4,88,36.7,122/84,80,104.2,No significant complaints today.,0
PAT-00193,2024-01-17 09:16:25,97.1,50,37.2,122/76,108,104.2,Observes lightheadedness.,1
PAT-00193,2024-01-18 08:15:55,92.2,58,37.1,127/75,96,104.2,Patient denies any symptoms or discomfort.,0
PAT-00193,2024-01-19 10:37:27,99.4,59,36.9,172/112,93,104.2,Reports chest tightness.,0
PAT-00193,2024-01-20 09:33:35,92.0,61,36.8,169/103,79,104.2,Patient describes vision issues.,1
PAT-00193,2024-01-21 08:19:33,98.2,104,35.8,118/80,73,104.2,"Reports palpitations, lowered energy.",0
PAT-00193,2024-01-22 08:55:28,100.0,79,38.4,111/75,75,104.2,"Patient describes severe discomfort, chills. worsening symptoms present.",0
PAT-00193,2024-01-23 10:18:18,98.6,66,36.6,112/75,102,104.2,No significant complaints today.,0
PAT-00193,2024-01-24 10:20:21,99.9,104,37.2,179/119,119,104.2,"Indicates palpitations, chest tightness.",0
PAT-00193,2024-01-25 09:24:50,99.0,87,36.9,127/85,134,104.2,Patient describes blurred vision.,0
PAT-00193,2024-01-26 08:26:22,100.0,57,38.4,126/76,84,104.2,"Reports fever, muscle aches.",0
PAT-00193,2024-01-27 08:18:06,97.7,53,37.4,122/85,84,104.2,Observes fatigue.,0
PAT-00193,2024-01-28 10:23:51,92.6,59,36.6,130/76,123,104.2,Patient is feeling well with all parameters stable.,0
PAT-00193,2024-01-29 09:55:38,96.2,102,37.7,125/76,84,104.2,"Observes palpitations, body aches.",0
PAT-00193,2024-01-30 09:49:28,95.4,59,35.7,113/74,100,104.2,Patient notes that lowered energy.,0
PAT-00194,2024-01-01 08:59:10,98.5,77,37.2,129/78,98,80.8,Patient is feeling well with all parameters stable.,0
PAT-00194,2024-01-02 10:59:47,98.9,76,36.6,134/91,179,80.8,"Indicates severe blurred vision, dry mouth, frequent urination. immediate attention may be needed.",0
PAT-00194,2024-01-03 09:07:15,93.6,81,36.8,142/91,115,80.8,Patient denies any symptoms or discomfort.,0
PAT-00194,2024-01-04 10:27:53,100.0,106,36.5,179/118,82,80.8,"Indicates anxiety, chest tightness.",1
PAT-00194,2024-01-05 08:36:58,95.8,51,37.2,139/86,117,80.8,"Today, patient states slow pulse.",1
PAT-00194,2024-01-06 08:47:46,93.4,59,36.2,139/94,129,80.8,Notes frequent urination.,0
PAT-00194,2024-01-07 09:29:17,96.7,95,36.7,124/71,114,80.8,No significant complaints today.,0
PAT-00194,2024-01-08 09:17:21,96.5,94,36.1,175/117,113,80.8,Patient describes chest tightness.,0
PAT-00194,2024-01-09 09:29:52,96.7,60,37.4,115/85,108,80.8,Vitals remain within acceptable limits. No issues noted.,0
PAT-00194,2024-01-10 09:05:55,98.4,79,37.1,137/94,133,80.8,Observes dry mouth.,0
PAT-00194,2024-01-11 08:28:34,95.1,95,35.7,147/85,77,80.8,Observes lowered energy.,0
PAT-00194,2024-01-12 10:38:44,95.0,63,37.0,110/81,117,80.8,Vitals remain within acceptable limits. No issues noted.,0
PAT-00194,2024-01-13 09:00:57,94.4,83,37.2,145/90,100,80.8,Patient is feeling well with all parameters stable.,0
PAT-00194,2024-01-14 10:41:43,98.1,109,35.5,116/75,80,80.8,"Indicates restlessness, lowered energy.",0
PAT-00194,2024-01-15 09:49:43,96.3,85,37.0,142/88,102,80.8,Vitals remain within acceptable limits. No issues noted.,0
PAT-00194,2024-01-16 08:33:25,94.2,95,38.9,123/83,93,80.8,"Reports headache, severe discomfort. immediate attention may be needed.",1
PAT-00194,2024-01-17 08:50:14,94.9,58,37.3,122/76,95,80.8,Patient is feeling well with all parameters stable.,0
PAT-00194,2024-01-18 08:12:09,97.8,56,36.5,164/109,91,80.8,Observes vision issues.,0
PAT-00194,2024-01-19 10:16:25,95.4,72,37.3,121/78,88,80.8,Vitals remain within acceptable limits. No issues noted.,0
PAT-00194,2024-01-20 08:49:20,94.7,67,38.6,172/109,143,80.8,"Patient notes that chills, muscle aches, vision issues, frequent urination.",0
PAT-00194,2024-01-21 08:06:41,96.6,74,35.5,172/105,71,80.8,"This morning, mild coldness, chest tightness.",1
PAT-00194,2024-01-22 10:15:57,92.2,68,37.2,126/75,117,80.8,No symptoms reported. Vitals are within expected range.,0
PAT-00194,2024-01-23 10:37:10,97.9,86,38.0,160/111,141,80.8,"Patient notes that headache, muscle aches, chest tightness, dry mouth.",0
PAT-00194,2024-01-24 09:39:26,95.9,79,36.8,131/85,99,80.8,Patient denies any symptoms or discomfort.,0
PAT-00194,2024-01-25 08:56:13,99.4,66,35.6,112/80,74,80.8,Patient describes lowered energy.,0
PAT-00194,2024-01-26 08:59:20,93.6,80,38.0,124/80,86,80.8,"Indicates muscle aches, chills.",0
PAT-00194,2024-01-27 09:54:05,97.1,80,37.3,115/85,114,80.8,Patient is feeling well with all parameters stable.,0
PAT-00194,2024-01-28 08:15:53,94.4,70,38.1,123/79,98,80.8,"Reports chills, fever.",1
PAT-00194,2024-01-29 09:50:20,94.4,74,36.6,142/91,72,80.8,Patient is feeling well with all parameters stable.,0
PAT-00194,2024-01-30 10:53:53,93.8,101,36.8,111/83,79,80.8,Patient describes palpitations.,0
PAT-00195,2024-01-01 10:19:04,96.6,110,38.0,130/85,141,72.6,"This morning, anxiety, chills, headache, dry mouth.",1
PAT-00195,2024-01-02 10:27:23,98.0,82,36.3,188/111,79,72.6,"Observes chest pain, severe headache. worsening symptoms present.",1
PAT-00195,2024-01-03 08:52:42,97.6,50,37.1,117/78,93,72.6,Indicates fatigue.,0
PAT-00195,2024-01-04 09:16:19,96.2,91,37.1,162/119,96,72.6,"This morning, vision issues.",1
PAT-00195,2024-01-05 10:57:38,93.9,51,37.2,119/76,178,72.6,"Today, patient states fatigue, severe blurred vision, dry mouth, frequent urination. immediate attention may be needed.",1
PAT-00195,2024-01-06 10:16:52,96.2,65,38.7,120/83,74,72.6,"Patient describes severe discomfort, headache. immediate attention may be needed.",0
PAT-00195,2024-01-07 10:05:53,100.0,84,37.9,167/116,79,72.6,"Patient notes that body aches, headaches.",1
PAT-00195,2024-01-08 08:47:48,93.4,68,37.3,131/92,91,72.6,Patient denies any symptoms or discomfort.,0
PAT-00195,2024-01-09 08:32:55,93.9,55,37.2,130/90,170,72.6,"This morning, severe blurred vision, dry mouth, frequent urination. worsening symptoms present.",1
PAT-00195,2024-01-10 08:48:22,96.3,81,36.9,140/89,83,72.6,No symptoms reported. Vitals are within expected range.,0
PAT-00195,2024-01-11 08:03:25,94.6,79,36.7,130/95,90,72.6,No symptoms reported. Vitals are within expected range.,0
PAT-00195,2024-01-12 08:39:50,96.2,101,36.2,148/92,76,72.6,Indicates anxiety.,0
PAT-00195,2024-01-13 08:50:00,93.3,67,37.5,113/80,87,72.6,Observes night sweats.,0
PAT-00195,2024-01-14 10:50:16,94.3,68,38.8,134/93,127,72.6,"Patient describes muscle aches, severe discomfort, frequent urination. immediate attention may be needed.",1
PAT-00195,2024-01-15 08:49:58,92.0,96,36.4,113/81,101,72.6,Patient denies any symptoms or discomfort.,0
PAT-00195,2024-01-16 09:15:00,96.6,88,36.0,120/76,118,72.6,No symptoms reported. Vitals are within expected range.,0
PAT-00195,2024-01-17 08:48:17,97.7,80,36.8,130/76,75,72.6,Vitals remain within acceptable limits. No issues noted.,0
PAT-00195,2024-01-18 08:01:57,92.7,70,37.3,141/90,92,72.6,Vitals remain within acceptable limits. No issues noted.,0
PAT-00195,2024-01-19 08:56:32,93.3,69,36.6,149/92,81,72.6,No significant complaints today.,0
PAT-00195,2024-01-20 10:59:28,97.1,77,36.7,182/107,125,72.6,"Today, patient states chest pain, severe headache. worsening symptoms present.",0
PAT-00195,2024-01-21 10:37:49,94.6,54,37.0,116/72,100,72.6,Patient notes that slow pulse.,1
PAT-00195,2024-01-22 10:32:32,93.8,71,37.0,124/84,86,72.6,Patient denies any symptoms or discomfort.,0
PAT-00195,2024-01-23 08:43:54,98.3,108,36.7,120/85,137,72.6,"Today, patient states anxiety, frequent urination.",0
PAT-00195,2024-01-24 10:12:00,97.2,60,37.2,187/102,161,72.6,"Observes chest pain, severe headache, severe blurred vision, dry mouth, frequent urination. worsening symptoms present.",1
PAT-00195,2024-01-25 10:41:37,93.7,87,36.9,146/89,151,72.6,"Patient describes severe blurred vision, dry mouth, frequent urination. worsening symptoms present.",0
PAT-00195,2024-01-26 09:21:55,96.6,73,36.4,135/95,80,72.6,Vitals remain within acceptable limits. No issues noted.,0
PAT-00195,2024-01-27 08:57:13,98.2,89,37.6,165/114,73,72.6,"Indicates body aches, vision issues.",0
PAT-00195,2024-01-28 09:52:21,95.9,91,37.3,128/71,121,72.6,No symptoms reported. Vitals are within expected range.,0
PAT-00195,2024-01-29 09:21:56,97.4,60,37.2,114/71,78,72.6,Patient denies any symptoms or discomfort.,0
PAT-00195,2024-01-30 08:56:29,95.1,99,36.8,136/94,100,72.6,No significant complaints today.,0
PAT-00196,2024-01-01 10:16:30,93.4,75,36.4,116/75,101,73.8,No significant complaints today.,0
PAT-00196,2024-01-02 10:50:16,95.0,86,37.3,118/70,121,73.8,Patient is feeling well with all parameters stable.,0
PAT-00196,2024-01-03 10:06:36,94.9,105,36.4,112/70,133,73.8,"Patient describes palpitations, blurred vision.",1
PAT-00196,2024-01-04 09:31:58,95.6,65,36.5,129/72,93,73.8,Patient denies any symptoms or discomfort.,0
PAT-00196,2024-01-05 10:16:59,93.8,52,36.9,123/72,90,73.8,Observes fatigue.,1
PAT-00196,2024-01-06 09:30:04,95.4,50,36.1,125/77,148,73.8,"Patient notes that lightheadedness, dry mouth.",1
PAT-00196,2024-01-07 08:44:45,92.9,90,36.6,147/88,73,73.8,No symptoms reported. Vitals are within expected range.,0
PAT-00196,2024-01-08 10:00:04,96.0,102,37.0,112/77,75,73.8,Patient notes that palpitations.,0
PAT-00196,2024-01-09 10:59:02,97.5,91,35.6,145/89,72,73.8,Observes lowered energy.,0
PAT-00196,2024-01-10 09:13:02,100.0,77,36.7,122/70,95,73.8,Patient is feeling well with all parameters stable.,0
PAT-00196,2024-01-11 10:54:42,97.7,53,38.6,133/91,85,73.8,"Notes lightheadedness, chills, severe discomfort. immediate attention may be needed.",1
PAT-00196,2024-01-12 10:16:17,98.1,75,38.9,113/71,82,73.8,"Patient describes fever, headache.",1
PAT-00196,2024-01-13 10:15:31,95.2,104,36.4,126/75,102,73.8,Reports restlessness.,0
PAT-00196,2024-01-14 08:03:29,97.6,95,38.9,149/85,158,73.8,"Patient describes muscle aches, headache, severe blurred vision, dry mouth, frequent urination. worsening symptoms present.",0
PAT-00196,2024-01-15 10:06:29,100.0,50,36.8,141/91,108,73.8,Observes fatigue.,1
PAT-00196,2024-01-16 10:40:23,98.2,74,37.1,141/92,88,73.8,Patient is feeling well with all parameters stable.,0
PAT-00196,2024-01-17 10:14:25,96.7,110,38.7,144/90,166,73.8,"Reports anxiety, muscle aches, headache, severe blurred vision, dry mouth, frequent urination. worsening symptoms present.",1
PAT-00196,2024-01-18 08:52:37,95.1,84,35.9,129/76,93,73.8,Notes lowered energy.,0
PAT-00196,2024-01-19 09:20:10,99.0,66,36.7,111/70,79,73.8,Patient is feeling well with all parameters stable.,0
PAT-00196,2024-01-20 08:16:56,95.6,96,36.7,110/78,89,73.8,No symptoms reported. Vitals are within expected range.,0
PAT-00196,2024-01-21 09:54:02,98.2,50,36.8,110/74,82,73.8,Patient notes that fatigue.,0
PAT-00196,2024-01-22 09:22:12,97.0,85,37.1,129/83,95,73.8,No symptoms reported. Vitals are within expected range.,0
PAT-00196,2024-01-23 09:13:33,97.9,94,36.5,120/72,73,73.8,Patient is feeling well with all parameters stable.,0
PAT-00196,2024-01-24 10:12:03,94.7,96,35.8,121/75,102,73.8,"This morning, lowered energy.",0
PAT-00196,2024-01-25 08:43:15,95.7,87,36.7,130/93,124,73.8,No significant complaints today.,0
PAT-00196,2024-01-26 10:59:53,95.8,86,36.5,130/70,160,73.8,"Observes severe blurred vision, dry mouth, frequent urination. worsening symptoms present.",0
PAT-00196,2024-01-27 08:06:10,93.9,55,37.0,146/85,109,73.8,Patient is feeling well with all parameters stable.,0
PAT-00196,2024-01-28 08:25:20,94.1,81,35.8,124/85,74,73.8,Reports mild coldness.,0
PAT-00196,2024-01-29 08:44:25,99.6,106,37.0,113/70,162,73.8,"Reports anxiety, severe blurred vision, dry mouth, frequent urination. worsening symptoms present.",0
PAT-00196,2024-01-30 10:55:29,93.3,73,38.4,143/88,149,73.8,"This morning, chills, fever, dry mouth.",0
PAT-00197,2024-01-01 09:12:52,95.3,80,37.7,124/73,72,93.3,Indicates mild fever.,0
PAT-00197,2024-01-02 09:34:26,98.0,106,36.9,150/91,143,93.3,"Notes restlessness, frequent urination.",0
PAT-00197,2024-01-03 09:56:15,93.7,71,37.0,129/79,153,93.3,"Patient notes that severe blurred vision, dry mouth, frequent urination. immediate attention may be needed.",1
PAT-00197,2024-01-04 09:18:11,95.2,70,36.9,135/90,84,93.3,Vitals remain within acceptable limits. No issues noted.,0
PAT-00197,2024-01-05 10:37:53,97.4,59,37.4,130/85,122,93.3,Patient is feeling well with all parameters stable.,0
PAT-00197,2024-01-06 10:53:36,95.2,71,38.3,112/82,166,93.3,"Today, patient states headache, fever, severe blurred vision, dry mouth, frequent urination. worsening symptoms present.",1
PAT-00197,2024-01-07 10:41:15,96.6,105,37.1,130/86,78,93.3,Patient describes anxiety.,0
PAT-00197,2024-01-08 09:45:41,99.5,90,36.7,131/95,84,93.3,No significant complaints today.,0
PAT-00197,2024-01-09 10:49:06,97.1,59,35.8,129/82,93,93.3,"This morning, mild coldness.",0
PAT-00197,2024-01-10 10:19:31,97.6,57,36.6,164/110,92,93.3,Observes vision issues.,0
PAT-00197,2024-01-11 08:23:40,94.2,90,36.8,130/81,121,93.3,Patient is feeling well with all parameters stable.,0
PAT-00197,2024-01-12 10:49:18,99.0,62,36.7,172/104,99,93.3,Patient describes vision issues.,1
PAT-00197,2024-01-13 10:47:48,96.0,106,36.5,112/80,93,93.3,Observes anxiety.,1
PAT-00197,2024-01-14 10:53:50,96.5,96,36.7,110/71,148,93.3,"Today, patient states blurred vision.",0
PAT-00197,2024-01-15 08:17:52,95.8,59,37.1,166/113,77,93.3,Observes headaches.,0
PAT-00197,2024-01-16 10:59:33,98.4,75,36.3,124/77,109,93.3,Patient is feeling well with all parameters stable.,0
PAT-00197,2024-01-17 09:57:44,98.6,98,38.3,113/83,155,93.3,"Reports headache, chills, severe blurred vision, dry mouth, frequent urination. worsening symptoms present.",0
PAT-00197,2024-01-18 09:47:18,96.2,97,36.8,110/83,109,93.3,No significant complaints today.,0
PAT-00197,2024-01-19 08:38:40,96.5,96,38.8,134/91,159,93.3,"Indicates chills, muscle aches, severe blurred vision, dry mouth, frequent urination. immediate attention may be needed.",0
PAT-00197,2024-01-20 10:40:11,94.9,78,37.7,187/110,73,93.3,"This morning, night sweats, chest pain, severe headache. worsening symptoms present.",0
PAT-00197,2024-01-21 10:02:35,97.3,69,37.2,141/89,86,93.3,Vitals remain within acceptable limits. No issues noted.,0
PAT-00197,2024-01-22 08:28:30,98.7,88,37.2,116/77,73,93.3,No significant complaints today.,0
PAT-00197,2024-01-23 10:06:08,98.0,107,36.6,124/82,82,93.3,Notes palpitations.,1
PAT-00197,2024-01-24 08:39:28,96.0,87,36.6,183/108,78,93.3,"Indicates chest pain, severe headache. immediate attention may be needed.",0
PAT-00197,2024-01-25 10:11:54,95.1,52,36.6,119/82,180,93.3,"Observes slow pulse, severe blurred vision, dry mouth, frequent urination. worsening symptoms present.",0
PAT-00197,2024-01-26 09:48:07,94.2,73,37.2,178/105,72,93.3,Patient notes that headaches.,0
PAT-00197,2024-01-27 08:15:23,96.7,82,37.4,114/79,146,93.3,Indicates dry mouth.,0
PAT-00197,2024-01-28 10:53:20,99.3,90,38.2,150/85,81,93.3,"Patient notes that headache, muscle aches.",0
PAT-00197,2024-01-29 08:31:26,94.9,73,36.4,119/84,86,93.3,No symptoms reported. Vitals are within expected range.,0
PAT-00197,2024-01-30 08:34:42,95.3,67,36.8,113/75,84,93.3,No symptoms reported. Vitals are within expected range.,0
PAT-00198,2024-01-01 09:34:49,94.2,53,36.2,116/81,89,75.8,"This morning, fatigue.",1
PAT-00198,2024-01-02 08:58:16,99.6,101,36.7,114/79,178,75.8,"Reports anxiety, severe blurred vision, dry mouth, frequent urination. immediate attention may be needed.",1
PAT-00198,2024-01-03 08:42:12,93.9,88,36.5,141/88,79,75.8,Vitals remain within acceptable limits. No issues noted.,0
PAT-00198,2024-01-04 09:44:53,92.3,101,36.4,119/83,73,75.8,Reports restlessness.,0
PAT-00198,2024-01-05 10:41:06,98.5,61,37.1,180/103,144,75.8,"Today, patient states vision issues, dry mouth.",0
PAT-00198,2024-01-06 10:43:56,92.3,51,35.7,130/75,96,75.8,"Patient notes that slow pulse, mild coldness.",0
PAT-00198,2024-01-07 09:35:57,95.2,50,36.8,113/74,114,75.8,Reports fatigue.,1
PAT-00198,2024-01-08 09:31:44,94.6,63,36.3,140/91,120,75.8,Patient is feeling well with all parameters stable.,0
PAT-00198,2024-01-09 10:00:53,95.8,78,37.1,113/84,79,75.8,Vitals remain within acceptable limits. No issues noted.,0
PAT-00198,2024-01-10 10:58:16,97.0,60,35.9,126/70,121,75.8,Patient describes mild coldness.,0
PAT-00198,2024-01-11 10:38:46,99.2,95,37.2,115/71,97,75.8,No significant complaints today.,0
PAT-00198,2024-01-12 08:38:39,98.3,84,37.8,122/80,161,75.8,"Notes body aches, severe blurred vision, dry mouth, frequent urination. immediate attention may be needed.",0
PAT-00198,2024-01-13 10:36:15,96.8,104,38.7,143/89,80,75.8,"Indicates palpitations, headache, muscle aches.",0
PAT-00198,2024-01-14 10:00:59,91.9,95,36.7,137/93,98,75.8,Patient notes that dizziness.,0
PAT-00198,2024-01-15 09:02:00,95.0,77,36.9,130/90,88,75.8,No symptoms reported. Vitals are within expected range.,0
PAT-00198,2024-01-16 10:49:35,97.6,76,38.0,110/70,92,75.8,"Patient describes chills, fever.",0
PAT-00198,2024-01-17 08:29:34,97.5,94,37.2,177/112,97,75.8,Indicates vision issues.,0
PAT-00198,2024-01-18 10:41:54,100.0,80,38.1,134/85,124,75.8,"Indicates chills, fever.",1
PAT-00198,2024-01-19 10:04:57,94.5,103,36.9,148/87,75,75.8,Indicates palpitations.,0
PAT-00198,2024-01-20 10:25:10,95.5,93,36.6,121/78,72,75.8,No symptoms reported. Vitals are within expected range.,0
PAT-00198,2024-01-21 10:35:03,97.3,104,36.3,130/95,98,75.8,Indicates palpitations.,0
PAT-00198,2024-01-22 10:42:10,94.7,109,36.9,119/74,91,75.8,Observes anxiety.,0
PAT-00198,2024-01-23 10:49:54,96.2,67,36.5,119/75,171,75.8,"Observes severe blurred vision, dry mouth, frequent urination. immediate attention may be needed.",1
PAT-00198,2024-01-24 10:49:57,97.5,110,37.8,127/85,90,75.8,"Patient notes that anxiety, night sweats.",1
PAT-00198,2024-01-25 08:03:39,95.0,64,36.8,137/88,81,75.8,Patient denies any symptoms or discomfort.,0
PAT-00198,2024-01-26 10:22:29,100.0,87,35.8,134/93,90,75.8,Notes mild coldness.,0
PAT-00198,2024-01-27 08:41:33,96.7,109,38.9,113/83,102,75.8,"Patient notes that anxiety, severe discomfort, fever. immediate attention may be needed.",0
PAT-00198,2024-01-28 10:31:23,96.5,66,36.7,110/74,118,75.8,No symptoms reported. Vitals are within expected range.,0
PAT-00198,2024-01-29 09:46:37,95.3,79,36.6,131/95,97,75.8,No symptoms reported. Vitals are within expected range.,0
PAT-00198,2024-01-30 09:29:36,96.9,70,36.4,130/75,90,75.8,Patient is feeling well with all parameters stable.,0
PAT-00199,2024-01-01 09:38:49,94.2,89,36.5,176/119,169,72.0,"Reports vision issues, severe blurred vision, dry mouth, frequent urination. immediate attention may be needed.",1
PAT-00199,2024-01-02 09:59:34,98.1,62,38.3,185/102,87,72.0,"Indicates severe discomfort, fever, chest pain, severe headache. worsening symptoms present.",0
PAT-00199,2024-01-03 10:17:21,92.9,85,37.2,146/89,160,72.0,"Indicates severe blurred vision, dry mouth, frequent urination. immediate attention may be needed.",0
PAT-00199,2024-01-04 09:02:53,97.9,61,36.8,148/87,83,72.0,Patient denies any symptoms or discomfort.,0
PAT-00199,2024-01-05 10:25:22,98.8,107,36.2,110/85,91,72.0,Patient describes palpitations.,0
PAT-00199,2024-01-06 10:40:42,92.7,60,35.6,141/92,125,72.0,Reports mild coldness.,0
PAT-00199,2024-01-07 09:18:55,95.2,96,37.0,140/92,80,72.0,Patient denies any symptoms or discomfort.,0
PAT-00199,2024-01-08 08:21:22,97.8,86,36.8,141/95,83,72.0,Patient denies any symptoms or discomfort.,0
PAT-00199,2024-01-09 09:27:52,93.5,109,38.8,110/70,73,72.0,"This morning, restlessness, severe discomfort, fever. worsening symptoms present.",0
PAT-00199,2024-01-10 09:54:09,94.8,68,36.8,115/79,89,72.0,Vitals remain within acceptable limits. No issues noted.,0
PAT-00199,2024-01-11 10:02:00,96.3,64,36.9,121/73,88,72.0,Vitals remain within acceptable limits. No issues noted.,0
PAT-00199,2024-01-12 10:28:57,89.8,64,36.6,139/89,124,72.0,Patient describes dizziness.,0
PAT-00199,2024-01-13 09:51:30,97.3,82,35.7,125/75,179,72.0,"Indicates lowered energy, severe blurred vision, dry mouth, frequent urination. immediate attention may be needed.",1
PAT-00199,2024-01-14 09:24:15,98.1,91,37.3,190/117,139,72.0,"Indicates chest pain, severe headache, dry mouth. immediate attention may be needed.",1
PAT-00199,2024-01-15 10:38:01,91.2,90,37.1,129/73,97,72.0,Patient describes low energy.,1
PAT-00199,2024-01-16 10:53:26,94.1,97,36.2,118/84,79,72.0,Patient denies any symptoms or discomfort.,0
PAT-00199,2024-01-17 08:52:16,98.0,52,36.5,111/74,75,72.0,Patient describes lightheadedness.,1
PAT-00199,2024-01-18 10:30:56,98.0,71,36.9,124/77,76,72.0,Patient denies any symptoms or discomfort.,0
PAT-00199,2024-01-19 10:48:11,93.7,89,37.1,126/85,82,72.0,Vitals remain within acceptable limits. No issues noted.,0
PAT-00199,2024-01-20 09:46:22,94.9,55,37.4,114/80,158,72.0,"Observes severe blurred vision, dry mouth, frequent urination. worsening symptoms present.",0
PAT-00199,2024-01-21 09:56:34,99.4,71,37.3,110/83,174,72.0,"Observes severe blurred vision, dry mouth, frequent urination. immediate attention may be needed.",0
PAT-00199,2024-01-22 10:30:33,100.0,65,35.9,181/112,109,72.0,"Reports lowered energy, chest pain, severe headache. immediate attention may be needed.",0
PAT-00199,2024-01-23 08:03:11,97.9,70,36.7,121/78,82,72.0,No significant complaints today.,0
PAT-00199,2024-01-24 08:15:18,94.8,104,36.7,129/81,74,72.0,Notes anxiety.,0
PAT-00199,2024-01-25 10:18:18,97.6,74,38.0,130/89,103,72.0,"Patient describes muscle aches, severe discomfort. immediate attention may be needed.",1
PAT-00199,2024-01-26 10:24:13,98.1,84,35.6,136/92,71,72.0,Patient notes that lowered energy.,0
PAT-00199,2024-01-27 08:33:06,94.9,78,35.6,142/95,103,72.0,Indicates mild coldness.,0
PAT-00199,2024-01-28 09:41:39,92.5,55,37.2,120/78,75,72.0,Patient denies any symptoms or discomfort.,0
PAT-00199,2024-01-29 10:06:42,97.0,53,37.1,137/95,74,72.0,Reports fatigue.,1
PAT-00199,2024-01-30 10:29:54,95.3,90,38.9,144/86,72,72.0,"Reports severe discomfort, fever. worsening symptoms present.",0
PAT-00200,2024-01-01 09:28:44,96.4,104,38.2,119/76,82,78.4,"Patient notes that palpitations, muscle aches, fever.",0
PAT-00200,2024-01-02 09:06:16,94.3,53,37.7,143/94,94,78.4,"Notes fatigue, night sweats.",1
PAT-00200,2024-01-03 08:40:19,98.8,105,36.7,122/76,92,78.4,Observes anxiety.,1
PAT-00200,2024-01-04 10:47:05,96.9,106,36.5,125/84,82,78.4,Patient notes that restlessness.,1
PAT-00200,2024-01-05 08:34:18,96.5,53,36.1,112/83,120,78.4,"This morning, fatigue.",0
PAT-00200,2024-01-06 10:28:53,97.6,78,36.7,111/70,110,78.4,No symptoms reported. Vitals are within expected range.,0
PAT-00200,2024-01-07 08:26:01,95.6,71,37.2,140/92,145,78.4,"This morning, blurred vision.",0
PAT-00200,2024-01-08 10:48:59,93.7,99,36.8,189/110,89,78.4,"Patient notes that chest pain, severe headache. worsening symptoms present.",0
PAT-00200,2024-01-09 09:27:36,96.0,70,37.3,121/73,120,78.4,Vitals remain within acceptable limits. No issues noted.,0
PAT-00200,2024-01-10 10:05:14,96.6,61,36.5,145/93,77,78.4,Patient is feeling well with all parameters stable.,0
PAT-00200,2024-01-11 08:50:33,96.7,82,37.0,137/90,118,78.4,No symptoms reported. Vitals are within expected range.,0
PAT-00200,2024-01-12 08:47:15,98.1,98,38.1,170/118,92,78.4,"Patient notes that chills, severe discomfort, chest tightness. worsening symptoms present.",0
PAT-00200,2024-01-13 08:47:11,96.1,69,37.7,121/80,96,78.4,Reports night sweats.,0
PAT-00200,2024-01-14 09:11:51,95.1,104,36.9,118/76,80,78.4,Notes palpitations.,1
PAT-00200,2024-01-15 10:52:26,94.7,66,37.2,164/115,170,78.4,"This morning, chest tightness, severe blurred vision, dry mouth, frequent urination. immediate attention may be needed.",0
PAT-00200,2024-01-16 09:16:40,94.9,88,37.3,131/87,86,78.4,No symptoms reported. Vitals are within expected range.,0
PAT-00200,2024-01-17 09:00:49,96.3,60,37.4,187/115,82,78.4,"Today, patient states chest pain, severe headache. worsening symptoms present.",1
PAT-00200,2024-01-18 09:13:13,96.0,54,37.6,143/85,75,78.4,"Observes slow pulse, body aches.",0
PAT-00200,2024-01-19 08:15:46,97.2,71,37.3,172/108,72,78.4,Observes vision issues.,0
PAT-00200,2024-01-20 10:51:35,96.5,60,35.8,145/85,125,78.4,Patient notes that mild coldness.,0
PAT-00200,2024-01-21 09:46:46,96.9,88,36.2,162/108,91,78.4,"Today, patient states vision issues.",1
PAT-00200,2024-01-22 08:30:08,98.1,80,37.2,116/82,116,78.4,No symptoms reported. Vitals are within expected range.,0
PAT-00200,2024-01-23 09:46:47,100.0,60,37.2,119/81,75,78.4,No symptoms reported. Vitals are within expected range.,0
PAT-00200,2024-01-24 10:56:48,100.0,64,36.9,137/90,79,78.4,Patient is feeling well with all parameters stable.,0
PAT-00200,2024-01-25 08:16:02,96.1,100,36.2,121/77,71,78.4,No symptoms reported. Vitals are within expected range.,0
PAT-00200,2024-01-26 08:14:39,98.0,90,36.9,110/78,81,78.4,Vitals remain within acceptable limits. No issues noted.,0
PAT-00200,2024-01-27 09:54:40,98.7,52,36.9,116/78,101,78.4,Indicates slow pulse.,1
PAT-00200,2024-01-28 09:26:35,94.9,85,37.3,188/107,140,78.4,"Patient notes that chest pain, severe headache, dry mouth. worsening symptoms present.",0
PAT-00200,2024-01-29 09:15:32,93.9,55,37.9,128/72,86,78.4,Notes mild fever.,0
PAT-00200,2024-01-30 10:36:49,98.1,57,36.6,119/82,163,78.4,"Patient describes severe blurred vision, dry mouth, frequent urination. immediate attention may be needed.",1
PAT-00201,2024-01-01 09:45:23,100.0,75,36.5,182/106,96,70.5,"Today, patient states chest pain, severe headache. worsening symptoms present.",0
PAT-00201,2024-01-02 08:29:39,99.1,94,37.3,122/82,100,70.5,No symptoms reported. Vitals are within expected range.,0
PAT-00201,2024-01-03 09:16:29,94.9,101,35.9,110/73,155,70.5,"Patient notes that restlessness, mild coldness, severe blurred vision, dry mouth, frequent urination. immediate attention may be needed.",1
PAT-00201,2024-01-04 09:22:50,96.2,70,36.1,126/71,120,70.5,No significant complaints today.,0
PAT-00201,2024-01-05 10:59:25,94.9,59,36.9,125/74,75,70.5,Patient is feeling well with all parameters stable.,0
PAT-00201,2024-01-06 09:11:02,95.5,98,36.4,117/70,71,70.5,Patient is feeling well with all parameters stable.,0
PAT-00201,2024-01-07 10:04:36,95.9,93,37.3,111/83,118,70.5,No symptoms reported. Vitals are within expected range.,0
PAT-00201,2024-01-08 10:54:15,96.5,56,36.7,137/90,88,70.5,No symptoms reported. Vitals are within expected range.,0
PAT-00201,2024-01-09 09:45:09,96.7,91,37.1,114/82,103,70.5,Patient is feeling well with all parameters stable.,0
PAT-00201,2024-01-10 08:10:35,94.0,73,38.8,113/78,70,70.5,"Patient notes that chills, muscle aches.",1
PAT-00201,2024-01-11 08:16:47,96.9,109,35.7,164/105,144,70.5,"This morning, palpitations, mild coldness, chest tightness, blurred vision.",0
PAT-00201,2024-01-12 08:00:01,95.0,93,37.0,116/74,114,70.5,Patient denies any symptoms or discomfort.,0
PAT-00201,2024-01-13 10:43:10,98.2,68,36.9,137/90,71,70.5,Patient denies any symptoms or discomfort.,0
PAT-00201,2024-01-14 08:45:59,93.8,97,35.7,170/107,94,70.5,"Patient notes that mild coldness, vision issues.",1
PAT-00201,2024-01-15 08:40:31,97.5,56,35.7,115/78,98,70.5,Observes lowered energy.,0
PAT-00201,2024-01-16 09:18:03,94.0,58,37.0,129/84,114,70.5,Patient is feeling well with all parameters stable.,0
PAT-00201,2024-01-17 09:04:57,99.7,68,36.7,130/93,138,70.5,Indicates blurred vision.,0
PAT-00201,2024-01-18 08:25:15,96.6,88,37.4,137/91,101,70.5,Vitals remain within acceptable limits. No issues noted.,0
PAT-00201,2024-01-19 08:58:07,95.3,83,37.1,170/113,115,70.5,"This morning, vision issues.",1
PAT-00201,2024-01-20 09:47:59,94.8,89,36.6,116/83,105,70.5,No significant complaints today.,0
PAT-00201,2024-01-21 09:51:38,94.0,81,38.9,127/85,171,70.5,"Today, patient states headache, severe discomfort, severe blurred vision, dry mouth, frequent urination. worsening symptoms present.",1
PAT-00201,2024-01-22 10:11:44,96.6,99,37.1,166/116,104,70.5,Notes chest tightness.,1
PAT-00201,2024-01-23 10:10:10,96.2,65,37.1,135/93,107,70.5,Patient denies any symptoms or discomfort.,0
PAT-00201,2024-01-24 10:50:05,95.4,66,37.4,146/90,105,70.5,Patient is feeling well with all parameters stable.,0
PAT-00201,2024-01-25 09:38:01,96.2,56,35.7,134/92,91,70.5,Notes mild coldness.,0
PAT-00201,2024-01-26 08:56:46,97.5,81,35.7,113/78,79,70.5,"This morning, mild coldness.",0
PAT-00201,2024-01-27 08:11:37,95.4,94,38.4,118/81,82,70.5,"Today, patient states headache, fever.",0
PAT-00201,2024-01-28 08:57:55,92.9,82,38.0,130/81,101,70.5,"This morning, muscle aches, headache.",0
PAT-00201,2024-01-29 10:44:12,98.2,66,35.6,180/114,143,70.5,"Patient notes that mild coldness, headaches, blurred vision.",0
PAT-00201,2024-01-30 10:56:59,96.6,97,36.6,116/84,116,70.5,Patient denies any symptoms or discomfort.,0
PAT-00202,2024-01-01 08:46:57,97.5,59,36.5,110/80,77,64.2,Patient denies any symptoms or discomfort.,0
PAT-00202,2024-01-02 10:47:17,98.2,100,36.4,127/85,81,64.2,No symptoms reported. Vitals are within expected range.,0
PAT-00202,2024-01-03 10:44:11,98.9,71,37.4,145/87,77,64.2,Patient is feeling well with all parameters stable.,0
PAT-00202,2024-01-04 08:00:30,93.8,60,36.4,127/83,102,64.2,Patient denies any symptoms or discomfort.,0
PAT-00202,2024-01-05 09:32:52,95.0,99,36.2,122/84,79,64.2,No significant complaints today.,0
PAT-00202,2024-01-06 08:47:39,95.7,63,37.0,118/77,93,64.2,Vitals remain within acceptable limits. No issues noted.,0
PAT-00202,2024-01-07 09:02:35,94.6,80,37.8,122/74,91,64.2,Indicates mild fever.,0
PAT-00202,2024-01-08 10:00:47,97.4,95,36.4,120/74,91,64.2,No significant complaints today.,0
PAT-00202,2024-01-09 10:06:50,95.2,51,37.1,111/81,111,64.2,Observes slow pulse.,0
PAT-00202,2024-01-10 09:04:09,98.7,56,37.1,143/92,83,64.2,Patient denies any symptoms or discomfort.,0
PAT-00202,2024-01-11 09:03:47,94.1,100,35.9,148/91,145,64.2,"Today, patient states lowered energy, blurred vision.",0
PAT-00202,2024-01-12 09:10:53,95.9,69,36.5,186/110,94,64.2,"Today, patient states chest pain, severe headache. worsening symptoms present.",1
PAT-00202,2024-01-13 08:01:27,91.9,100,36.9,118/77,104,64.2,Reports dizziness.,1
PAT-00202,2024-01-14 08:19:55,95.7,61,36.3,116/85,102,64.2,Patient is feeling well with all parameters stable.,0
PAT-00202,2024-01-15 10:17:12,95.2,85,35.8,133/85,89,64.2,Patient notes that mild coldness.,0
PAT-00202,2024-01-16 09:34:15,96.8,110,36.9,130/94,123,64.2,"Today, patient states restlessness.",1
PAT-00202,2024-01-17 08:47:11,97.7,95,36.8,171/105,93,64.2,Notes headaches.,0
PAT-00202,2024-01-18 09:28:35,96.9,57,37.1,111/83,84,64.2,No significant complaints today.,0
PAT-00202,2024-01-19 09:10:32,92.3,56,37.2,130/77,71,64.2,No symptoms reported. Vitals are within expected range.,0
PAT-00202,2024-01-20 09:33:05,96.5,83,37.3,131/86,93,64.2,No symptoms reported. Vitals are within expected range.,0
PAT-00202,2024-01-21 08:18:53,99.2,69,36.6,126/70,111,64.2,Patient denies any symptoms or discomfort.,0
PAT-00202,2024-01-22 10:19:08,97.7,93,36.9,163/116,156,64.2,"Patient describes headaches, severe blurred vision, dry mouth, frequent urination. immediate attention may be needed.",0
PAT-00202,2024-01-23 09:37:04,94.1,86,36.5,111/71,114,64.2,Patient is feeling well with all parameters stable.,0
PAT-00202,2024-01-24 10:04:46,99.5,99,37.0,189/118,75,64.2,"Patient describes chest pain, severe headache. immediate attention may be needed.",1
PAT-00202,2024-01-25 10:13:01,96.4,103,37.0,119/71,98,64.2,Reports restlessness.,1
PAT-00202,2024-01-26 08:29:02,95.8,60,35.7,118/76,72,64.2,Patient notes that mild coldness.,0
PAT-00202,2024-01-27 08:13:05,97.6,55,36.7,126/84,161,64.2,"Patient notes that severe blurred vision, dry mouth, frequent urination. immediate attention may be needed.",0
PAT-00202,2024-01-28 09:00:49,96.3,73,37.2,124/81,90,64.2,No significant complaints today.,0
PAT-00202,2024-01-29 08:16:33,100.0,67,36.5,121/72,110,64.2,No symptoms reported. Vitals are within expected range.,0
PAT-00202,2024-01-30 10:22:07,94.1,54,35.5,134/92,85,64.2,"Reports lightheadedness, mild coldness.",0
PAT-00203,2024-01-01 08:34:24,100.0,51,36.8,113/80,73,72.6,Reports lightheadedness.,0
PAT-00203,2024-01-02 09:11:55,95.6,105,37.8,113/78,76,72.6,"Today, patient states restlessness, body aches.",0
PAT-00203,2024-01-03 08:25:06,96.9,60,36.8,123/80,126,72.6,Notes frequent urination.,0
PAT-00203,2024-01-04 09:11:20,95.2,55,38.5,136/86,97,72.6,"Today, patient states fever, headache.",0
PAT-00203,2024-01-05 08:11:09,96.8,60,36.5,124/74,80,72.6,Patient denies any symptoms or discomfort.,0
PAT-00203,2024-01-06 10:19:20,97.0,86,38.6,183/105,79,72.6,"Patient describes fever, headache, chest pain, severe headache. worsening symptoms present.",1
PAT-00203,2024-01-07 09:43:37,97.8,64,36.6,120/77,96,72.6,Vitals remain within acceptable limits. No issues noted.,0
PAT-00203,2024-01-08 08:06:43,95.9,60,36.6,189/118,93,72.6,"Today, patient states chest pain, severe headache. worsening symptoms present.",0
PAT-00203,2024-01-09 10:06:49,98.9,82,35.8,186/108,175,72.6,"Patient describes mild coldness, chest pain, severe headache, severe blurred vision, dry mouth, frequent urination. worsening symptoms present.",1
PAT-00203,2024-01-10 10:43:32,94.0,63,37.0,115/84,122,72.6,Patient denies any symptoms or discomfort.,0
PAT-00203,2024-01-11 08:42:44,95.2,87,37.2,150/87,86,72.6,No significant complaints today.,0
PAT-00203,2024-01-12 10:04:21,97.7,82,36.8,178/108,89,72.6,Patient notes that chest tightness.,0
PAT-00203,2024-01-13 08:19:45,96.4,70,37.0,131/87,82,72.6,No significant complaints today.,0
PAT-00203,2024-01-14 10:11:30,97.3,67,37.9,147/91,120,72.6,Observes body aches.,0
PAT-00203,2024-01-15 09:35:04,95.1,88,37.5,112/71,110,72.6,"This morning, mild fever.",0
PAT-00203,2024-01-16 10:08:44,100.0,104,36.7,114/78,76,72.6,Observes palpitations.,1
PAT-00203,2024-01-17 09:39:33,97.2,67,37.2,122/84,84,72.6,No symptoms reported. Vitals are within expected range.,0
PAT-00203,2024-01-18 09:00:32,99.9,82,37.0,114/78,71,72.6,No significant complaints today.,0
PAT-00203,2024-01-19 08:45:44,95.7,97,36.4,116/73,81,72.6,Patient denies any symptoms or discomfort.,0
PAT-00203,2024-01-20 08:03:35,93.2,65,38.4,117/83,112,72.6,"This morning, fever, headache.",1
PAT-00203,2024-01-21 09:52:58,94.5,94,35.6,128/80,93,72.6,"This morning, mild coldness.",0
PAT-00203,2024-01-22 09:03:56,94.0,60,39.0,127/83,163,72.6,"Reports headache, fever, severe blurred vision, dry mouth, frequent urination. worsening symptoms present.",0
PAT-00203,2024-01-23 08:35:17,96.2,50,38.3,137/94,70,72.6,"Indicates slow pulse, severe discomfort, chills. immediate attention may be needed.",1
PAT-00203,2024-01-24 09:13:48,96.1,56,38.0,110/83,77,72.6,"Patient notes that chills, severe discomfort. immediate attention may be needed.",1
PAT-00203,2024-01-25 09:44:25,95.2,80,36.5,145/91,70,72.6,No significant complaints today.,0
PAT-00203,2024-01-26 08:33:41,95.3,60,37.0,180/101,110,72.6,Patient describes chest tightness.,1
PAT-00203,2024-01-27 08:26:40,100.0,79,36.9,115/81,71,72.6,No significant complaints today.,0
PAT-00203,2024-01-28 09:57:27,94.6,89,36.4,139/89,95,72.6,Patient denies any symptoms or discomfort.,0
PAT-00203,2024-01-29 10:47:18,99.5,84,36.6,112/74,78,72.6,Vitals remain within acceptable limits. No issues noted.,0
PAT-00203,2024-01-30 08:25:03,99.8,71,37.0,110/75,89,72.6,Vitals remain within acceptable limits. No issues noted.,0
PAT-00204,2024-01-01 09:05:37,96.3,51,36.9,130/73,93,80.4,"Today, patient states fatigue.",0
PAT-00204,2024-01-02 10:16:39,94.4,60,36.9,117/74,179,80.4,"Reports severe blurred vision, dry mouth, frequent urination. immediate attention may be needed.",0
PAT-00204,2024-01-03 09:36:53,95.8,92,36.7,113/85,83,80.4,No significant complaints today.,0
PAT-00204,2024-01-04 09:01:44,96.2,60,37.7,185/101,108,80.4,"Indicates mild fever, chest pain, severe headache. immediate attention may be needed.",0
PAT-00204,2024-01-05 08:47:55,97.6,63,38.2,120/84,81,80.4,"Patient notes that chills, severe discomfort. immediate attention may be needed.",1
PAT-00204,2024-01-06 10:15:52,95.2,77,37.3,142/85,99,80.4,Patient denies any symptoms or discomfort.,0
PAT-00204,2024-01-07 08:13:27,93.2,57,38.6,119/83,84,80.4,"Indicates muscle aches, headache.",1
PAT-00204,2024-01-08 08:49:50,93.9,70,39.0,112/80,107,80.4,"Notes muscle aches, headache.",0
PAT-00204,2024-01-09 08:31:00,96.5,106,37.3,113/75,71,80.4,Patient describes restlessness.,0
PAT-00204,2024-01-10 10:01:13,95.9,75,36.9,177/102,97,80.4,Reports chest tightness.,0
PAT-00204,2024-01-11 10:09:51,96.4,87,37.7,110/74,180,80.4,"Notes mild fever, severe blurred vision, dry mouth, frequent urination. worsening symptoms present.",1
PAT-00204,2024-01-12 09:00:38,96.6,109,35.8,110/84,148,80.4,"Observes restlessness, lowered energy, blurred vision.",0
PAT-00204,2024-01-13 10:01:31,95.9,88,36.6,122/78,79,80.4,Patient denies any symptoms or discomfort.,0
PAT-00204,2024-01-14 08:17:14,97.6,85,37.3,148/89,123,80.4,No symptoms reported. Vitals are within expected range.,0
PAT-00204,2024-01-15 09:41:09,97.4,52,37.6,135/92,122,80.4,"Observes fatigue, mild fever.",1
PAT-00204,2024-01-16 09:17:49,95.3,110,37.9,111/75,93,80.4,"This morning, restlessness, mild fever.",0
PAT-00204,2024-01-17 09:54:50,97.1,73,37.0,121/80,118,80.4,No symptoms reported. Vitals are within expected range.,0
PAT-00204,2024-01-18 10:33:37,95.6,70,37.4,122/82,108,80.4,Patient is feeling well with all parameters stable.,0
PAT-00204,2024-01-19 10:37:28,96.4,68,36.1,171/106,98,80.4,Reports vision issues.,0
PAT-00204,2024-01-20 08:14:34,97.1,69,37.1,127/84,152,80.4,"Reports severe blurred vision, dry mouth, frequent urination. worsening symptoms present.",0
PAT-00204,2024-01-21 09:19:16,96.2,97,36.5,117/84,98,80.4,Vitals remain within acceptable limits. No issues noted.,0
PAT-00204,2024-01-22 10:41:02,98.0,79,37.2,131/93,147,80.4,Patient notes that dry mouth.,0
PAT-00204,2024-01-23 10:29:38,94.4,99,37.0,124/82,94,80.4,No symptoms reported. Vitals are within expected range.,0
PAT-00204,2024-01-24 10:45:13,95.8,80,37.3,118/75,92,80.4,No symptoms reported. Vitals are within expected range.,0
PAT-00204,2024-01-25 08:18:59,95.3,78,37.0,165/120,115,80.4,Patient notes that vision issues.,0
PAT-00204,2024-01-26 08:18:25,97.2,92,38.2,120/72,125,80.4,"Observes chills, fever.",1
PAT-00204,2024-01-27 10:00:52,94.6,76,38.3,129/83,71,80.4,"Observes fever, severe discomfort. worsening symptoms present.",0
PAT-00204,2024-01-28 09:55:20,97.3,76,36.6,129/84,158,80.4,"This morning, severe blurred vision, dry mouth, frequent urination. worsening symptoms present.",0
PAT-00204,2024-01-29 08:47:23,98.5,87,36.0,123/81,87,80.4,Patient denies any symptoms or discomfort.,0
PAT-00204,2024-01-30 08:35:52,97.7,100,36.6,118/71,90,80.4,No significant complaints today.,0
PAT-00205,2024-01-01 10:21:01,99.2,82,37.2,117/82,106,55.8,No significant complaints today.,0
PAT-00205,2024-01-02 09:24:38,94.6,90,36.9,146/86,108,55.8,Patient denies any symptoms or discomfort.,0
PAT-00205,2024-01-03 10:25:02,97.4,64,37.3,129/82,125,55.8,Patient is feeling well with all parameters stable.,0
PAT-00205,2024-01-04 08:43:35,97.2,97,36.8,132/90,91,55.8,No symptoms reported. Vitals are within expected range.,0
PAT-00205,2024-01-05 09:01:29,95.2,88,35.8,149/86,89,55.8,Notes mild coldness.,0
PAT-00205,2024-01-06 10:31:33,96.0,56,35.6,110/72,81,55.8,"Today, patient states mild coldness.",0
PAT-00205,2024-01-07 08:59:17,94.7,85,37.8,140/86,75,55.8,"This morning, body aches.",0
PAT-00205,2024-01-08 10:47:16,100.0,71,36.6,168/102,86,55.8,"Today, patient states chest tightness.",0
PAT-00205,2024-01-09 10:33:06,95.1,99,38.4,130/85,94,55.8,"Patient notes that muscle aches, chills.",1
PAT-00205,2024-01-10 09:14:33,96.8,52,37.2,111/76,119,55.8,Patient describes fatigue.,0
PAT-00205,2024-01-11 08:28:32,95.6,73,36.7,124/84,97,55.8,No significant complaints today.,0
PAT-00205,2024-01-12 08:02:49,95.3,70,36.4,116/80,85,55.8,No symptoms reported. Vitals are within expected range.,0
PAT-00205,2024-01-13 10:14:25,93.0,57,36.8,136/88,82,55.8,No significant complaints today.,0
PAT-00205,2024-01-14 08:16:30,94.2,68,37.0,112/81,94,55.8,Vitals remain within acceptable limits. No issues noted.,0
PAT-00205,2024-01-15 10:14:09,93.8,109,36.9,140/91,83,55.8,Reports anxiety.,1
PAT-00205,2024-01-16 10:56:49,95.4,85,37.0,115/78,90,55.8,Vitals remain within acceptable limits. No issues noted.,0
PAT-00205,2024-01-17 09:34:21,95.1,62,36.6,144/93,105,55.8,No significant complaints today.,0
PAT-00205,2024-01-18 10:31:30,96.5,66,36.6,111/82,72,55.8,Vitals remain within acceptable limits. No issues noted.,0
PAT-00205,2024-01-19 08:05:31,94.8,81,37.1,118/72,119,55.8,No significant complaints today.,0
PAT-00205,2024-01-20 08:57:46,96.9,61,35.7,111/74,80,55.8,"Today, patient states lowered energy.",0
PAT-00205,2024-01-21 10:21:59,94.6,79,38.8,150/91,96,55.8,"Today, patient states chills, headache.",1
PAT-00205,2024-01-22 10:30:30,94.8,75,36.6,122/80,78,55.8,Patient is feeling well with all parameters stable.,0
PAT-00205,2024-01-23 08:19:30,97.6,93,37.3,119/81,73,55.8,Vitals remain within acceptable limits. No issues noted.,0
PAT-00205,2024-01-24 09:42:56,94.2,50,37.7,114/75,152,55.8,"Observes fatigue, body aches, severe blurred vision, dry mouth, frequent urination. worsening symptoms present.",0
PAT-00205,2024-01-25 08:36:14,98.0,60,36.5,142/92,81,55.8,Patient is feeling well with all parameters stable.,0
PAT-00205,2024-01-26 09:23:48,93.4,68,36.4,120/78,70,55.8,No significant complaints today.,0
PAT-00205,2024-01-27 10:40:32,97.8,84,38.0,128/77,89,55.8,"Patient notes that headache, muscle aches.",0
PAT-00205,2024-01-28 09:42:19,98.3,80,38.5,115/75,91,55.8,"Indicates fever, muscle aches.",0
PAT-00205,2024-01-29 09:56:16,94.3,75,36.8,122/81,158,55.8,"Today, patient states severe blurred vision, dry mouth, frequent urination. worsening symptoms present.",1
PAT-00205,2024-01-30 10:54:00,96.8,92,36.7,127/84,82,55.8,Vitals remain within acceptable limits. No issues noted.,0
PAT-00206,2024-01-01 08:17:54,95.4,53,38.6,126/80,98,85.1,"Reports slow pulse, chills, headache.",0
PAT-00206,2024-01-02 09:49:44,96.4,76,38.5,137/89,90,85.1,"Patient describes muscle aches, chills.",1
PAT-00206,2024-01-03 10:39:44,98.7,104,37.2,117/80,79,85.1,"This morning, restlessness.",1
PAT-00206,2024-01-04 08:09:39,94.3,54,35.8,147/85,109,85.1,"Observes slow pulse, lowered energy.",0
PAT-00206,2024-01-05 10:39:45,96.2,90,38.3,127/71,87,85.1,"Today, patient states headache, severe discomfort. worsening symptoms present.",1
PAT-00206,2024-01-06 09:42:11,98.2,75,36.8,115/79,154,85.1,"Indicates severe blurred vision, dry mouth, frequent urination. immediate attention may be needed.",0
PAT-00206,2024-01-07 09:28:35,93.6,74,37.3,136/92,125,85.1,No significant complaints today.,0
PAT-00206,2024-01-08 09:07:53,94.4,56,37.9,115/72,93,85.1,"Today, patient states night sweats.",0
PAT-00206,2024-01-09 09:54:05,99.1,67,36.8,126/85,76,85.1,No significant complaints today.,0
PAT-00206,2024-01-10 08:44:40,93.6,53,37.4,132/94,92,85.1,Observes lightheadedness.,1
PAT-00206,2024-01-11 10:07:27,97.5,65,36.6,119/82,89,85.1,Vitals remain within acceptable limits. No issues noted.,0
PAT-00206,2024-01-12 09:11:59,93.7,51,36.7,126/74,105,85.1,Indicates fatigue.,0
PAT-00206,2024-01-13 10:40:11,97.5,64,36.8,168/115,82,85.1,Observes vision issues.,1
PAT-00206,2024-01-14 10:29:06,99.2,102,36.5,124/72,120,85.1,Patient notes that restlessness.,0
PAT-00206,2024-01-15 08:21:29,92.9,77,36.6,121/75,76,85.1,Patient is feeling well with all parameters stable.,0
PAT-00206,2024-01-16 10:32:03,97.7,60,35.5,185/119,76,85.1,"Reports lowered energy, chest pain, severe headache. immediate attention may be needed.",0
PAT-00206,2024-01-17 09:15:16,93.3,100,36.5,118/74,79,85.1,No symptoms reported. Vitals are within expected range.,0
PAT-00206,2024-01-18 08:22:56,96.0,100,36.7,126/75,97,85.1,No symptoms reported. Vitals are within expected range.,0
PAT-00206,2024-01-19 10:07:52,96.0,78,37.2,140/86,114,85.1,Patient denies any symptoms or discomfort.,0
PAT-00206,2024-01-20 08:28:52,97.1,60,37.2,173/114,85,85.1,Observes vision issues.,0
PAT-00206,2024-01-21 10:12:52,99.8,93,38.3,136/86,95,85.1,"Patient notes that headache, muscle aches.",0
PAT-00206,2024-01-22 08:12:25,96.9,99,35.7,115/81,110,85.1,"Today, patient states mild coldness.",0
PAT-00206,2024-01-23 08:15:44,92.8,95,36.8,186/102,101,85.1,"Reports chest pain, severe headache. immediate attention may be needed.",0
PAT-00206,2024-01-24 09:44:25,96.4,57,36.1,120/72,79,85.1,Patient denies any symptoms or discomfort.,0
PAT-00206,2024-01-25 09:30:02,100.0,97,36.4,113/85,100,85.1,Vitals remain within acceptable limits. No issues noted.,0
PAT-00206,2024-01-26 10:42:46,92.9,52,36.9,121/76,75,85.1,Reports lightheadedness.,0
PAT-00206,2024-01-27 08:21:19,98.2,71,37.3,122/76,95,85.1,Vitals remain within acceptable limits. No issues noted.,0
PAT-00206,2024-01-28 10:32:32,95.3,60,36.6,117/83,116,85.1,Patient is feeling well with all parameters stable.,0
PAT-00206,2024-01-29 09:40:54,96.0,86,36.9,169/109,123,85.1,Reports headaches.,0
PAT-00206,2024-01-30 09:59:12,95.8,84,35.5,114/83,97,85.1,"Today, patient states lowered energy.",0
PAT-00207,2024-01-01 10:01:24,93.7,50,38.9,138/87,118,75.1,"Reports fatigue, chills, severe discomfort. immediate attention may be needed.",0
PAT-00207,2024-01-02 08:17:28,96.5,54,36.2,116/80,71,75.1,Indicates fatigue.,0
PAT-00207,2024-01-03 08:03:36,96.9,108,38.3,183/106,86,75.1,"Reports restlessness, chills, fever, chest pain, severe headache. immediate attention may be needed.",0
PAT-00207,2024-01-04 08:13:32,92.5,64,37.1,128/76,88,75.1,No symptoms reported. Vitals are within expected range.,0
PAT-00207,2024-01-05 09:56:00,94.2,101,38.0,129/81,79,75.1,"Observes restlessness, headache, fever.",0
PAT-00207,2024-01-06 08:46:40,96.7,56,36.7,126/71,141,75.1,Notes blurred vision.,0
PAT-00207,2024-01-07 08:00:55,94.5,70,36.8,181/108,113,75.1,"Patient describes chest pain, severe headache. immediate attention may be needed.",1
PAT-00207,2024-01-08 10:49:12,93.9,63,36.6,186/108,76,75.1,"Today, patient states chest pain, severe headache. immediate attention may be needed.",1
PAT-00207,2024-01-09 09:31:16,97.5,96,37.8,135/86,123,75.1,Reports mild fever.,0
PAT-00207,2024-01-10 09:17:36,93.9,70,37.5,149/95,93,75.1,"This morning, body aches.",0
PAT-00207,2024-01-11 10:30:38,98.3,93,36.5,179/112,179,75.1,"Patient describes vision issues, severe blurred vision, dry mouth, frequent urination. worsening symptoms present.",1
PAT-00207,2024-01-12 08:15:24,99.6,69,38.8,112/85,90,75.1,"This morning, headache, muscle aches.",0
PAT-00207,2024-01-13 09:36:19,96.4,77,38.5,180/106,125,75.1,"Patient describes headache, fever, vision issues.",1
PAT-00207,2024-01-14 08:26:52,97.8,76,37.2,110/73,94,75.1,No significant complaints today.,0
PAT-00207,2024-01-15 10:13:47,96.4,73,37.3,160/119,82,75.1,"Today, patient states headaches.",1
PAT-00207,2024-01-16 09:40:54,99.5,66,36.1,150/89,98,75.1,Patient is feeling well with all parameters stable.,0
PAT-00207,2024-01-17 08:03:00,96.6,59,36.6,143/85,73,75.1,Patient is feeling well with all parameters stable.,0
PAT-00207,2024-01-18 09:12:51,97.4,60,37.3,110/81,77,75.1,No significant complaints today.,0
PAT-00207,2024-01-19 09:47:11,95.1,99,36.8,181/117,87,75.1,"Patient describes chest pain, severe headache. worsening symptoms present.",0
PAT-00207,2024-01-20 09:38:31,98.7,61,36.8,118/83,108,75.1,No significant complaints today.,0
PAT-00207,2024-01-21 09:06:43,94.4,102,36.8,128/76,105,75.1,Notes anxiety.,0
PAT-00207,2024-01-22 09:57:48,100.0,80,37.3,188/114,94,75.1,"Notes chest pain, severe headache. immediate attention may be needed.",1
PAT-00207,2024-01-23 10:36:13,94.0,101,36.6,116/73,90,75.1,"Today, patient states palpitations.",0
PAT-00207,2024-01-24 10:04:44,95.1,56,36.0,186/112,85,75.1,"Indicates chest pain, severe headache. worsening symptoms present.",1
PAT-00207,2024-01-25 10:55:43,96.5,55,37.4,164/102,86,75.1,Observes headaches.,1
PAT-00207,2024-01-26 10:02:16,95.1,96,35.6,149/89,74,75.1,Patient describes mild coldness.,0
PAT-00207,2024-01-27 10:43:42,96.9,76,37.4,128/74,80,75.1,Vitals remain within acceptable limits. No issues noted.,0
PAT-00207,2024-01-28 10:50:12,97.3,79,36.7,127/71,76,75.1,No symptoms reported. Vitals are within expected range.,0
PAT-00207,2024-01-29 08:28:30,96.7,66,37.0,132/87,101,75.1,Patient denies any symptoms or discomfort.,0
PAT-00207,2024-01-30 10:26:36,97.1,110,36.1,139/93,111,75.1,Patient describes palpitations.,0
PAT-00208,2024-01-01 10:29:35,95.3,92,36.6,116/78,127,74.3,Patient notes that frequent urination.,0
PAT-00208,2024-01-02 08:59:17,97.8,60,37.3,140/85,93,74.3,Patient denies any symptoms or discomfort.,0
PAT-00208,2024-01-03 08:15:45,98.9,102,36.7,112/85,98,74.3,Patient describes palpitations.,0
PAT-00208,2024-01-04 09:32:52,96.2,55,37.8,119/73,93,74.3,"This morning, body aches.",0
PAT-00208,2024-01-05 10:16:32,98.0,51,37.0,110/79,91,74.3,"This morning, fatigue.",0
PAT-00208,2024-01-06 08:44:36,96.5,72,37.2,114/80,96,74.3,Vitals remain within acceptable limits. No issues noted.,0
PAT-00208,2024-01-07 08:17:17,96.9,63,36.2,114/84,71,74.3,No symptoms reported. Vitals are within expected range.,0
PAT-00208,2024-01-08 10:12:42,95.9,64,36.9,133/90,74,74.3,No symptoms reported. Vitals are within expected range.,0
PAT-00208,2024-01-09 09:51:27,95.1,51,36.8,113/73,98,74.3,"Today, patient states fatigue.",0
PAT-00208,2024-01-10 10:02:38,94.7,72,35.9,140/87,99,74.3,Reports lowered energy.,0
PAT-00208,2024-01-11 09:52:50,96.9,103,36.6,148/89,86,74.3,Patient describes palpitations.,1
PAT-00208,2024-01-12 08:10:45,97.6,66,36.5,117/70,73,74.3,Vitals remain within acceptable limits. No issues noted.,0
PAT-00208,2024-01-13 10:52:24,98.3,100,36.9,121/82,120,74.3,Patient is feeling well with all parameters stable.,0
PAT-00208,2024-01-14 08:14:35,95.8,110,36.9,116/82,116,74.3,Reports restlessness.,0
PAT-00208,2024-01-15 09:18:25,92.2,95,36.8,115/70,93,74.3,No significant complaints today.,0
PAT-00208,2024-01-16 10:38:41,97.6,61,38.5,140/88,116,74.3,"Patient notes that severe discomfort, fever. worsening symptoms present.",0
PAT-00208,2024-01-17 09:00:39,94.8,84,35.7,118/75,159,74.3,"Observes mild coldness, severe blurred vision, dry mouth, frequent urination. worsening symptoms present.",1
PAT-00208,2024-01-18 09:09:21,95.2,57,36.8,175/105,131,74.3,"Indicates chest tightness, frequent urination.",1
PAT-00208,2024-01-19 09:59:07,96.5,91,36.2,121/72,99,74.3,Vitals remain within acceptable limits. No issues noted.,0
PAT-00208,2024-01-20 10:32:47,97.4,86,36.2,112/81,80,74.3,No symptoms reported. Vitals are within expected range.,0
PAT-00208,2024-01-21 10:19:37,95.7,71,36.9,121/75,165,74.3,"Observes severe blurred vision, dry mouth, frequent urination. immediate attention may be needed.",1
PAT-00208,2024-01-22 10:20:08,98.1,94,37.3,113/85,106,74.3,Patient denies any symptoms or discomfort.,0
PAT-00208,2024-01-23 09:09:16,94.8,106,37.9,125/75,118,74.3,"This morning, anxiety, mild fever.",0
PAT-00208,2024-01-24 08:39:04,96.4,110,36.9,189/114,75,74.3,"Patient notes that restlessness, chest pain, severe headache. worsening symptoms present.",0
PAT-00208,2024-01-25 10:41:15,97.0,83,37.2,138/87,71,74.3,No significant complaints today.,0
PAT-00208,2024-01-26 09:33:48,95.1,93,36.6,167/103,79,74.3,Observes headaches.,1
PAT-00208,2024-01-27 09:14:03,95.3,96,36.6,111/74,78,74.3,Patient is feeling well with all parameters stable.,0
PAT-00208,2024-01-28 08:00:07,98.6,51,36.3,116/72,109,74.3,Notes fatigue.,0
PAT-00208,2024-01-29 08:05:18,96.9,97,37.1,124/85,86,74.3,No significant complaints today.,0
PAT-00208,2024-01-30 09:42:58,94.4,109,35.6,164/104,98,74.3,"This morning, restlessness, lowered energy, chest tightness.",0
PAT-00209,2024-01-01 10:19:36,98.6,74,37.3,172/119,120,88.3,Indicates headaches.,0
PAT-00209,2024-01-02 09:25:42,95.5,78,37.1,123/79,102,88.3,Patient is feeling well with all parameters stable.,0
PAT-00209,2024-01-03 09:00:54,93.2,104,36.6,143/89,89,88.3,Observes anxiety.,0
PAT-00209,2024-01-04 10:28:45,96.4,72,37.0,136/88,88,88.3,Patient denies any symptoms or discomfort.,0
PAT-00209,2024-01-05 08:02:28,97.6,93,36.5,133/94,97,88.3,Vitals remain within acceptable limits. No issues noted.,0
PAT-00209,2024-01-06 09:03:42,91.9,101,38.9,130/75,104,88.3,"Indicates shortness of breath, palpitations, fever, chills.",0
PAT-00209,2024-01-07 08:46:18,94.6,64,36.6,114/81,162,88.3,"Today, patient states severe blurred vision, dry mouth, frequent urination. immediate attention may be needed.",0
PAT-00209,2024-01-08 10:58:08,95.8,53,36.6,127/72,95,88.3,"Today, patient states fatigue.",0
PAT-00209,2024-01-09 09:57:04,97.9,73,38.3,142/94,121,88.3,"Notes headache, muscle aches.",0
PAT-00209,2024-01-10 09:37:31,94.6,61,37.3,125/73,73,88.3,No symptoms reported. Vitals are within expected range.,0
PAT-00209,2024-01-11 08:07:23,93.7,75,35.9,127/84,74,88.3,Patient describes mild coldness.,0
PAT-00209,2024-01-12 09:07:20,94.5,60,36.6,121/82,126,88.3,Observes blurred vision.,0
PAT-00209,2024-01-13 08:25:55,97.5,95,37.1,119/80,95,88.3,Vitals remain within acceptable limits. No issues noted.,0
PAT-00209,2024-01-14 10:37:54,98.0,53,36.0,124/72,125,88.3,Indicates fatigue.,0
PAT-00209,2024-01-15 09:22:55,94.9,90,36.1,126/70,81,88.3,No symptoms reported. Vitals are within expected range.,0
PAT-00209,2024-01-16 08:56:52,96.4,87,37.3,145/93,108,88.3,No significant complaints today.,0
PAT-00209,2024-01-17 08:03:09,93.6,105,36.9,118/78,75,88.3,Notes restlessness.,1
PAT-00209,2024-01-18 09:38:52,95.7,96,36.7,122/82,83,88.3,No significant complaints today.,0
PAT-00209,2024-01-19 09:34:48,95.6,72,38.3,144/86,133,88.3,"Reports severe discomfort, fever, dry mouth. worsening symptoms present.",1
PAT-00209,2024-01-20 10:31:45,95.5,74,36.4,150/88,79,88.3,Vitals remain within acceptable limits. No issues noted.,0
PAT-00209,2024-01-21 09:37:26,93.6,57,37.0,126/79,81,88.3,Vitals remain within acceptable limits. No issues noted.,0
PAT-00209,2024-01-22 08:44:15,94.2,60,36.9,150/95,73,88.3,No significant complaints today.,0
PAT-00209,2024-01-23 09:31:20,94.3,87,36.8,139/86,178,88.3,"Today, patient states severe blurred vision, dry mouth, frequent urination. worsening symptoms present.",0
PAT-00209,2024-01-24 09:40:49,91.4,87,37.1,130/81,80,88.3,Indicates low energy.,1
PAT-00209,2024-01-25 10:51:01,92.3,57,37.0,149/85,85,88.3,No symptoms reported. Vitals are within expected range.,0
PAT-00209,2024-01-26 09:40:40,94.4,55,35.9,120/76,100,88.3,Reports mild coldness.,0
PAT-00209,2024-01-27 08:49:59,96.6,98,36.7,113/74,115,88.3,No significant complaints today.,0
PAT-00209,2024-01-28 10:11:06,93.0,80,38.8,115/81,150,88.3,"Notes headache, chills, severe blurred vision, dry mouth, frequent urination. immediate attention may be needed.",1
PAT-00209,2024-01-29 09:21:50,98.3,60,38.5,189/120,136,88.3,"Indicates muscle aches, fever, chest pain, severe headache, dry mouth. immediate attention may be needed.",1
PAT-00209,2024-01-30 10:22:27,94.6,70,37.3,114/82,79,88.3,No significant complaints today.,0
PAT-00210,2024-01-01 08:28:19,95.3,94,36.5,146/87,95,54.0,No symptoms reported. Vitals are within expected range.,0
PAT-00210,2024-01-02 08:08:03,92.3,98,38.2,112/70,113,54.0,"Patient describes muscle aches, headache.",0
PAT-00210,2024-01-03 09:21:10,98.5,82,36.8,111/73,172,54.0,"Notes severe blurred vision, dry mouth, frequent urination. worsening symptoms present.",1
PAT-00210,2024-01-04 09:03:39,97.7,56,36.5,124/77,114,54.0,No significant complaints today.,0
PAT-00210,2024-01-05 08:03:36,97.0,53,37.5,165/103,123,54.0,"Today, patient states slow pulse, night sweats, headaches.",1
PAT-00210,2024-01-06 08:23:46,94.8,90,37.1,173/111,71,54.0,Observes headaches.,1
PAT-00210,2024-01-07 08:43:46,95.8,55,37.8,127/78,143,54.0,"This morning, body aches, dry mouth.",0
PAT-00210,2024-01-08 09:37:58,93.8,68,38.8,112/73,123,54.0,"This morning, fever, severe discomfort. immediate attention may be needed.",1
PAT-00210,2024-01-09 10:24:31,97.0,56,35.6,111/79,129,54.0,"Today, patient states lowered energy, blurred vision.",0
PAT-00210,2024-01-10 08:53:23,96.2,51,38.4,124/80,73,54.0,"This morning, slow pulse, headache, severe discomfort. worsening symptoms present.",0
PAT-00210,2024-01-11 09:01:21,97.4,58,37.3,123/81,77,54.0,No significant complaints today.,0
PAT-00210,2024-01-12 10:50:13,93.8,68,37.3,115/75,71,54.0,No symptoms reported. Vitals are within expected range.,0
PAT-00210,2024-01-13 09:13:05,93.5,91,35.6,189/114,84,54.0,"This morning, mild coldness, chest pain, severe headache. immediate attention may be needed.",0
PAT-00210,2024-01-14 09:16:39,97.5,89,37.3,129/80,99,54.0,Vitals remain within acceptable limits. No issues noted.,0
PAT-00210,2024-01-15 09:59:18,94.3,65,36.4,127/82,71,54.0,Vitals remain within acceptable limits. No issues noted.,0
PAT-00210,2024-01-16 09:56:44,94.3,60,37.3,125/84,106,54.0,No symptoms reported. Vitals are within expected range.,0
PAT-00210,2024-01-17 08:04:51,93.5,66,37.4,131/95,81,54.0,Patient denies any symptoms or discomfort.,0
PAT-00210,2024-01-18 08:13:33,95.3,67,36.5,141/87,74,54.0,Vitals remain within acceptable limits. No issues noted.,0
PAT-00210,2024-01-19 09:21:02,96.2,68,35.6,139/93,177,54.0,"Observes mild coldness, severe blurred vision, dry mouth, frequent urination. worsening symptoms present.",1
PAT-00210,2024-01-20 10:11:16,97.2,68,38.4,177/119,82,54.0,"Patient describes severe discomfort, muscle aches, headaches. immediate attention may be needed.",0
PAT-00210,2024-01-21 08:59:59,91.5,82,36.9,135/91,73,54.0,Patient notes that dizziness.,0
PAT-00210,2024-01-22 09:08:29,98.2,78,37.3,117/76,91,54.0,No symptoms reported. Vitals are within expected range.,0
PAT-00210,2024-01-23 08:07:56,93.8,88,35.8,119/82,72,54.0,Patient describes lowered energy.,0
PAT-00210,2024-01-24 10:24:04,95.8,50,38.3,114/83,168,54.0,"Notes slow pulse, muscle aches, severe discomfort, severe blurred vision, dry mouth, frequent urination. immediate attention may be needed.",1
PAT-00210,2024-01-25 10:02:48,94.4,98,38.8,116/85,84,54.0,"Observes fever, chills.",0
PAT-00210,2024-01-26 08:21:00,96.2,66,38.6,140/91,94,54.0,"Indicates chills, severe discomfort. worsening symptoms present.",1
PAT-00210,2024-01-27 09:25:42,97.8,54,35.6,140/91,70,54.0,"Reports fatigue, lowered energy.",0
PAT-00210,2024-01-28 10:02:58,94.1,72,37.2,140/91,93,54.0,Patient is feeling well with all parameters stable.,0
PAT-00210,2024-01-29 08:43:25,93.9,57,37.9,129/72,94,54.0,Reports mild fever.,0
PAT-00210,2024-01-30 10:21:07,96.2,65,36.0,141/94,122,54.0,Vitals remain within acceptable limits. No issues noted.,0
PAT-00211,2024-01-01 08:50:37,92.8,92,36.7,172/119,79,84.6,"This morning, chest tightness.",1
PAT-00211,2024-01-02 10:09:59,97.2,71,36.9,137/93,78,84.6,Patient denies any symptoms or discomfort.,0
PAT-00211,2024-01-03 09:21:50,96.2,105,37.2,122/72,85,84.6,Patient notes that restlessness.,1
PAT-00211,2024-01-04 08:10:42,97.4,68,36.7,187/111,96,84.6,"Today, patient states chest pain, severe headache. immediate attention may be needed.",1
PAT-00211,2024-01-05 08:31:37,93.9,77,39.0,136/88,168,84.6,"Today, patient states muscle aches, fever, severe blurred vision, dry mouth, frequent urination. worsening symptoms present.",0
PAT-00211,2024-01-06 08:30:32,92.2,66,37.0,122/73,148,84.6,"This morning, frequent urination.",0
PAT-00211,2024-01-07 09:33:25,96.8,72,36.4,180/116,100,84.6,Patient describes vision issues.,0
PAT-00211,2024-01-08 09:26:21,98.3,53,38.1,111/70,71,84.6,"Patient notes that lightheadedness, chills, headache.",0
PAT-00211,2024-01-09 08:44:26,96.8,60,38.7,110/78,85,84.6,"Patient describes fever, chills.",0
PAT-00211,2024-01-10 08:28:51,92.5,62,36.3,118/74,169,84.6,"Reports severe blurred vision, dry mouth, frequent urination. immediate attention may be needed.",0
PAT-00211,2024-01-11 09:18:28,94.9,86,36.6,165/115,118,84.6,"This morning, chest tightness.",0
PAT-00211,2024-01-12 10:26:46,95.9,82,36.6,146/94,108,84.6,No significant complaints today.,0
PAT-00211,2024-01-13 08:31:52,96.0,73,38.5,183/104,89,84.6,"Observes chills, severe discomfort, chest pain, severe headache. worsening symptoms present.",0
PAT-00211,2024-01-14 10:13:09,94.8,84,38.9,139/85,91,84.6,"Reports headache, chills.",0
PAT-00211,2024-01-15 10:53:22,95.4,79,36.4,126/73,90,84.6,No symptoms reported. Vitals are within expected range.,0
PAT-00211,2024-01-16 10:32:01,94.3,108,36.5,146/85,89,84.6,Patient describes anxiety.,1
PAT-00211,2024-01-17 10:13:14,94.7,72,38.3,115/84,135,84.6,"This morning, muscle aches, severe discomfort, dry mouth. immediate attention may be needed.",1
PAT-00211,2024-01-18 09:38:16,97.9,64,37.0,122/85,77,84.6,Vitals remain within acceptable limits. No issues noted.,0
PAT-00211,2024-01-19 08:11:57,95.3,94,37.1,133/90,148,84.6,"This morning, blurred vision.",0
PAT-00211,2024-01-20 08:25:39,97.7,108,37.3,116/75,162,84.6,"Notes restlessness, severe blurred vision, dry mouth, frequent urination. immediate attention may be needed.",0
PAT-00211,2024-01-21 08:45:42,93.5,56,37.1,140/86,153,84.6,"Patient describes severe blurred vision, dry mouth, frequent urination. worsening symptoms present.",0
PAT-00211,2024-01-22 08:49:18,94.7,86,37.4,178/110,98,84.6,"Today, patient states chest tightness.",1
PAT-00211,2024-01-23 09:27:52,98.4,83,37.9,110/80,96,84.6,Patient notes that night sweats.,0
PAT-00211,2024-01-24 10:36:25,94.8,72,36.5,119/85,72,84.6,Patient denies any symptoms or discomfort.,0
PAT-00211,2024-01-25 08:13:58,98.6,94,37.1,110/84,104,84.6,Patient denies any symptoms or discomfort.,0
PAT-00211,2024-01-26 08:37:45,93.8,62,36.4,127/78,151,84.6,"Patient notes that severe blurred vision, dry mouth, frequent urination. worsening symptoms present.",0
PAT-00211,2024-01-27 08:49:26,96.6,89,37.0,136/91,118,84.6,No symptoms reported. Vitals are within expected range.,0
PAT-00211,2024-01-28 09:29:56,95.8,83,36.3,123/81,81,84.6,Patient denies any symptoms or discomfort.,0
PAT-00211,2024-01-29 09:52:26,91.9,59,35.5,144/91,71,84.6,"This morning, low energy, mild coldness.",0
PAT-00211,2024-01-30 09:19:36,93.3,82,36.9,148/90,169,84.6,"Reports severe blurred vision, dry mouth, frequent urination. worsening symptoms present.",0
PAT-00212,2024-01-01 08:28:42,97.5,50,38.7,118/76,121,74.5,"Reports fatigue, chills, muscle aches.",0
PAT-00212,2024-01-02 08:27:12,96.8,51,38.9,125/84,115,74.5,"This morning, fatigue, muscle aches, chills.",0
PAT-00212,2024-01-03 08:43:19,96.1,64,38.9,150/86,95,74.5,"Today, patient states severe discomfort, headache. worsening symptoms present.",0
PAT-00212,2024-01-04 08:42:46,95.6,87,36.4,128/70,140,74.5,Indicates dry mouth.,0
PAT-00212,2024-01-05 09:20:06,97.2,50,38.6,115/81,160,74.5,"Patient describes lightheadedness, severe discomfort, muscle aches, severe blurred vision, dry mouth, frequent urination. worsening symptoms present.",1
PAT-00212,2024-01-06 08:15:10,96.2,75,36.8,133/85,145,74.5,"Today, patient states dry mouth.",0
PAT-00212,2024-01-07 09:05:13,94.9,55,36.1,130/83,93,74.5,No significant complaints today.,0
PAT-00212,2024-01-08 08:04:44,91.7,74,37.2,190/102,89,74.5,"Reports low energy, chest pain, severe headache. worsening symptoms present.",0
PAT-00212,2024-01-09 09:14:59,97.0,85,37.1,116/81,78,74.5,No symptoms reported. Vitals are within expected range.,0
PAT-00212,2024-01-10 10:22:55,97.5,54,36.7,116/77,99,74.5,"This morning, slow pulse.",0
PAT-00212,2024-01-11 08:31:51,93.5,103,37.0,127/74,92,74.5,"This morning, anxiety.",1
PAT-00212,2024-01-12 10:08:36,95.2,110,36.6,128/78,80,74.5,Patient describes anxiety.,1
PAT-00212,2024-01-13 10:59:19,97.9,71,35.7,174/103,169,74.5,"Reports lowered energy, vision issues, severe blurred vision, dry mouth, frequent urination. worsening symptoms present.",0
PAT-00212,2024-01-14 10:41:32,95.0,92,35.9,123/75,81,74.5,"Today, patient states lowered energy.",0
PAT-00212,2024-01-15 09:20:15,92.9,103,37.3,120/73,106,74.5,Observes palpitations.,0
PAT-00212,2024-01-16 08:26:29,96.3,82,37.3,119/82,72,74.5,No symptoms reported. Vitals are within expected range.,0
PAT-00212,2024-01-17 09:52:00,94.4,70,36.5,118/77,77,74.5,No symptoms reported. Vitals are within expected range.,0
PAT-00212,2024-01-18 09:48:42,95.8,97,36.4,142/92,131,74.5,Indicates blurred vision.,0
PAT-00212,2024-01-19 09:00:26,95.4,79,37.0,121/77,95,74.5,Patient is feeling well with all parameters stable.,0
PAT-00212,2024-01-20 08:29:50,93.6,106,36.6,149/89,100,74.5,Observes anxiety.,1
PAT-00212,2024-01-21 09:08:38,97.5,56,35.7,124/74,97,74.5,Notes mild coldness.,0
PAT-00212,2024-01-22 09:10:39,92.8,66,36.7,112/73,90,74.5,Vitals remain within acceptable limits. No issues noted.,0
PAT-00212,2024-01-23 10:59:56,93.5,80,36.6,124/80,93,74.5,No significant complaints today.,0
PAT-00212,2024-01-24 09:16:00,94.3,93,36.6,129/74,90,74.5,No significant complaints today.,0
PAT-00212,2024-01-25 08:56:07,99.5,74,35.5,120/80,95,74.5,Notes mild coldness.,0
PAT-00212,2024-01-26 08:27:07,96.6,99,37.3,117/78,129,74.5,Indicates blurred vision.,0
PAT-00212,2024-01-27 09:30:21,96.4,54,35.6,121/84,83,74.5,"Notes slow pulse, mild coldness.",0
PAT-00212,2024-01-28 08:22:59,96.5,81,37.9,111/81,112,74.5,Observes mild fever.,0
PAT-00212,2024-01-29 08:13:32,95.5,100,38.3,150/90,75,74.5,"Today, patient states severe discomfort, chills. immediate attention may be needed.",0
PAT-00212,2024-01-30 08:09:39,94.5,59,37.1,173/115,86,74.5,Notes chest tightness.,1
PAT-00213,2024-01-01 09:34:44,97.2,81,36.6,121/73,97,65.4,Vitals remain within acceptable limits. No issues noted.,0
PAT-00213,2024-01-02 09:15:32,97.5,71,36.6,146/91,92,65.4,Patient is feeling well with all parameters stable.,0
PAT-00213,2024-01-03 09:45:41,95.6,82,38.8,138/88,157,65.4,"Observes headache, chills, severe blurred vision, dry mouth, frequent urination. immediate attention may be needed.",1
PAT-00213,2024-01-04 10:31:06,98.5,62,36.3,124/73,95,65.4,No significant complaints today.,0
PAT-00213,2024-01-05 08:40:21,96.5,109,36.7,140/90,138,65.4,"Patient notes that anxiety, dry mouth.",1
PAT-00213,2024-01-06 09:42:36,97.8,106,36.6,179/110,86,65.4,"Notes anxiety, chest tightness.",1
PAT-00213,2024-01-07 08:50:51,96.7,61,38.3,179/118,172,65.4,"Patient notes that headache, chills, vision issues, severe blurred vision, dry mouth, frequent urination. immediate attention may be needed.",0
PAT-00213,2024-01-08 10:17:07,100.0,104,37.9,148/88,92,65.4,"Today, patient states anxiety, night sweats.",0
PAT-00213,2024-01-09 10:45:07,93.8,68,35.9,115/72,81,65.4,Notes lowered energy.,0
PAT-00213,2024-01-10 08:37:25,94.5,74,36.5,122/74,109,65.4,Patient denies any symptoms or discomfort.,0
PAT-00213,2024-01-11 09:31:16,94.4,61,37.6,139/85,94,65.4,"This morning, night sweats.",0
PAT-00213,2024-01-12 10:31:40,100.0,82,37.0,124/70,76,65.4,No significant complaints today.,0
PAT-00213,2024-01-13 09:27:24,100.0,89,36.6,117/71,84,65.4,Patient denies any symptoms or discomfort.,0
PAT-00213,2024-01-14 10:31:20,95.9,92,36.8,130/70,118,65.4,Vitals remain within acceptable limits. No issues noted.,0
PAT-00213,2024-01-15 10:41:22,93.0,51,37.8,179/109,70,65.4,"Notes fatigue, mild fever, chest tightness.",1
PAT-00213,2024-01-16 09:06:23,97.8,50,36.7,118/73,122,65.4,Reports slow pulse.,1
PAT-00213,2024-01-17 10:09:36,96.4,52,36.8,114/71,88,65.4,Patient notes that lightheadedness.,1
PAT-00213,2024-01-18 10:13:39,98.0,60,38.7,110/75,88,65.4,"Reports muscle aches, fever.",0
PAT-00213,2024-01-19 08:19:28,96.4,68,36.9,124/75,89,65.4,No significant complaints today.,0
PAT-00213,2024-01-20 09:20:08,95.2,97,37.0,125/76,122,65.4,No significant complaints today.,0
PAT-00213,2024-01-21 10:58:31,95.9,71,38.1,125/79,110,65.4,"Notes headache, muscle aches.",1
PAT-00213,2024-01-22 09:14:12,92.0,66,35.8,117/79,98,65.4,Patient notes that lowered energy.,0
PAT-00213,2024-01-23 08:13:45,98.4,54,36.4,177/106,95,65.4,"This morning, lightheadedness, vision issues.",1
PAT-00213,2024-01-24 08:02:07,97.2,73,36.6,111/82,91,65.4,No significant complaints today.,0
PAT-00213,2024-01-25 10:02:12,94.5,71,36.8,130/77,109,65.4,Vitals remain within acceptable limits. No issues noted.,0
PAT-00213,2024-01-26 10:30:47,90.2,88,35.8,130/76,76,65.4,"Patient describes dizziness, mild coldness.",1
PAT-00213,2024-01-27 10:53:58,95.3,104,36.7,163/117,93,65.4,"This morning, palpitations, chest tightness.",0
PAT-00213,2024-01-28 09:42:01,97.1,88,36.9,123/76,88,65.4,Patient is feeling well with all parameters stable.,0
PAT-00213,2024-01-29 08:33:59,95.0,102,37.8,124/73,91,65.4,"Patient describes palpitations, body aches.",1
PAT-00213,2024-01-30 08:09:59,96.9,87,36.5,117/77,98,65.4,Patient denies any symptoms or discomfort.,0
PAT-00214,2024-01-01 10:30:58,94.4,60,36.4,114/81,84,64.7,Patient is feeling well with all parameters stable.,0
PAT-00214,2024-01-02 09:27:19,98.5,98,37.3,112/72,119,64.7,No significant complaints today.,0
PAT-00214,2024-01-03 09:58:49,94.9,57,37.3,115/82,141,64.7,Observes frequent urination.,0
PAT-00214,2024-01-04 08:42:10,95.0,67,36.0,146/89,89,64.7,No symptoms reported. Vitals are within expected range.,0
PAT-00214,2024-01-05 08:04:30,94.2,80,36.9,141/94,102,64.7,No significant complaints today.,0
PAT-00214,2024-01-06 08:38:02,95.1,79,36.3,130/70,90,64.7,Patient denies any symptoms or discomfort.,0
PAT-00214,2024-01-07 10:23:49,98.5,57,38.9,114/82,89,64.7,"Today, patient states chills, muscle aches.",0
PAT-00214,2024-01-08 10:50:56,97.3,86,35.7,112/70,82,64.7,"Today, patient states lowered energy.",0
PAT-00214,2024-01-09 10:11:28,91.2,72,38.5,170/106,94,64.7,"Notes dizziness, severe discomfort, fever, chest tightness. worsening symptoms present.",0
PAT-00214,2024-01-10 09:33:39,94.9,108,36.0,135/88,87,64.7,Patient notes that restlessness.,1
PAT-00214,2024-01-11 10:11:01,96.1,92,36.9,110/73,90,64.7,No significant complaints today.,0
PAT-00214,2024-01-12 09:49:19,98.1,77,36.7,187/109,85,64.7,"This morning, chest pain, severe headache. immediate attention may be needed.",0
PAT-00214,2024-01-13 09:03:23,94.5,51,37.1,185/117,114,64.7,"Today, patient states lightheadedness, chest pain, severe headache. worsening symptoms present.",1
PAT-00214,2024-01-14 08:06:46,93.4,110,37.1,124/84,80,64.7,Patient describes anxiety.,1
PAT-00214,2024-01-15 09:47:57,94.0,110,37.3,129/77,88,64.7,Patient describes palpitations.,1
PAT-00214,2024-01-16 08:11:00,97.6,82,37.4,138/86,123,64.7,Patient is feeling well with all parameters stable.,0
PAT-00214,2024-01-17 10:31:08,96.2,76,35.7,132/85,135,64.7,"Patient notes that lowered energy, blurred vision.",0
PAT-00214,2024-01-18 09:20:22,94.5,93,36.7,134/91,76,64.7,No symptoms reported. Vitals are within expected range.,0
PAT-00214,2024-01-19 10:03:31,93.2,84,38.9,129/83,124,64.7,"Patient describes chills, severe discomfort. worsening symptoms present.",0
PAT-00214,2024-01-20 08:22:06,95.7,104,36.2,122/83,83,64.7,"This morning, anxiety.",0
PAT-00214,2024-01-21 08:31:18,93.5,103,38.1,115/73,97,64.7,"Patient notes that palpitations, chills, muscle aches.",0
PAT-00214,2024-01-22 10:22:35,93.0,65,37.3,180/119,81,64.7,Patient notes that headaches.,0
PAT-00214,2024-01-23 08:37:10,96.4,59,38.3,140/94,101,64.7,"Notes severe discomfort, muscle aches. immediate attention may be needed.",0
PAT-00214,2024-01-24 09:31:23,95.4,89,36.9,116/84,153,64.7,"Today, patient states severe blurred vision, dry mouth, frequent urination. worsening symptoms present.",1
PAT-00214,2024-01-25 10:58:45,94.7,86,36.9,115/81,113,64.7,Patient denies any symptoms or discomfort.,0
PAT-00214,2024-01-26 09:34:27,95.5,54,36.6,175/113,83,64.7,"Patient notes that slow pulse, headaches.",0
PAT-00214,2024-01-27 09:46:00,95.8,55,36.1,113/83,97,64.7,No symptoms reported. Vitals are within expected range.,0
PAT-00214,2024-01-28 09:29:38,90.3,59,37.2,123/78,110,64.7,Reports shortness of breath.,1
PAT-00214,2024-01-29 10:00:20,95.5,79,38.8,114/80,113,64.7,"Patient describes severe discomfort, headache. immediate attention may be needed.",0
PAT-00214,2024-01-30 08:27:16,98.5,72,36.0,190/119,157,64.7,"Patient notes that chest pain, severe headache, severe blurred vision, dry mouth, frequent urination. immediate attention may be needed.",1
PAT-00215,2024-01-01 10:34:03,97.1,85,37.7,184/109,170,83.4,"Observes night sweats, chest pain, severe headache, severe blurred vision, dry mouth, frequent urination. worsening symptoms present.",0
PAT-00215,2024-01-02 10:40:24,94.2,67,36.8,176/105,158,83.4,"Patient describes headaches, severe blurred vision, dry mouth, frequent urination. worsening symptoms present.",1
PAT-00215,2024-01-03 08:26:09,93.1,84,37.0,124/80,70,83.4,No symptoms reported. Vitals are within expected range.,0
PAT-00215,2024-01-04 10:39:10,95.2,65,35.6,140/87,73,83.4,"Today, patient states mild coldness.",0
PAT-00215,2024-01-05 08:37:52,95.6,99,36.8,118/82,104,83.4,Vitals remain within acceptable limits. No issues noted.,0
PAT-00215,2024-01-06 08:20:46,95.0,63,38.8,119/84,78,83.4,"Reports severe discomfort, headache. immediate attention may be needed.",0
PAT-00215,2024-01-07 08:08:43,92.6,79,38.8,120/78,81,83.4,"Patient notes that severe discomfort, chills. immediate attention may be needed.",0
PAT-00215,2024-01-08 10:55:14,93.1,55,36.6,176/109,88,83.4,Reports vision issues.,0
PAT-00215,2024-01-09 09:14:22,94.3,110,37.0,130/80,74,83.4,Indicates palpitations.,1
PAT-00215,2024-01-10 09:05:08,96.7,60,38.1,128/71,72,83.4,"Indicates severe discomfort, fever. worsening symptoms present.",0
PAT-00215,2024-01-11 10:29:15,93.3,92,36.1,113/72,109,83.4,Patient is feeling well with all parameters stable.,0
PAT-00215,2024-01-12 08:27:54,90.1,50,36.0,148/93,89,83.4,"Patient describes low energy, lightheadedness.",1
PAT-00215,2024-01-13 08:18:43,96.6,100,37.2,129/82,90,83.4,Patient denies any symptoms or discomfort.,0
PAT-00215,2024-01-14 10:28:57,93.8,80,38.4,138/85,100,83.4,"Patient notes that muscle aches, headache.",0
PAT-00215,2024-01-15 08:16:58,94.2,81,37.3,119/81,89,83.4,Patient is feeling well with all parameters stable.,0
PAT-00215,2024-01-16 08:01:45,92.1,99,36.1,115/70,91,83.4,No symptoms reported. Vitals are within expected range.,0
PAT-00215,2024-01-17 10:11:34,96.5,60,36.5,143/90,78,83.4,Vitals remain within acceptable limits. No issues noted.,0
PAT-00215,2024-01-18 10:28:11,97.1,100,35.7,120/71,92,83.4,Notes lowered energy.,0
PAT-00215,2024-01-19 08:38:03,100.0,59,37.3,116/84,111,83.4,Vitals remain within acceptable limits. No issues noted.,0
PAT-00215,2024-01-20 08:53:54,95.0,74,37.6,128/82,91,83.4,Observes mild fever.,0
PAT-00215,2024-01-21 10:27:37,94.5,68,37.1,113/76,94,83.4,No symptoms reported. Vitals are within expected range.,0
PAT-00215,2024-01-22 08:52:34,96.2,68,36.8,127/76,112,83.4,No significant complaints today.,0
PAT-00215,2024-01-23 10:53:23,96.0,107,36.9,135/92,84,83.4,Patient describes anxiety.,0
PAT-00215,2024-01-24 10:39:54,95.4,64,36.9,114/83,164,83.4,"Reports severe blurred vision, dry mouth, frequent urination. worsening symptoms present.",0
PAT-00215,2024-01-25 09:36:43,96.9,98,37.7,129/70,83,83.4,"This morning, mild fever.",0
PAT-00215,2024-01-26 08:01:00,97.4,65,38.3,137/90,96,83.4,"Patient describes fever, chills.",0
PAT-00215,2024-01-27 09:23:37,93.8,82,36.8,122/73,80,83.4,Patient is feeling well with all parameters stable.,0
PAT-00215,2024-01-28 10:16:38,99.2,98,36.6,136/93,111,83.4,Patient is feeling well with all parameters stable.,0
PAT-00215,2024-01-29 08:30:22,95.5,78,39.0,146/89,88,83.4,"Indicates fever, chills.",1
PAT-00215,2024-01-30 10:31:55,95.5,50,36.6,163/117,86,83.4,"Reports lightheadedness, vision issues.",1
PAT-00216,2024-01-01 08:14:50,96.8,75,37.1,149/90,98,92.1,Patient is feeling well with all parameters stable.,0
PAT-00216,2024-01-02 08:06:17,96.7,97,37.0,115/78,102,92.1,No symptoms reported. Vitals are within expected range.,0
PAT-00216,2024-01-03 10:29:56,96.7,93,37.3,134/92,158,92.1,"Indicates severe blurred vision, dry mouth, frequent urination. worsening symptoms present.",0
PAT-00216,2024-01-04 09:15:15,93.3,83,38.7,176/115,94,92.1,"Reports severe discomfort, fever, vision issues. immediate attention may be needed.",0
PAT-00216,2024-01-05 08:11:47,96.3,61,37.2,186/116,104,92.1,"This morning, chest pain, severe headache. worsening symptoms present.",0
PAT-00216,2024-01-06 09:18:33,97.4,69,36.9,181/107,110,92.1,"Reports chest pain, severe headache. worsening symptoms present.",1
PAT-00216,2024-01-07 10:49:56,95.1,107,36.0,113/83,142,92.1,"Indicates anxiety, dry mouth.",1
PAT-00216,2024-01-08 08:51:18,96.4,64,36.6,140/94,88,92.1,No symptoms reported. Vitals are within expected range.,0
PAT-00216,2024-01-09 10:50:55,97.6,110,35.8,115/79,105,92.1,"Reports palpitations, lowered energy.",1
PAT-00216,2024-01-10 10:07:34,99.9,85,38.8,130/77,97,92.1,"Indicates fever, chills.",0
PAT-00216,2024-01-11 09:13:16,94.5,50,37.3,167/101,96,92.1,"Indicates fatigue, vision issues.",0
PAT-00216,2024-01-12 09:45:51,96.7,110,37.0,132/92,77,92.1,"Today, patient states palpitations.",0
PAT-00216,2024-01-13 10:07:14,97.6,56,36.2,126/75,124,92.1,No symptoms reported. Vitals are within expected range.,0
PAT-00216,2024-01-14 08:40:56,95.9,100,38.5,114/85,89,92.1,"Notes headache, muscle aches.",0
PAT-00216,2024-01-15 08:05:24,97.5,57,37.2,130/95,129,92.1,"This morning, dry mouth.",0
PAT-00216,2024-01-16 08:06:52,93.8,64,37.2,118/70,155,92.1,"Observes severe blurred vision, dry mouth, frequent urination. immediate attention may be needed.",1
PAT-00216,2024-01-17 10:40:40,93.1,100,36.5,181/106,82,92.1,"This morning, chest pain, severe headache. worsening symptoms present.",0
PAT-00216,2024-01-18 08:07:48,94.3,97,35.7,120/71,90,92.1,Reports mild coldness.,0
PAT-00216,2024-01-19 09:59:38,98.0,72,36.7,127/80,70,92.1,Patient denies any symptoms or discomfort.,0
PAT-00216,2024-01-20 08:53:52,94.6,76,37.6,119/78,81,92.1,Notes night sweats.,0
PAT-00216,2024-01-21 09:09:22,94.9,69,37.5,124/74,121,92.1,Notes mild fever.,0
PAT-00216,2024-01-22 09:08:43,95.9,93,36.0,124/81,113,92.1,Patient denies any symptoms or discomfort.,0
PAT-00216,2024-01-23 09:37:00,96.1,90,36.5,118/82,146,92.1,Notes blurred vision.,0
PAT-00216,2024-01-24 09:26:44,94.5,85,36.1,141/92,145,92.1,Reports frequent urination.,0
PAT-00216,2024-01-25 10:20:10,98.0,70,37.6,114/82,109,92.1,Patient notes that night sweats.,0
PAT-00216,2024-01-26 10:39:14,95.4,50,37.0,118/77,72,92.1,Notes fatigue.,1
PAT-00216,2024-01-27 08:38:06,92.8,97,37.7,143/94,165,92.1,"Patient notes that night sweats, severe blurred vision, dry mouth, frequent urination. immediate attention may be needed.",1
PAT-00216,2024-01-28 08:39:13,97.3,105,37.0,125/85,98,92.1,Indicates palpitations.,0
PAT-00216,2024-01-29 09:16:53,97.2,94,36.6,115/78,73,92.1,No significant complaints today.,0
PAT-00216,2024-01-30 08:45:13,96.2,87,37.6,126/76,78,92.1,"This morning, mild fever.",0
PAT-00217,2024-01-01 08:11:14,98.4,87,37.1,124/74,128,68.6,Notes dry mouth.,0
PAT-00217,2024-01-02 10:30:22,93.3,53,37.1,125/71,121,68.6,Observes lightheadedness.,1
PAT-00217,2024-01-03 08:38:58,93.2,89,37.3,129/85,114,68.6,Patient is feeling well with all parameters stable.,0
PAT-00217,2024-01-04 09:10:06,100.0,90,37.0,126/80,116,68.6,Vitals remain within acceptable limits. No issues noted.,0
PAT-00217,2024-01-05 09:22:43,94.2,89,38.1,147/87,83,68.6,"Reports chills, severe discomfort. worsening symptoms present.",1
PAT-00217,2024-01-06 09:51:49,97.3,101,37.8,188/103,93,68.6,"Patient notes that palpitations, body aches, chest pain, severe headache. worsening symptoms present.",0
PAT-00217,2024-01-07 10:45:44,94.6,78,35.8,126/72,86,68.6,Reports mild coldness.,0
PAT-00217,2024-01-08 10:39:17,99.6,52,36.6,127/73,115,68.6,"Today, patient states slow pulse.",0
PAT-00217,2024-01-09 10:00:26,96.9,98,36.4,116/76,91,68.6,No significant complaints today.,0
PAT-00217,2024-01-10 08:51:19,95.1,66,36.7,136/89,88,68.6,No symptoms reported. Vitals are within expected range.,0
PAT-00217,2024-01-11 10:28:08,89.8,110,37.0,110/78,101,68.6,"Today, patient states low energy, anxiety.",1
PAT-00217,2024-01-12 08:17:49,93.1,66,37.3,150/85,97,68.6,Patient denies any symptoms or discomfort.,0
PAT-00217,2024-01-13 10:05:43,96.2,104,38.8,117/73,82,68.6,"Notes palpitations, chills, severe discomfort. worsening symptoms present.",0
PAT-00217,2024-01-14 08:42:33,98.0,110,36.7,125/75,79,68.6,Indicates restlessness.,0
PAT-00217,2024-01-15 10:47:01,97.9,89,38.2,125/73,134,68.6,"Indicates fever, chills, dry mouth.",0
PAT-00217,2024-01-16 10:37:27,94.6,109,38.3,112/71,135,68.6,"This morning, restlessness, fever, chills, dry mouth.",1
PAT-00217,2024-01-17 09:41:39,97.6,71,37.0,135/85,84,68.6,Patient denies any symptoms or discomfort.,0
PAT-00217,2024-01-18 10:40:52,96.3,62,38.2,141/87,96,68.6,"Reports severe discomfort, chills. immediate attention may be needed.",1
PAT-00217,2024-01-19 10:29:31,93.7,58,37.0,178/111,103,68.6,Observes headaches.,1
PAT-00217,2024-01-20 08:59:06,98.8,58,38.4,131/85,81,68.6,"Patient describes muscle aches, severe discomfort. worsening symptoms present.",1
PAT-00217,2024-01-21 09:28:24,97.9,61,36.8,133/95,97,68.6,Patient is feeling well with all parameters stable.,0
PAT-00217,2024-01-22 08:24:08,95.9,70,37.3,145/90,72,68.6,No symptoms reported. Vitals are within expected range.,0
PAT-00217,2024-01-23 08:13:24,95.6,103,37.1,127/81,85,68.6,"Today, patient states restlessness.",0
PAT-00217,2024-01-24 09:41:15,98.9,58,37.2,168/114,120,68.6,Notes chest tightness.,0
PAT-00217,2024-01-25 09:32:04,95.6,87,38.0,122/77,129,68.6,"Reports chills, fever, blurred vision.",0
PAT-00217,2024-01-26 08:26:12,99.0,57,36.9,114/80,96,68.6,No symptoms reported. Vitals are within expected range.,0
PAT-00217,2024-01-27 08:38:42,95.9,106,36.5,111/76,94,68.6,Reports anxiety.,0
PAT-00217,2024-01-28 09:09:14,97.4,74,37.4,110/81,71,68.6,Vitals remain within acceptable limits. No issues noted.,0
PAT-00217,2024-01-29 10:18:35,96.8,95,36.6,121/75,97,68.6,Patient denies any symptoms or discomfort.,0
PAT-00217,2024-01-30 08:20:18,91.1,87,36.6,142/90,96,68.6,Notes low energy.,0
PAT-00218,2024-01-01 08:51:04,96.1,73,37.0,179/102,79,58.9,Patient notes that headaches.,1
PAT-00218,2024-01-02 08:13:24,99.8,100,35.6,137/90,93,58.9,"This morning, lowered energy.",0
PAT-00218,2024-01-03 08:28:10,99.8,68,37.0,123/83,154,58.9,"Observes severe blurred vision, dry mouth, frequent urination. worsening symptoms present.",1
PAT-00218,2024-01-04 08:10:26,95.6,89,37.2,145/91,102,58.9,No significant complaints today.,0
PAT-00218,2024-01-05 10:28:37,93.4,60,36.5,138/90,94,58.9,Patient is feeling well with all parameters stable.,0
PAT-00218,2024-01-06 08:18:46,99.0,84,36.9,135/85,111,58.9,No significant complaints today.,0
PAT-00218,2024-01-07 08:23:18,95.6,59,37.7,124/71,82,58.9,"Today, patient states night sweats.",0
PAT-00218,2024-01-08 10:53:41,95.8,56,36.6,111/76,109,58.9,Patient is feeling well with all parameters stable.,0
PAT-00218,2024-01-09 08:06:27,95.5,91,36.6,113/81,150,58.9,"Patient notes that severe blurred vision, dry mouth, frequent urination. immediate attention may be needed.",1
PAT-00218,2024-01-10 10:38:23,97.8,52,38.2,112/73,124,58.9,"This morning, slow pulse, muscle aches, severe discomfort. immediate attention may be needed.",0
PAT-00218,2024-01-11 08:22:01,94.9,98,38.6,116/84,89,58.9,"Patient describes fever, headache.",1
PAT-00218,2024-01-12 10:15:21,94.6,58,38.5,121/81,86,58.9,"Notes chills, headache.",0
PAT-00218,2024-01-13 10:35:28,97.3,101,36.6,129/84,88,58.9,Indicates anxiety.,0
PAT-00218,2024-01-14 09:46:18,96.3,52,36.8,130/71,172,58.9,"Today, patient states fatigue, severe blurred vision, dry mouth, frequent urination. immediate attention may be needed.",0
PAT-00218,2024-01-15 08:51:30,96.2,70,37.2,122/78,163,58.9,"Indicates severe blurred vision, dry mouth, frequent urination. worsening symptoms present.",0
PAT-00218,2024-01-16 10:20:03,94.5,104,35.7,126/83,99,58.9,"Patient notes that restlessness, mild coldness.",0
PAT-00218,2024-01-17 10:06:21,94.4,106,38.9,130/93,112,58.9,"Patient notes that restlessness, severe discomfort, muscle aches. immediate attention may be needed.",1
PAT-00218,2024-01-18 10:57:14,98.6,95,36.7,185/109,83,58.9,"Indicates chest pain, severe headache. immediate attention may be needed.",0
PAT-00218,2024-01-19 10:41:36,92.1,109,35.9,148/87,84,58.9,"Today, patient states restlessness, mild coldness.",0
PAT-00218,2024-01-20 08:01:56,95.0,60,35.6,134/94,95,58.9,Observes lowered energy.,0
PAT-00218,2024-01-21 08:51:49,97.2,77,36.3,125/81,114,58.9,No significant complaints today.,0
PAT-00218,2024-01-22 08:52:11,95.8,61,36.9,128/77,112,58.9,Patient is feeling well with all parameters stable.,0
PAT-00218,2024-01-23 10:40:01,95.3,92,38.2,119/79,95,58.9,"Reports headache, muscle aches.",0
PAT-00218,2024-01-24 09:10:45,96.5,108,37.0,186/109,72,58.9,"Patient describes anxiety, chest pain, severe headache. immediate attention may be needed.",1
PAT-00218,2024-01-25 09:20:33,95.7,90,38.9,142/94,124,58.9,"Notes chills, severe discomfort. immediate attention may be needed.",0
PAT-00218,2024-01-26 08:29:04,95.8,53,35.6,111/77,122,58.9,"Indicates fatigue, mild coldness.",0
PAT-00218,2024-01-27 09:26:53,96.9,104,37.3,128/71,117,58.9,Indicates restlessness.,0
PAT-00218,2024-01-28 08:30:13,89.3,80,36.9,113/83,95,58.9,"This morning, low energy.",0
PAT-00218,2024-01-29 10:10:31,95.9,99,36.9,123/71,72,58.9,No symptoms reported. Vitals are within expected range.,0
PAT-00218,2024-01-30 09:40:38,97.2,60,37.2,124/85,109,58.9,No symptoms reported. Vitals are within expected range.,0
PAT-00219,2024-01-01 10:44:29,97.6,61,38.2,112/76,104,73.2,"Observes muscle aches, headache.",0
PAT-00219,2024-01-02 08:34:00,95.5,72,37.3,133/85,86,73.2,Patient is feeling well with all parameters stable.,0
PAT-00219,2024-01-03 09:02:00,97.2,75,38.8,161/100,73,73.2,"This morning, fever, chills, chest tightness.",0
PAT-00219,2024-01-04 08:44:25,96.1,58,36.4,116/71,80,73.2,No symptoms reported. Vitals are within expected range.,0
PAT-00219,2024-01-05 08:59:53,95.8,62,35.7,184/117,99,73.2,"Observes mild coldness, chest pain, severe headache. worsening symptoms present.",0
PAT-00219,2024-01-06 09:46:37,94.6,63,35.7,110/82,155,73.2,"Indicates lowered energy, severe blurred vision, dry mouth, frequent urination. worsening symptoms present.",0
PAT-00219,2024-01-07 08:53:07,98.6,69,36.1,129/79,131,73.2,Observes blurred vision.,0
PAT-00219,2024-01-08 08:35:09,95.9,94,36.9,121/73,88,73.2,No significant complaints today.,0
PAT-00219,2024-01-09 08:58:58,93.0,59,38.4,120/82,103,73.2,"This morning, headache, severe discomfort. immediate attention may be needed.",0
PAT-00219,2024-01-10 09:01:55,97.9,85,37.3,114/80,108,73.2,Patient denies any symptoms or discomfort.,0
PAT-00219,2024-01-11 09:20:20,93.4,61,35.8,135/89,99,73.2,Reports mild coldness.,0
PAT-00219,2024-01-12 10:50:09,92.2,89,37.8,120/78,90,73.2,Patient describes body aches.,0
PAT-00219,2024-01-13 09:22:39,90.0,100,37.5,110/75,109,73.2,"This morning, shortness of breath, night sweats.",1
PAT-00219,2024-01-14 08:23:11,97.8,53,36.6,113/84,90,73.2,Notes fatigue.,1
PAT-00219,2024-01-15 09:07:54,94.1,96,38.7,114/70,135,73.2,"Today, patient states fever, headache, blurred vision.",0
PAT-00219,2024-01-16 10:08:00,96.5,97,36.1,113/83,84,73.2,Vitals remain within acceptable limits. No issues noted.,0
PAT-00219,2024-01-17 09:19:33,94.8,88,36.1,135/87,86,73.2,Patient denies any symptoms or discomfort.,0
PAT-00219,2024-01-18 08:31:58,97.9,66,37.1,179/101,71,73.2,Observes headaches.,1
PAT-00219,2024-01-19 10:37:58,91.9,72,37.0,123/82,114,73.2,"This morning, dizziness.",0
PAT-00219,2024-01-20 08:40:10,98.0,109,37.3,187/113,120,73.2,"Reports restlessness, chest pain, severe headache. worsening symptoms present.",1
PAT-00219,2024-01-21 10:02:16,99.6,85,35.9,125/73,113,73.2,Patient notes that lowered energy.,0
PAT-00219,2024-01-22 09:40:32,98.0,54,38.6,119/83,81,73.2,"Today, patient states fatigue, headache, fever.",1
PAT-00219,2024-01-23 10:28:07,94.5,71,35.6,116/78,136,73.2,"Today, patient states lowered energy, frequent urination.",0
PAT-00219,2024-01-24 08:33:58,97.0,104,38.0,116/74,99,73.2,"Observes palpitations, headache, severe discomfort. worsening symptoms present.",1
PAT-00219,2024-01-25 09:48:46,94.5,58,37.2,150/89,74,73.2,No significant complaints today.,0
PAT-00219,2024-01-26 10:49:51,96.7,99,37.1,143/89,80,73.2,No symptoms reported. Vitals are within expected range.,0
PAT-00219,2024-01-27 08:57:46,95.5,50,36.9,130/87,90,73.2,Notes lightheadedness.,0
PAT-00219,2024-01-28 09:20:48,94.4,59,37.4,139/90,98,73.2,Patient denies any symptoms or discomfort.,0
PAT-00219,2024-01-29 10:11:13,94.3,64,37.2,117/79,95,73.2,Patient is feeling well with all parameters stable.,0
PAT-00219,2024-01-30 08:22:24,96.5,103,35.8,126/75,74,73.2,"Patient notes that anxiety, lowered energy.",0
PAT-00220,2024-01-01 10:23:19,94.1,109,37.3,130/74,91,84.6,"Today, patient states palpitations.",0
PAT-00220,2024-01-02 10:35:00,95.4,63,37.4,116/77,95,84.6,Vitals remain within acceptable limits. No issues noted.,0
PAT-00220,2024-01-03 08:50:39,94.2,62,38.5,121/84,85,84.6,"Notes fever, severe discomfort. worsening symptoms present.",1
PAT-00220,2024-01-04 08:59:05,95.1,55,37.3,146/86,166,84.6,"Observes severe blurred vision, dry mouth, frequent urination. worsening symptoms present.",0
PAT-00220,2024-01-05 08:04:22,95.5,67,36.6,129/78,75,84.6,No symptoms reported. Vitals are within expected range.,0
PAT-00220,2024-01-06 09:34:29,98.0,102,35.9,170/101,88,84.6,"Indicates palpitations, lowered energy, chest tightness.",0
PAT-00220,2024-01-07 09:01:23,93.1,104,37.2,129/74,73,84.6,Reports restlessness.,1
PAT-00220,2024-01-08 10:35:53,95.0,62,35.8,131/85,120,84.6,Notes lowered energy.,0
PAT-00220,2024-01-09 08:08:29,93.7,57,35.7,117/74,174,84.6,"Observes mild coldness, severe blurred vision, dry mouth, frequent urination. immediate attention may be needed.",0
PAT-00220,2024-01-10 10:18:09,97.8,74,38.2,150/91,166,84.6,"This morning, chills, fever, severe blurred vision, dry mouth, frequent urination. immediate attention may be needed.",0
PAT-00220,2024-01-11 08:59:10,96.7,56,37.2,124/83,123,84.6,No symptoms reported. Vitals are within expected range.,0
PAT-00220,2024-01-12 08:19:15,96.9,62,37.2,111/84,80,84.6,Patient denies any symptoms or discomfort.,0
PAT-00220,2024-01-13 10:55:54,97.7,105,36.7,132/89,103,84.6,"This morning, restlessness.",0
PAT-00220,2024-01-14 09:08:37,100.0,97,36.7,130/91,91,84.6,Vitals remain within acceptable limits. No issues noted.,0
PAT-00220,2024-01-15 08:18:12,96.6,106,35.8,136/93,97,84.6,"Observes anxiety, mild coldness.",1
PAT-00220,2024-01-16 10:46:08,99.3,82,36.7,127/80,145,84.6,Patient notes that blurred vision.,0
PAT-00220,2024-01-17 10:30:16,94.7,67,36.9,127/79,157,84.6,"Patient notes that severe blurred vision, dry mouth, frequent urination. immediate attention may be needed.",1
PAT-00220,2024-01-18 10:37:30,95.3,85,38.1,115/79,147,84.6,"This morning, severe discomfort, headache, frequent urination. immediate attention may be needed.",1
PAT-00220,2024-01-19 09:21:22,94.5,99,37.6,130/95,78,84.6,Reports mild fever.,0
PAT-00220,2024-01-20 08:19:40,92.3,108,36.2,149/91,103,84.6,Indicates palpitations.,1
PAT-00220,2024-01-21 09:51:17,92.9,71,37.1,116/71,172,84.6,"Patient notes that severe blurred vision, dry mouth, frequent urination. immediate attention may be needed.",0
PAT-00220,2024-01-22 10:34:24,95.3,102,36.2,134/91,89,84.6,"Today, patient states palpitations.",0
PAT-00220,2024-01-23 09:51:15,95.4,90,36.6,111/74,90,84.6,No significant complaints today.,0
PAT-00220,2024-01-24 08:38:21,99.1,87,36.2,115/81,82,84.6,Vitals remain within acceptable limits. No issues noted.,0
PAT-00220,2024-01-25 09:42:47,98.0,66,36.5,163/105,96,84.6,"This morning, headaches.",1
PAT-00220,2024-01-26 10:46:53,97.2,105,36.6,185/101,133,84.6,"Reports palpitations, chest pain, severe headache, blurred vision. immediate attention may be needed.",0
PAT-00220,2024-01-27 09:07:31,98.3,67,37.0,116/81,161,84.6,"Today, patient states severe blurred vision, dry mouth, frequent urination. immediate attention may be needed.",0
PAT-00220,2024-01-28 09:53:36,96.7,60,38.6,115/73,80,84.6,"Observes fever, muscle aches.",1
PAT-00220,2024-01-29 09:14:35,95.4,105,37.1,127/85,72,84.6,Reports restlessness.,0
PAT-00220,2024-01-30 10:56:38,95.4,66,37.4,141/95,86,84.6,No symptoms reported. Vitals are within expected range.,0
PAT-00221,2024-01-01 09:50:52,94.6,68,36.5,127/75,80,78.9,Patient is feeling well with all parameters stable.,0
PAT-00221,2024-01-02 10:58:30,96.0,66,36.9,149/91,176,78.9,"Notes severe blurred vision, dry mouth, frequent urination. immediate attention may be needed.",0
PAT-00221,2024-01-03 08:54:07,93.5,103,38.9,112/74,70,78.9,"Observes anxiety, severe discomfort, chills. worsening symptoms present.",1
PAT-00221,2024-01-04 10:46:45,97.1,105,37.0,127/79,104,78.9,Indicates anxiety.,0
PAT-00221,2024-01-05 08:20:14,97.8,72,38.4,124/74,101,78.9,"Patient notes that severe discomfort, headache. immediate attention may be needed.",1
PAT-00221,2024-01-06 09:24:39,97.8,78,38.7,133/95,99,78.9,"Observes chills, muscle aches.",0
PAT-00221,2024-01-07 10:55:17,94.4,54,37.4,112/83,79,78.9,"Today, patient states slow pulse.",0
PAT-00221,2024-01-08 08:05:20,96.4,72,36.2,130/80,79,78.9,Patient is feeling well with all parameters stable.,0
PAT-00221,2024-01-09 09:47:53,96.6,52,36.5,113/71,112,78.9,Patient describes slow pulse.,1
PAT-00221,2024-01-10 09:15:10,95.4,67,36.5,121/73,87,78.9,Patient is feeling well with all parameters stable.,0
PAT-00221,2024-01-11 08:38:42,97.1,62,37.2,143/90,112,78.9,Patient is feeling well with all parameters stable.,0
PAT-00221,2024-01-12 10:57:03,97.8,86,37.0,124/77,125,78.9,No symptoms reported. Vitals are within expected range.,0
PAT-00221,2024-01-13 10:42:18,97.6,76,37.0,139/95,80,78.9,No significant complaints today.,0
PAT-00221,2024-01-14 08:01:00,93.3,74,36.6,180/109,95,78.9,Indicates headaches.,0
PAT-00221,2024-01-15 09:58:18,92.8,93,37.1,130/79,113,78.9,No symptoms reported. Vitals are within expected range.,0
PAT-00221,2024-01-16 10:13:06,95.1,102,37.0,117/76,94,78.9,Patient notes that palpitations.,0
PAT-00221,2024-01-17 08:45:27,93.8,66,36.5,111/80,84,78.9,Vitals remain within acceptable limits. No issues noted.,0
PAT-00221,2024-01-18 10:32:52,97.7,72,36.7,142/85,114,78.9,Patient is feeling well with all parameters stable.,0
PAT-00221,2024-01-19 09:01:29,97.1,102,37.6,123/83,71,78.9,"Patient notes that restlessness, body aches.",0
PAT-00221,2024-01-20 09:45:09,96.2,73,35.9,162/101,83,78.9,"Patient notes that lowered energy, headaches.",1
PAT-00221,2024-01-21 10:13:08,97.3,102,36.8,118/85,78,78.9,Notes palpitations.,1
PAT-00221,2024-01-22 10:17:00,93.5,98,38.5,136/94,113,78.9,"Today, patient states severe discomfort, muscle aches. immediate attention may be needed.",0
PAT-00221,2024-01-23 09:03:00,93.7,60,38.9,112/74,70,78.9,"Reports severe discomfort, headache. immediate attention may be needed.",0
PAT-00221,2024-01-24 08:33:56,93.7,58,36.8,113/76,122,78.9,Vitals remain within acceptable limits. No issues noted.,0
PAT-00221,2024-01-25 08:36:06,97.5,106,37.5,178/118,95,78.9,"Indicates palpitations, body aches, chest tightness.",1
PAT-00221,2024-01-26 08:06:26,99.9,100,36.7,110/73,97,78.9,Vitals remain within acceptable limits. No issues noted.,0
PAT-00221,2024-01-27 10:23:29,93.9,73,35.6,110/73,158,78.9,"Observes mild coldness, severe blurred vision, dry mouth, frequent urination. worsening symptoms present.",1
PAT-00221,2024-01-28 10:53:20,96.4,52,37.9,114/83,74,78.9,"Reports fatigue, body aches.",1
PAT-00221,2024-01-29 10:33:39,98.3,97,37.0,115/73,99,78.9,Vitals remain within acceptable limits. No issues noted.,0
PAT-00221,2024-01-30 09:50:47,95.4,62,37.9,125/85,106,78.9,"Today, patient states mild fever.",0
PAT-00222,2024-01-01 10:49:51,95.7,104,36.6,119/77,133,82.1,"This morning, palpitations, dry mouth.",0
PAT-00222,2024-01-02 10:31:43,97.6,90,35.8,143/87,95,82.1,Patient notes that lowered energy.,0
PAT-00222,2024-01-03 09:27:42,98.4,71,38.9,112/72,97,82.1,"Patient notes that severe discomfort, chills. immediate attention may be needed.",1
PAT-00222,2024-01-04 09:40:49,97.5,70,35.7,113/82,76,82.1,Indicates mild coldness.,0
PAT-00222,2024-01-05 08:49:21,95.9,68,37.7,177/106,83,82.1,"Reports mild fever, vision issues.",0
PAT-00222,2024-01-06 08:18:07,94.8,67,37.2,120/70,138,82.1,Notes blurred vision.,0
PAT-00222,2024-01-07 10:30:19,99.2,59,37.2,143/95,86,82.1,No significant complaints today.,0
PAT-00222,2024-01-08 09:19:41,95.6,83,35.9,139/91,92,82.1,Notes lowered energy.,0
PAT-00222,2024-01-09 10:09:07,93.2,106,36.5,125/76,165,82.1,"This morning, anxiety, severe blurred vision, dry mouth, frequent urination. immediate attention may be needed.",1
PAT-00222,2024-01-10 08:57:21,94.4,88,36.9,140/93,160,82.1,"Indicates severe blurred vision, dry mouth, frequent urination. worsening symptoms present.",1
PAT-00222,2024-01-11 09:52:02,95.4,88,37.1,121/71,76,82.1,No significant complaints today.,0
PAT-00222,2024-01-12 08:13:19,96.8,84,36.4,122/81,71,82.1,No significant complaints today.,0
PAT-00222,2024-01-13 10:26:39,96.5,78,36.9,123/77,87,82.1,No significant complaints today.,0
PAT-00222,2024-01-14 09:30:56,93.9,105,37.3,162/107,145,82.1,"Today, patient states palpitations, chest tightness, dry mouth.",0
PAT-00222,2024-01-15 10:53:44,94.1,60,38.1,117/78,97,82.1,"Observes fever, severe discomfort. immediate attention may be needed.",1
PAT-00222,2024-01-16 09:52:57,97.9,94,38.8,129/84,83,82.1,"Observes headache, muscle aches.",0
PAT-00222,2024-01-17 10:49:02,96.2,88,36.6,173/115,90,82.1,"Today, patient states chest tightness.",0
PAT-00222,2024-01-18 08:13:24,97.8,104,37.0,125/84,108,82.1,Reports restlessness.,0
PAT-00222,2024-01-19 10:57:43,96.6,77,36.7,118/76,88,82.1,No symptoms reported. Vitals are within expected range.,0
PAT-00222,2024-01-20 10:49:48,96.8,51,37.7,146/87,122,82.1,"Today, patient states lightheadedness, mild fever.",1
PAT-00222,2024-01-21 09:02:39,95.9,83,36.5,117/80,93,82.1,Vitals remain within acceptable limits. No issues noted.,0
PAT-00222,2024-01-22 10:43:07,96.9,105,37.1,136/95,172,82.1,"Patient describes palpitations, severe blurred vision, dry mouth, frequent urination. immediate attention may be needed.",0
PAT-00222,2024-01-23 10:00:27,96.8,72,37.1,142/89,98,82.1,No significant complaints today.,0
PAT-00222,2024-01-24 08:53:32,95.7,89,37.4,168/115,116,82.1,Indicates vision issues.,0
PAT-00222,2024-01-25 10:39:29,96.4,58,38.7,127/79,111,82.1,"Patient notes that severe discomfort, headache. immediate attention may be needed.",0
PAT-00222,2024-01-26 10:30:05,96.2,93,36.8,119/72,84,82.1,Vitals remain within acceptable limits. No issues noted.,0
PAT-00222,2024-01-27 08:41:55,96.8,79,37.4,111/82,88,82.1,Patient is feeling well with all parameters stable.,0
PAT-00222,2024-01-28 10:45:36,97.1,85,38.0,171/103,70,82.1,"Indicates severe discomfort, chills, chest tightness. worsening symptoms present.",1
PAT-00222,2024-01-29 09:25:33,95.9,87,36.9,123/79,74,82.1,No symptoms reported. Vitals are within expected range.,0
PAT-00222,2024-01-30 08:11:24,95.8,55,38.6,161/120,77,82.1,"Notes fever, muscle aches, chest tightness.",1
PAT-00223,2024-01-01 09:48:10,96.2,50,36.9,144/91,149,50.4,"Today, patient states lightheadedness, blurred vision.",0
PAT-00223,2024-01-02 10:18:38,95.9,55,38.0,125/83,71,50.4,"Reports chills, headache.",1
PAT-00223,2024-01-03 10:17:50,95.0,60,37.3,128/75,124,50.4,No symptoms reported. Vitals are within expected range.,0
PAT-00223,2024-01-04 09:49:20,94.2,66,37.2,126/83,117,50.4,Vitals remain within acceptable limits. No issues noted.,0
PAT-00223,2024-01-05 08:09:44,98.6,84,37.3,148/92,113,50.4,Vitals remain within acceptable limits. No issues noted.,0
PAT-00223,2024-01-06 08:07:40,99.1,96,37.6,140/89,120,50.4,Observes night sweats.,0
PAT-00223,2024-01-07 09:46:14,97.4,93,35.6,121/76,168,50.4,"Notes mild coldness, severe blurred vision, dry mouth, frequent urination. worsening symptoms present.",0
PAT-00223,2024-01-08 10:36:55,97.2,108,37.9,141/88,99,50.4,"Patient describes palpitations, mild fever.",1
PAT-00223,2024-01-09 09:36:59,95.3,91,37.1,119/71,124,50.4,Patient is feeling well with all parameters stable.,0
PAT-00223,2024-01-10 09:06:43,95.5,74,36.6,111/76,112,50.4,Patient is feeling well with all parameters stable.,0
PAT-00223,2024-01-11 08:51:31,93.2,53,36.6,116/72,76,50.4,"This morning, fatigue.",1
PAT-00223,2024-01-12 09:56:40,95.2,104,36.6,113/85,97,50.4,"This morning, restlessness.",1
PAT-00223,2024-01-13 09:50:56,94.8,105,36.6,129/79,93,50.4,"This morning, palpitations.",0
PAT-00223,2024-01-14 08:31:08,98.5,105,37.1,118/74,131,50.4,"Reports anxiety, dry mouth.",0
PAT-00223,2024-01-15 09:01:46,96.0,57,35.8,148/91,141,50.4,"This morning, mild coldness, blurred vision.",0
PAT-00223,2024-01-16 08:42:55,95.0,98,36.9,128/82,102,50.4,No significant complaints today.,0
PAT-00223,2024-01-17 08:39:25,96.9,102,38.8,115/85,102,50.4,"Patient describes restlessness, muscle aches, headache.",1
PAT-00223,2024-01-18 09:59:44,93.9,107,36.2,123/83,75,50.4,Indicates palpitations.,0
PAT-00223,2024-01-19 10:48:28,97.1,74,35.6,113/84,73,50.4,Reports mild coldness.,0
PAT-00223,2024-01-20 10:12:54,99.6,82,37.0,130/72,85,50.4,Vitals remain within acceptable limits. No issues noted.,0
PAT-00223,2024-01-21 08:42:55,97.9,84,36.6,125/70,70,50.4,Patient is feeling well with all parameters stable.,0
PAT-00223,2024-01-22 10:28:36,91.9,56,37.3,115/78,79,50.4,"This morning, dizziness.",0
PAT-00223,2024-01-23 09:12:00,96.9,50,38.2,117/85,86,50.4,"Notes slow pulse, fever, headache.",1
PAT-00223,2024-01-24 09:53:36,98.8,99,37.1,129/72,91,50.4,Patient denies any symptoms or discomfort.,0
PAT-00223,2024-01-25 10:46:52,98.7,54,37.0,129/85,92,50.4,"Today, patient states fatigue.",0
PAT-00223,2024-01-26 08:13:46,96.0,78,37.0,114/75,150,50.4,"Observes severe blurred vision, dry mouth, frequent urination. worsening symptoms present.",0
PAT-00223,2024-01-27 08:41:43,96.2,96,36.9,125/81,111,50.4,Patient denies any symptoms or discomfort.,0
PAT-00223,2024-01-28 09:50:54,98.4,69,38.0,120/85,171,50.4,"Today, patient states headache, muscle aches, severe blurred vision, dry mouth, frequent urination. immediate attention may be needed.",0
PAT-00223,2024-01-29 08:16:47,97.5,103,36.3,169/106,100,50.4,"Today, patient states anxiety, chest tightness.",1
PAT-00223,2024-01-30 08:22:29,98.6,101,36.8,110/78,72,50.4,"This morning, palpitations.",0
PAT-00224,2024-01-01 09:48:15,95.3,82,36.6,121/70,118,78.0,No significant complaints today.,0
PAT-00224,2024-01-02 09:47:41,97.9,80,38.4,124/77,73,78.0,"Observes muscle aches, chills.",0
PAT-00224,2024-01-03 08:51:42,97.4,54,36.5,125/84,113,78.0,"Today, patient states lightheadedness.",0
PAT-00224,2024-01-04 08:51:43,98.5,106,37.2,111/85,72,78.0,Patient describes palpitations.,0
PAT-00224,2024-01-05 09:33:49,94.1,87,36.9,126/83,108,78.0,Vitals remain within acceptable limits. No issues noted.,0
PAT-00224,2024-01-06 10:37:15,96.8,79,36.2,149/91,89,78.0,Patient denies any symptoms or discomfort.,0
PAT-00224,2024-01-07 08:42:55,97.1,84,37.1,130/77,94,78.0,Patient is feeling well with all parameters stable.,0
PAT-00224,2024-01-08 10:12:46,95.9,96,37.1,126/84,113,78.0,Patient denies any symptoms or discomfort.,0
PAT-00224,2024-01-09 10:50:25,91.3,76,36.7,128/74,111,78.0,Reports low energy.,0
PAT-00224,2024-01-10 08:35:55,97.0,83,37.1,143/93,73,78.0,No significant complaints today.,0
PAT-00224,2024-01-11 08:47:09,96.0,67,37.0,170/101,85,78.0,"Today, patient states vision issues.",0
PAT-00224,2024-01-12 09:14:46,96.4,80,35.6,141/87,73,78.0,Observes mild coldness.,0
PAT-00224,2024-01-13 09:59:58,96.6,79,36.5,172/100,121,78.0,"Today, patient states chest tightness.",0
PAT-00224,2024-01-14 08:38:58,97.7,86,35.8,129/81,101,78.0,Indicates lowered energy.,0
PAT-00224,2024-01-15 10:09:26,96.0,60,35.9,150/91,75,78.0,Patient describes mild coldness.,0
PAT-00224,2024-01-16 09:29:47,99.6,74,36.8,127/83,114,78.0,Patient denies any symptoms or discomfort.,0
PAT-00224,2024-01-17 09:04:34,94.4,92,36.6,179/101,111,78.0,Indicates vision issues.,0
PAT-00224,2024-01-18 09:32:50,95.5,78,38.3,128/77,106,78.0,"Today, patient states fever, muscle aches.",0
PAT-00224,2024-01-19 09:02:42,94.8,73,35.8,115/78,104,78.0,Reports lowered energy.,0
PAT-00224,2024-01-20 08:15:09,96.5,98,35.8,147/92,85,78.0,Observes mild coldness.,0
PAT-00224,2024-01-21 10:34:17,94.2,84,36.5,129/73,89,78.0,Vitals remain within acceptable limits. No issues noted.,0
PAT-00224,2024-01-22 08:13:09,91.1,78,35.7,139/85,82,78.0,"Indicates shortness of breath, lowered energy.",0
PAT-00224,2024-01-23 09:25:54,94.4,53,38.7,179/117,81,78.0,"Patient notes that fatigue, chills, headache, vision issues.",0
PAT-00224,2024-01-24 09:08:35,99.1,89,37.1,119/77,86,78.0,Patient denies any symptoms or discomfort.,0
PAT-00224,2024-01-25 08:01:37,97.5,79,36.5,185/118,158,78.0,"Observes chest pain, severe headache, severe blurred vision, dry mouth, frequent urination. immediate attention may be needed.",0
PAT-00224,2024-01-26 10:59:44,98.3,78,37.6,115/78,90,78.0,Patient describes night sweats.,0
PAT-00224,2024-01-27 08:55:17,93.4,79,36.5,110/79,86,78.0,Patient is feeling well with all parameters stable.,0
PAT-00224,2024-01-28 09:46:38,96.5,75,36.6,141/89,77,78.0,No significant complaints today.,0
PAT-00224,2024-01-29 08:24:53,99.1,69,36.6,129/82,73,78.0,Vitals remain within acceptable limits. No issues noted.,0
PAT-00224,2024-01-30 09:46:58,95.1,108,38.0,129/84,84,78.0,"This morning, palpitations, chills, severe discomfort. worsening symptoms present.",0
PAT-00225,2024-01-01 09:55:58,98.6,72,36.8,112/80,99,92.6,Patient is feeling well with all parameters stable.,0
PAT-00225,2024-01-02 08:00:09,96.9,75,38.0,110/74,114,92.6,"Indicates muscle aches, fever.",1
PAT-00225,2024-01-03 10:30:48,95.4,88,37.0,123/77,117,92.6,No significant complaints today.,0
PAT-00225,2024-01-04 08:16:22,96.6,53,36.4,127/82,90,92.6,Patient describes slow pulse.,1
PAT-00225,2024-01-05 09:33:57,96.2,92,36.5,134/85,85,92.6,No symptoms reported. Vitals are within expected range.,0
PAT-00225,2024-01-06 08:01:25,94.1,59,36.8,187/119,91,92.6,"Reports chest pain, severe headache. worsening symptoms present.",1
PAT-00225,2024-01-07 09:33:56,96.1,55,36.7,128/77,97,92.6,Patient is feeling well with all parameters stable.,0
PAT-00225,2024-01-08 09:16:20,96.6,101,36.5,123/80,137,92.6,"This morning, palpitations, blurred vision.",0
PAT-00225,2024-01-09 10:34:39,98.0,69,37.3,118/72,76,92.6,No symptoms reported. Vitals are within expected range.,0
PAT-00225,2024-01-10 09:25:36,97.0,79,36.0,136/88,101,92.6,Patient denies any symptoms or discomfort.,0
PAT-00225,2024-01-11 08:20:27,92.7,59,36.6,140/94,99,92.6,Vitals remain within acceptable limits. No issues noted.,0
PAT-00225,2024-01-12 08:22:47,94.6,81,36.6,143/94,111,92.6,No symptoms reported. Vitals are within expected range.,0
PAT-00225,2024-01-13 09:52:52,95.2,66,37.0,173/103,90,92.6,"This morning, chest tightness.",1
PAT-00225,2024-01-14 09:18:02,94.2,82,36.6,126/73,130,92.6,"Today, patient states dry mouth.",0
PAT-00225,2024-01-15 10:24:36,94.0,85,38.7,129/77,96,92.6,"Reports severe discomfort, chills. immediate attention may be needed.",1
PAT-00225,2024-01-16 08:34:28,93.1,88,37.3,126/82,74,92.6,No symptoms reported. Vitals are within expected range.,0
PAT-00225,2024-01-17 10:11:35,98.5,69,38.9,111/81,74,92.6,"Patient describes fever, muscle aches.",1
PAT-00225,2024-01-18 08:35:59,97.4,66,36.7,113/73,74,92.6,No symptoms reported. Vitals are within expected range.,0
PAT-00225,2024-01-19 09:44:46,95.6,58,38.8,121/83,110,92.6,"Notes muscle aches, fever.",0
PAT-00225,2024-01-20 08:38:55,96.1,53,36.6,127/83,81,92.6,Indicates fatigue.,1
PAT-00225,2024-01-21 08:57:31,97.3,110,37.0,111/81,78,92.6,Indicates anxiety.,0
PAT-00225,2024-01-22 09:02:21,95.9,56,36.1,122/74,107,92.6,No symptoms reported. Vitals are within expected range.,0
PAT-00225,2024-01-23 09:25:00,96.8,78,38.0,130/79,143,92.6,"Patient describes headache, fever, dry mouth.",0
PAT-00225,2024-01-24 08:53:56,93.7,89,35.7,117/80,71,92.6,Observes lowered energy.,0
PAT-00225,2024-01-25 09:27:53,94.6,61,37.2,187/111,70,92.6,"Patient notes that chest pain, severe headache. worsening symptoms present.",0
PAT-00225,2024-01-26 10:54:23,98.0,80,37.1,121/84,83,92.6,Vitals remain within acceptable limits. No issues noted.,0
PAT-00225,2024-01-27 10:57:36,95.0,96,37.1,125/77,88,92.6,Patient denies any symptoms or discomfort.,0
PAT-00225,2024-01-28 09:31:17,95.4,53,38.5,174/104,162,92.6,"This morning, slow pulse, fever, chills, headaches, severe blurred vision, dry mouth, frequent urination. immediate attention may be needed.",1
PAT-00225,2024-01-29 10:46:59,93.5,102,36.5,110/73,100,92.6,Indicates palpitations.,0
PAT-00225,2024-01-30 09:31:04,99.1,99,36.0,135/89,169,92.6,"Today, patient states severe blurred vision, dry mouth, frequent urination. immediate attention may be needed.",0
PAT-00226,2024-01-01 08:04:52,96.7,80,37.3,178/101,134,69.2,"Observes headaches, frequent urination.",1
PAT-00226,2024-01-02 08:15:31,99.9,74,36.3,116/73,95,69.2,Patient is feeling well with all parameters stable.,0
PAT-00226,2024-01-03 08:39:57,96.2,77,39.0,117/73,78,69.2,"Today, patient states muscle aches, chills.",0
PAT-00226,2024-01-04 08:13:19,92.5,72,37.4,116/76,93,69.2,Patient denies any symptoms or discomfort.,0
PAT-00226,2024-01-05 09:16:40,98.1,64,36.7,121/83,80,69.2,Patient denies any symptoms or discomfort.,0
PAT-00226,2024-01-06 09:26:48,97.6,58,35.8,131/95,80,69.2,Patient describes mild coldness.,0
PAT-00226,2024-01-07 09:58:35,96.7,108,38.2,141/88,160,69.2,"Patient notes that palpitations, muscle aches, headache, severe blurred vision, dry mouth, frequent urination. worsening symptoms present.",1
PAT-00226,2024-01-08 08:58:05,97.4,55,36.6,118/77,121,69.2,Vitals remain within acceptable limits. No issues noted.,0
PAT-00226,2024-01-09 10:06:35,93.0,110,37.4,161/115,84,69.2,"Notes anxiety, vision issues.",0
PAT-00226,2024-01-10 10:58:06,94.5,54,37.3,126/73,111,69.2,Reports slow pulse.,0
PAT-00226,2024-01-11 09:27:26,93.7,51,37.4,129/80,78,69.2,Indicates lightheadedness.,0
PAT-00226,2024-01-12 08:55:53,94.9,56,36.8,121/83,96,69.2,Vitals remain within acceptable limits. No issues noted.,0
PAT-00226,2024-01-13 09:27:34,95.2,77,37.4,141/89,97,69.2,No significant complaints today.,0
PAT-00226,2024-01-14 08:49:55,91.1,80,36.7,122/77,115,69.2,Observes dizziness.,1
PAT-00226,2024-01-15 10:39:56,96.7,71,37.0,149/94,101,69.2,Patient is feeling well with all parameters stable.,0
PAT-00226,2024-01-16 09:18:59,98.0,94,37.1,117/73,96,69.2,Patient is feeling well with all parameters stable.,0
PAT-00226,2024-01-17 08:24:27,96.6,54,35.5,126/79,89,69.2,"Observes slow pulse, mild coldness.",0
PAT-00226,2024-01-18 09:56:10,98.9,77,38.6,176/107,82,69.2,"Patient describes chills, muscle aches, vision issues.",0
PAT-00226,2024-01-19 08:12:05,92.6,81,35.6,121/72,90,69.2,Reports mild coldness.,0
PAT-00226,2024-01-20 08:22:27,96.6,51,37.7,133/92,98,69.2,"Indicates lightheadedness, mild fever.",0
PAT-00226,2024-01-21 09:12:19,94.2,69,35.7,124/76,84,69.2,"This morning, mild coldness.",0
PAT-00226,2024-01-22 10:56:51,96.0,83,38.6,163/115,124,69.2,"Observes headache, fever, vision issues.",1
PAT-00226,2024-01-23 08:22:33,96.9,77,37.0,140/95,86,69.2,Patient is feeling well with all parameters stable.,0
PAT-00226,2024-01-24 08:13:40,92.3,82,35.5,120/85,79,69.2,Indicates mild coldness.,0
PAT-00226,2024-01-25 09:01:55,96.0,74,36.1,116/85,104,69.2,No symptoms reported. Vitals are within expected range.,0
PAT-00226,2024-01-26 10:31:22,94.9,73,37.3,140/92,115,69.2,Vitals remain within acceptable limits. No issues noted.,0
PAT-00226,2024-01-27 08:32:57,93.1,53,36.8,119/78,104,69.2,Reports fatigue.,0
PAT-00226,2024-01-28 08:38:20,99.5,98,38.3,140/90,72,69.2,"Notes severe discomfort, chills. immediate attention may be needed.",0
PAT-00226,2024-01-29 08:32:27,96.2,67,36.1,119/78,70,69.2,Vitals remain within acceptable limits. No issues noted.,0
PAT-00226,2024-01-30 08:42:28,98.8,91,36.0,130/82,78,69.2,No significant complaints today.,0
PAT-00227,2024-01-01 09:20:13,91.4,67,37.5,175/111,96,61.1,"Patient notes that shortness of breath, mild fever, chest tightness.",0
PAT-00227,2024-01-02 08:17:27,94.7,93,37.2,122/79,72,61.1,Vitals remain within acceptable limits. No issues noted.,0
PAT-00227,2024-01-03 08:12:30,99.1,103,38.8,126/78,100,61.1,"Today, patient states anxiety, severe discomfort, fever. immediate attention may be needed.",1
PAT-00227,2024-01-04 10:31:32,98.2,62,36.5,160/119,100,61.1,Reports headaches.,1
PAT-00227,2024-01-05 09:41:06,94.2,81,36.7,119/81,103,61.1,Patient denies any symptoms or discomfort.,0
PAT-00227,2024-01-06 09:06:17,95.8,78,36.6,130/81,80,61.1,Patient denies any symptoms or discomfort.,0
PAT-00227,2024-01-07 09:54:13,96.4,72,38.8,147/85,97,61.1,"Observes headache, chills.",1
PAT-00227,2024-01-08 08:54:55,97.7,76,37.3,131/93,142,61.1,Reports blurred vision.,0
PAT-00227,2024-01-09 10:19:33,96.8,52,37.3,124/75,76,61.1,Patient describes slow pulse.,0
PAT-00227,2024-01-10 10:02:29,95.0,90,37.6,185/109,93,61.1,"Notes night sweats, chest pain, severe headache. immediate attention may be needed.",1
PAT-00227,2024-01-11 08:15:01,100.0,81,37.1,110/82,168,61.1,"Patient describes severe blurred vision, dry mouth, frequent urination. immediate attention may be needed.",1
PAT-00227,2024-01-12 10:46:07,97.6,109,37.3,129/71,86,61.1,Indicates palpitations.,0
PAT-00227,2024-01-13 08:01:11,97.4,75,38.2,130/82,107,61.1,"This morning, chills, headache.",1
PAT-00227,2024-01-14 09:14:53,95.5,103,36.7,129/80,129,61.1,"This morning, restlessness, blurred vision.",1
PAT-00227,2024-01-15 09:56:02,95.0,100,36.7,128/71,108,61.1,Patient is feeling well with all parameters stable.,0
PAT-00227,2024-01-16 09:13:20,96.1,52,36.6,115/83,124,61.1,Patient notes that slow pulse.,1
PAT-00227,2024-01-17 08:03:50,98.7,55,36.6,187/106,88,61.1,"Indicates chest pain, severe headache. worsening symptoms present.",0
PAT-00227,2024-01-18 09:53:23,95.9,63,36.1,116/81,95,61.1,No significant complaints today.,0
PAT-00227,2024-01-19 08:26:03,95.3,80,37.2,122/71,92,61.1,Patient denies any symptoms or discomfort.,0
PAT-00227,2024-01-20 10:39:45,95.6,74,36.3,165/114,78,61.1,Patient notes that chest tightness.,0
PAT-00227,2024-01-21 10:44:15,97.8,63,38.1,122/79,72,61.1,"Today, patient states fever, severe discomfort. immediate attention may be needed.",1
PAT-00227,2024-01-22 09:19:45,99.5,91,37.2,130/75,170,61.1,"Patient notes that severe blurred vision, dry mouth, frequent urination. worsening symptoms present.",1
PAT-00227,2024-01-23 08:27:02,91.1,91,37.0,123/74,87,61.1,"This morning, low energy.",0
PAT-00227,2024-01-24 10:16:13,97.6,71,36.5,187/114,89,61.1,"Today, patient states chest pain, severe headache. worsening symptoms present.",0
PAT-00227,2024-01-25 10:20:59,95.1,78,37.7,139/90,98,61.1,"This morning, body aches.",0
PAT-00227,2024-01-26 08:41:30,96.6,98,36.6,125/80,75,61.1,Patient denies any symptoms or discomfort.,0
PAT-00227,2024-01-27 09:29:22,94.9,72,36.2,141/90,73,61.1,Patient denies any symptoms or discomfort.,0
PAT-00227,2024-01-28 10:43:56,95.5,109,35.8,181/110,83,61.1,"Observes palpitations, mild coldness, chest pain, severe headache. immediate attention may be needed.",0
PAT-00227,2024-01-29 09:22:49,96.6,57,36.4,161/106,131,61.1,"Reports vision issues, blurred vision.",1
PAT-00227,2024-01-30 10:04:15,96.0,97,37.0,130/85,111,61.1,No significant complaints today.,0
PAT-00228,2024-01-01 08:04:19,95.4,69,36.5,126/76,96,75.1,No significant complaints today.,0
PAT-00228,2024-01-02 10:49:48,95.8,70,36.2,124/79,88,75.1,Patient denies any symptoms or discomfort.,0
PAT-00228,2024-01-03 09:56:33,95.2,96,37.8,177/104,111,75.1,"Notes mild fever, headaches.",1
PAT-00228,2024-01-04 10:54:12,97.2,90,35.6,120/77,174,75.1,"This morning, lowered energy, severe blurred vision, dry mouth, frequent urination. worsening symptoms present.",0
PAT-00228,2024-01-05 09:04:31,95.2,66,36.6,119/82,113,75.1,Vitals remain within acceptable limits. No issues noted.,0
PAT-00228,2024-01-06 10:46:36,95.8,110,36.5,128/74,93,75.1,Indicates restlessness.,0
PAT-00228,2024-01-07 09:30:49,95.9,70,37.2,123/73,100,75.1,No symptoms reported. Vitals are within expected range.,0
PAT-00228,2024-01-08 08:51:13,95.1,86,38.3,110/75,105,75.1,"Today, patient states fever, chills.",1
PAT-00228,2024-01-09 09:06:11,96.4,63,37.4,123/77,104,75.1,Patient is feeling well with all parameters stable.,0
PAT-00228,2024-01-10 10:22:58,94.3,68,36.7,113/78,74,75.1,Vitals remain within acceptable limits. No issues noted.,0
PAT-00228,2024-01-11 08:40:08,95.7,73,36.9,114/73,79,75.1,No significant complaints today.,0
PAT-00228,2024-01-12 08:58:30,93.4,51,36.3,120/71,78,75.1,Reports fatigue.,1
PAT-00228,2024-01-13 09:31:34,95.0,87,36.0,144/92,87,75.1,No symptoms reported. Vitals are within expected range.,0
PAT-00228,2024-01-14 10:07:40,94.0,101,35.5,149/86,106,75.1,"Notes palpitations, lowered energy.",0
PAT-00228,2024-01-15 08:45:43,94.1,102,38.2,166/110,148,75.1,"Observes restlessness, headache, fever, chest tightness, blurred vision.",1
PAT-00228,2024-01-16 10:45:12,95.9,51,36.6,111/80,154,75.1,"Indicates lightheadedness, severe blurred vision, dry mouth, frequent urination. immediate attention may be needed.",0
PAT-00228,2024-01-17 08:45:35,98.5,51,38.4,121/79,80,75.1,"Indicates fatigue, chills, headache.",0
PAT-00228,2024-01-18 08:40:24,94.0,60,38.9,115/76,80,75.1,"Patient describes headache, muscle aches.",1
PAT-00228,2024-01-19 10:14:00,94.7,109,37.4,179/119,87,75.1,"Reports restlessness, vision issues.",1
PAT-00228,2024-01-20 09:00:30,100.0,82,37.1,127/83,85,75.1,Patient denies any symptoms or discomfort.,0
PAT-00228,2024-01-21 10:38:36,98.4,96,37.1,126/73,88,75.1,Patient denies any symptoms or discomfort.,0
PAT-00228,2024-01-22 09:35:52,97.6,89,36.5,124/78,82,75.1,Patient is feeling well with all parameters stable.,0
PAT-00228,2024-01-23 08:42:05,98.9,109,38.7,110/71,104,75.1,"Patient notes that restlessness, fever, muscle aches.",0
PAT-00228,2024-01-24 09:33:48,98.7,72,37.2,116/84,106,75.1,Patient is feeling well with all parameters stable.,0
PAT-00228,2024-01-25 08:10:56,95.2,105,35.6,111/74,86,75.1,"Observes anxiety, lowered energy.",1
PAT-00228,2024-01-26 10:27:51,97.7,107,36.0,171/117,179,75.1,"Today, patient states anxiety, headaches, severe blurred vision, dry mouth, frequent urination. immediate attention may be needed.",0
PAT-00228,2024-01-27 09:10:58,97.6,51,38.8,131/95,92,75.1,"Notes fatigue, muscle aches, fever.",1
PAT-00228,2024-01-28 09:53:29,94.5,96,36.5,185/119,99,75.1,"Observes chest pain, severe headache. worsening symptoms present.",0
PAT-00228,2024-01-29 10:50:18,94.1,96,37.2,162/100,80,75.1,Indicates headaches.,0
PAT-00228,2024-01-30 10:02:59,95.6,96,35.7,131/95,94,75.1,Indicates mild coldness.,0
PAT-00229,2024-01-01 09:02:35,100.0,89,36.7,150/93,163,66.0,"Patient notes that severe blurred vision, dry mouth, frequent urination. worsening symptoms present.",0
PAT-00229,2024-01-02 10:28:38,94.9,66,38.0,140/93,79,66.0,"This morning, chills, muscle aches.",0
PAT-00229,2024-01-03 09:36:17,99.2,55,37.3,115/73,75,66.0,Patient denies any symptoms or discomfort.,0
PAT-00229,2024-01-04 09:02:27,92.4,94,35.8,130/70,94,66.0,Patient describes mild coldness.,0
PAT-00229,2024-01-05 08:41:36,94.1,109,36.5,128/73,80,66.0,Notes palpitations.,0
PAT-00229,2024-01-06 09:00:22,94.2,91,36.6,127/81,70,66.0,Patient is feeling well with all parameters stable.,0
PAT-00229,2024-01-07 10:17:30,96.1,60,37.4,118/75,89,66.0,Patient is feeling well with all parameters stable.,0
PAT-00229,2024-01-08 09:16:04,95.7,88,36.9,115/75,125,66.0,No significant complaints today.,0
PAT-00229,2024-01-09 09:08:20,97.2,54,36.1,117/75,79,66.0,"Today, patient states fatigue.",0
PAT-00229,2024-01-10 10:25:00,95.6,87,35.9,119/74,142,66.0,"Reports mild coldness, frequent urination.",0
PAT-00229,2024-01-11 10:40:17,96.2,64,35.8,171/107,118,66.0,"Patient notes that lowered energy, vision issues.",0
PAT-00229,2024-01-12 08:28:50,98.6,86,37.2,123/75,127,66.0,Reports frequent urination.,0
PAT-00229,2024-01-13 10:06:10,100.0,94,36.4,119/82,82,66.0,No significant complaints today.,0
PAT-00229,2024-01-14 08:49:49,92.2,77,35.8,111/85,70,66.0,Patient describes mild coldness.,0
PAT-00229,2024-01-15 09:37:45,92.9,50,36.0,129/83,91,66.0,Patient notes that lightheadedness.,0
PAT-00229,2024-01-16 08:53:53,94.4,81,37.4,140/94,72,66.0,Vitals remain within acceptable limits. No issues noted.,0
PAT-00229,2024-01-17 09:41:13,95.9,97,35.6,133/92,129,66.0,"Patient notes that mild coldness, frequent urination.",0
PAT-00229,2024-01-18 08:31:38,95.4,75,36.6,160/117,112,66.0,Notes chest tightness.,1
PAT-00229,2024-01-19 08:29:48,93.8,57,37.0,141/93,114,66.0,No significant complaints today.,0
PAT-00229,2024-01-20 08:29:05,92.2,57,36.6,114/71,91,66.0,No significant complaints today.,0
PAT-00229,2024-01-21 08:15:14,96.9,90,36.0,130/88,99,66.0,No significant complaints today.,0
PAT-00229,2024-01-22 09:36:58,93.8,85,36.8,123/78,84,66.0,No symptoms reported. Vitals are within expected range.,0
PAT-00229,2024-01-23 08:59:57,96.6,67,38.2,112/73,111,66.0,"Today, patient states fever, headache.",1
PAT-00229,2024-01-24 10:48:50,95.9,99,38.6,115/74,113,66.0,"Reports headache, chills.",0
PAT-00229,2024-01-25 08:01:37,94.4,88,36.1,129/70,106,66.0,Patient denies any symptoms or discomfort.,0
PAT-00229,2024-01-26 08:15:04,93.9,101,37.0,122/80,76,66.0,Observes anxiety.,0
PAT-00229,2024-01-27 08:13:25,100.0,69,37.2,123/76,147,66.0,Notes blurred vision.,0
PAT-00229,2024-01-28 08:32:48,95.2,60,37.3,114/76,74,66.0,Patient is feeling well with all parameters stable.,0
PAT-00229,2024-01-29 09:32:42,99.4,70,36.2,135/94,114,66.0,No significant complaints today.,0
PAT-00229,2024-01-30 10:54:26,97.0,71,37.4,174/114,110,66.0,"Today, patient states vision issues.",1
PAT-00230,2024-01-01 08:22:11,95.4,93,37.1,129/85,100,75.2,No significant complaints today.,0
PAT-00230,2024-01-02 08:27:18,92.8,92,37.0,134/88,122,75.2,No significant complaints today.,0
PAT-00230,2024-01-03 09:02:09,94.6,69,36.7,118/84,86,75.2,No symptoms reported. Vitals are within expected range.,0
PAT-00230,2024-01-04 09:56:21,95.7,90,36.9,113/82,76,75.2,Vitals remain within acceptable limits. No issues noted.,0
PAT-00230,2024-01-05 10:01:12,96.0,80,36.0,138/94,73,75.2,No symptoms reported. Vitals are within expected range.,0
PAT-00230,2024-01-06 08:43:22,97.7,52,37.3,122/82,76,75.2,Notes fatigue.,1
PAT-00230,2024-01-07 08:46:04,98.2,65,36.8,122/78,91,75.2,No significant complaints today.,0
PAT-00230,2024-01-08 08:24:31,93.4,103,35.7,126/85,119,75.2,"Notes restlessness, lowered energy.",0
PAT-00230,2024-01-09 10:54:59,95.4,65,38.3,172/119,86,75.2,"Reports headache, chills, chest tightness.",0
PAT-00230,2024-01-10 08:14:08,95.9,57,36.7,149/93,173,75.2,"This morning, severe blurred vision, dry mouth, frequent urination. worsening symptoms present.",1
PAT-00230,2024-01-11 09:00:10,96.4,110,36.5,123/85,73,75.2,Observes anxiety.,0
PAT-00230,2024-01-12 10:18:39,98.5,63,37.7,127/81,73,75.2,Indicates night sweats.,0
PAT-00230,2024-01-13 08:26:47,94.1,91,38.1,116/79,88,75.2,"Observes muscle aches, chills.",1
PAT-00230,2024-01-14 09:32:56,93.2,95,36.7,115/84,118,75.2,Vitals remain within acceptable limits. No issues noted.,0
PAT-00230,2024-01-15 08:19:49,95.1,62,36.6,110/82,82,75.2,No significant complaints today.,0
PAT-00230,2024-01-16 10:10:39,98.6,96,37.1,165/110,84,75.2,Patient describes vision issues.,1
PAT-00230,2024-01-17 10:21:50,96.1,88,37.2,131/91,88,75.2,Patient is feeling well with all parameters stable.,0
PAT-00230,2024-01-18 08:52:45,98.5,88,36.4,184/107,79,75.2,"Indicates chest pain, severe headache. worsening symptoms present.",0
PAT-00230,2024-01-19 10:48:47,99.8,62,37.3,162/105,71,75.2,Indicates chest tightness.,1
PAT-00230,2024-01-20 10:08:57,94.7,67,36.9,187/116,90,75.2,"Patient notes that chest pain, severe headache. worsening symptoms present.",0
PAT-00230,2024-01-21 09:44:55,97.4,93,38.7,182/104,163,75.2,"Indicates chills, fever, chest pain, severe headache, severe blurred vision, dry mouth, frequent urination. immediate attention may be needed.",1
PAT-00230,2024-01-22 08:02:50,94.4,96,37.0,137/90,93,75.2,Patient is feeling well with all parameters stable.,0
PAT-00230,2024-01-23 08:36:34,96.0,59,36.9,121/72,73,75.2,Patient is feeling well with all parameters stable.,0
PAT-00230,2024-01-24 10:48:39,96.1,78,36.9,145/92,99,75.2,Patient denies any symptoms or discomfort.,0
PAT-00230,2024-01-25 10:29:38,97.7,65,36.1,174/117,155,75.2,"Indicates headaches, severe blurred vision, dry mouth, frequent urination. worsening symptoms present.",0
PAT-00230,2024-01-26 08:15:25,95.6,50,36.7,150/93,122,75.2,"This morning, fatigue.",1
PAT-00230,2024-01-27 09:51:55,94.1,84,36.7,123/80,132,75.2,Notes dry mouth.,0
PAT-00230,2024-01-28 10:24:21,94.3,104,38.2,118/76,70,75.2,"Observes restlessness, chills, fever.",1
PAT-00230,2024-01-29 09:43:43,93.5,58,37.3,130/79,95,75.2,Patient denies any symptoms or discomfort.,0
PAT-00230,2024-01-30 10:44:28,94.4,94,37.0,111/75,179,75.2,"Reports severe blurred vision, dry mouth, frequent urination. immediate attention may be needed.",0
PAT-00231,2024-01-01 08:48:00,94.2,106,36.8,118/77,99,102.8,"Today, patient states anxiety.",0
PAT-00231,2024-01-02 09:57:05,94.6,59,36.7,127/73,124,102.8,Vitals remain within acceptable limits. No issues noted.,0
PAT-00231,2024-01-03 10:26:15,95.3,96,36.9,160/120,80,102.8,Indicates chest tightness.,1
PAT-00231,2024-01-04 09:36:21,95.4,61,36.2,119/79,77,102.8,Vitals remain within acceptable limits. No issues noted.,0
PAT-00231,2024-01-05 08:52:53,94.0,108,36.9,115/70,135,102.8,"Notes anxiety, frequent urination.",1
PAT-00231,2024-01-06 10:16:48,94.8,93,38.6,143/86,91,102.8,"Observes headache, chills.",1
PAT-00231,2024-01-07 09:53:03,93.9,76,36.8,126/80,133,102.8,Observes frequent urination.,0
PAT-00231,2024-01-08 08:32:06,96.1,66,36.6,125/70,98,102.8,Vitals remain within acceptable limits. No issues noted.,0
PAT-00231,2024-01-09 10:42:18,95.5,51,37.9,111/77,85,102.8,"This morning, fatigue, mild fever.",0
PAT-00231,2024-01-10 10:21:38,99.0,68,37.0,113/80,104,102.8,Patient denies any symptoms or discomfort.,0
PAT-00231,2024-01-11 08:33:22,95.1,62,37.7,123/77,146,102.8,"Reports night sweats, frequent urination.",0
PAT-00231,2024-01-12 08:26:18,97.5,85,38.0,118/83,113,102.8,"Indicates severe discomfort, muscle aches. immediate attention may be needed.",1
PAT-00231,2024-01-13 08:10:43,96.2,59,37.0,161/103,94,102.8,"This morning, chest tightness.",1
PAT-00231,2024-01-14 10:06:21,95.0,106,37.2,140/95,133,102.8,"Patient notes that palpitations, frequent urination.",1
PAT-00231,2024-01-15 08:52:03,96.3,93,36.6,119/82,71,102.8,Patient is feeling well with all parameters stable.,0
PAT-00231,2024-01-16 10:23:15,95.1,100,37.3,150/94,112,102.8,Patient denies any symptoms or discomfort.,0
PAT-00231,2024-01-17 10:00:06,93.0,54,37.1,131/93,73,102.8,"Today, patient states lightheadedness.",0
PAT-00231,2024-01-18 08:51:05,95.7,102,37.1,125/82,82,102.8,"This morning, palpitations.",1
PAT-00231,2024-01-19 09:35:37,98.3,65,37.4,144/93,120,102.8,Vitals remain within acceptable limits. No issues noted.,0
PAT-00231,2024-01-20 10:49:43,94.9,85,36.4,124/72,87,102.8,Patient denies any symptoms or discomfort.,0
PAT-00231,2024-01-21 08:54:34,94.0,67,35.8,139/92,91,102.8,Patient describes lowered energy.,0
PAT-00231,2024-01-22 08:00:41,97.4,54,35.7,125/77,126,102.8,"This morning, slow pulse, mild coldness, blurred vision.",0
PAT-00231,2024-01-23 08:07:45,98.0,62,36.5,119/75,79,102.8,No significant complaints today.,0
PAT-00231,2024-01-24 10:14:01,95.1,68,35.5,119/79,82,102.8,Notes lowered energy.,0
PAT-00231,2024-01-25 09:36:26,98.8,67,36.4,119/70,174,102.8,"Patient describes severe blurred vision, dry mouth, frequent urination. worsening symptoms present.",0
PAT-00231,2024-01-26 10:28:26,98.6,76,36.5,129/77,77,102.8,No significant complaints today.,0
PAT-00231,2024-01-27 08:03:16,90.5,63,37.3,149/90,102,102.8,Reports low energy.,1
PAT-00231,2024-01-28 08:13:01,97.3,104,36.5,122/82,72,102.8,Patient describes restlessness.,0
PAT-00231,2024-01-29 08:24:43,96.2,83,36.6,142/93,93,102.8,Vitals remain within acceptable limits. No issues noted.,0
PAT-00231,2024-01-30 09:50:44,95.1,77,37.8,114/70,119,102.8,Indicates body aches.,0
PAT-00232,2024-01-01 09:49:33,95.6,89,36.2,132/93,73,71.7,Patient denies any symptoms or discomfort.,0
PAT-00232,2024-01-02 09:38:08,95.2,97,38.2,118/78,142,71.7,"Indicates fever, muscle aches, dry mouth.",0
PAT-00232,2024-01-03 09:31:48,95.7,74,36.2,135/86,95,71.7,Patient denies any symptoms or discomfort.,0
PAT-00232,2024-01-04 09:54:12,98.2,80,36.6,142/87,70,71.7,Vitals remain within acceptable limits. No issues noted.,0
PAT-00232,2024-01-05 08:42:17,95.0,78,36.4,119/73,115,71.7,Patient is feeling well with all parameters stable.,0
PAT-00232,2024-01-06 08:57:39,96.8,90,36.8,132/92,71,71.7,Vitals remain within acceptable limits. No issues noted.,0
PAT-00232,2024-01-07 10:58:24,94.4,67,37.1,124/74,103,71.7,Patient denies any symptoms or discomfort.,0
PAT-00232,2024-01-08 10:13:53,95.1,101,36.9,126/78,123,71.7,Patient describes anxiety.,0
PAT-00232,2024-01-09 09:30:02,97.5,101,36.5,144/86,125,71.7,Observes palpitations.,1
PAT-00232,2024-01-10 09:24:54,96.3,89,37.1,118/73,169,71.7,"Observes severe blurred vision, dry mouth, frequent urination. immediate attention may be needed.",1
PAT-00232,2024-01-11 09:26:29,95.2,51,38.6,120/84,124,71.7,"This morning, lightheadedness, fever, severe discomfort. immediate attention may be needed.",0
PAT-00232,2024-01-12 09:01:06,95.4,76,37.4,110/80,90,71.7,No significant complaints today.,0
PAT-00232,2024-01-13 10:27:31,95.2,110,36.0,128/75,95,71.7,"This morning, restlessness.",0
PAT-00232,2024-01-14 09:08:22,99.1,74,36.4,123/72,148,71.7,"Today, patient states blurred vision.",0
PAT-00232,2024-01-15 10:51:40,96.8,106,38.2,130/78,87,71.7,"Reports palpitations, severe discomfort, headache. worsening symptoms present.",0
PAT-00232,2024-01-16 10:48:42,99.1,110,36.9,126/76,124,71.7,Notes palpitations.,1
PAT-00232,2024-01-17 08:10:37,95.6,79,36.9,125/81,106,71.7,No symptoms reported. Vitals are within expected range.,0
PAT-00232,2024-01-18 10:44:00,97.1,51,36.6,117/77,98,71.7,"Today, patient states slow pulse.",0
PAT-00232,2024-01-19 08:17:00,92.8,61,36.6,167/115,178,71.7,"Patient notes that headaches, severe blurred vision, dry mouth, frequent urination. worsening symptoms present.",0
PAT-00232,2024-01-20 10:58:57,95.1,81,36.8,148/95,100,71.7,No significant complaints today.,0
PAT-00232,2024-01-21 08:56:21,94.1,73,37.6,120/70,74,71.7,Indicates night sweats.,0
PAT-00232,2024-01-22 08:43:47,96.5,86,36.2,129/71,165,71.7,"Patient notes that severe blurred vision, dry mouth, frequent urination. worsening symptoms present.",0
PAT-00232,2024-01-23 08:43:58,96.8,57,35.9,129/70,78,71.7,"Today, patient states lowered energy.",0
PAT-00232,2024-01-24 08:49:38,96.6,108,36.2,113/76,124,71.7,Observes anxiety.,1
PAT-00232,2024-01-25 10:48:34,93.6,53,37.3,172/104,152,71.7,"Reports slow pulse, headaches, severe blurred vision, dry mouth, frequent urination. immediate attention may be needed.",1
PAT-00232,2024-01-26 08:24:28,97.0,81,36.5,125/72,84,71.7,No significant complaints today.,0
PAT-00232,2024-01-27 08:38:26,97.0,108,35.7,119/75,92,71.7,"Patient notes that restlessness, mild coldness.",0
PAT-00232,2024-01-28 10:34:40,97.4,79,36.6,124/72,121,71.7,No symptoms reported. Vitals are within expected range.,0
PAT-00232,2024-01-29 10:08:16,97.2,100,37.3,115/84,94,71.7,No symptoms reported. Vitals are within expected range.,0
PAT-00232,2024-01-30 09:02:50,95.9,77,36.4,125/80,99,71.7,No symptoms reported. Vitals are within expected range.,0
PAT-00233,2024-01-01 09:27:10,97.6,98,36.6,139/93,102,86.4,Vitals remain within acceptable limits. No issues noted.,0
PAT-00233,2024-01-02 10:37:45,96.7,71,35.7,110/73,77,86.4,"Today, patient states mild coldness.",0
PAT-00233,2024-01-03 08:28:58,95.5,54,37.3,112/79,105,86.4,Reports lightheadedness.,1
PAT-00233,2024-01-04 10:52:42,95.3,107,37.4,139/88,117,86.4,"This morning, anxiety.",0
PAT-00233,2024-01-05 08:59:57,97.3,69,35.9,110/79,82,86.4,Notes mild coldness.,0
PAT-00233,2024-01-06 09:43:46,97.0,53,35.8,141/92,99,86.4,"Observes lightheadedness, mild coldness.",0
PAT-00233,2024-01-07 09:58:14,98.1,97,36.8,161/116,91,86.4,Patient describes vision issues.,0
PAT-00233,2024-01-08 09:49:18,97.0,99,36.2,122/79,95,86.4,Patient is feeling well with all parameters stable.,0
PAT-00233,2024-01-09 08:47:02,94.4,87,36.8,129/80,79,86.4,Patient denies any symptoms or discomfort.,0
PAT-00233,2024-01-10 09:06:31,95.5,104,36.1,116/71,176,86.4,"Patient describes restlessness, severe blurred vision, dry mouth, frequent urination. worsening symptoms present.",1
PAT-00233,2024-01-11 08:44:55,97.3,83,35.6,128/78,112,86.4,Observes lowered energy.,0
PAT-00233,2024-01-12 08:38:36,96.7,55,37.1,133/86,94,86.4,Patient is feeling well with all parameters stable.,0
PAT-00233,2024-01-13 10:53:22,93.7,102,35.6,183/105,80,86.4,"This morning, restlessness, lowered energy, chest pain, severe headache. immediate attention may be needed.",0
PAT-00233,2024-01-14 10:40:38,98.5,61,36.9,114/70,148,86.4,Patient notes that dry mouth.,0
PAT-00233,2024-01-15 08:51:03,98.1,98,35.9,119/78,72,86.4,Observes lowered energy.,0
PAT-00233,2024-01-16 09:43:15,95.4,91,37.2,121/84,136,86.4,Patient notes that dry mouth.,0
PAT-00233,2024-01-17 08:01:10,97.8,51,36.6,124/80,160,86.4,"This morning, slow pulse, severe blurred vision, dry mouth, frequent urination. worsening symptoms present.",0
PAT-00233,2024-01-18 10:13:36,97.7,82,37.0,110/80,138,86.4,Patient describes dry mouth.,0
PAT-00233,2024-01-19 08:41:30,93.0,82,37.8,122/70,168,86.4,"This morning, night sweats, severe blurred vision, dry mouth, frequent urination. immediate attention may be needed.",0
PAT-00233,2024-01-20 08:09:57,93.7,98,36.6,126/76,124,86.4,Patient is feeling well with all parameters stable.,0
PAT-00233,2024-01-21 10:29:57,95.2,89,37.7,125/81,83,86.4,Indicates night sweats.,0
PAT-00233,2024-01-22 09:59:24,92.8,102,38.5,187/117,80,86.4,"Reports palpitations, chills, muscle aches, chest pain, severe headache. worsening symptoms present.",0
PAT-00233,2024-01-23 09:32:18,94.3,64,37.3,123/71,98,86.4,Vitals remain within acceptable limits. No issues noted.,0
PAT-00233,2024-01-24 09:30:55,90.5,110,37.1,119/83,95,86.4,"Patient notes that dizziness, anxiety.",0
PAT-00233,2024-01-25 09:35:23,93.3,72,38.7,139/90,131,86.4,"This morning, severe discomfort, chills, dry mouth. immediate attention may be needed.",0
PAT-00233,2024-01-26 08:16:24,97.6,77,38.5,134/95,89,86.4,"Reports severe discomfort, muscle aches. immediate attention may be needed.",0
PAT-00233,2024-01-27 08:11:42,98.4,58,36.6,145/88,80,86.4,No symptoms reported. Vitals are within expected range.,0
PAT-00233,2024-01-28 10:29:30,94.8,106,36.0,172/107,78,86.4,"Notes anxiety, chest tightness.",0
PAT-00233,2024-01-29 09:42:31,94.5,74,38.0,139/92,83,86.4,"Reports chills, headache.",1
PAT-00233,2024-01-30 08:12:04,93.6,58,35.9,127/84,124,86.4,Indicates mild coldness.,0
PAT-00234,2024-01-01 10:26:03,97.1,103,36.9,127/82,84,61.5,Notes anxiety.,0
PAT-00234,2024-01-02 08:00:21,94.8,60,36.6,130/95,110,61.5,Patient denies any symptoms or discomfort.,0
PAT-00234,2024-01-03 09:25:11,97.3,94,35.8,132/91,76,61.5,Observes lowered energy.,0
PAT-00234,2024-01-04 10:46:25,92.2,87,36.9,120/73,111,61.5,No symptoms reported. Vitals are within expected range.,0
PAT-00234,2024-01-05 08:04:18,96.9,88,37.2,112/77,122,61.5,Patient denies any symptoms or discomfort.,0
PAT-00234,2024-01-06 10:41:53,93.8,105,36.2,129/71,87,61.5,Observes anxiety.,0
PAT-00234,2024-01-07 09:20:50,95.8,51,36.9,130/78,83,61.5,Patient describes fatigue.,1
PAT-00234,2024-01-08 08:31:00,93.8,85,36.8,184/111,88,61.5,"Today, patient states chest pain, severe headache. worsening symptoms present.",0
PAT-00234,2024-01-09 09:02:06,97.5,88,37.0,120/81,122,61.5,Patient is feeling well with all parameters stable.,0
PAT-00234,2024-01-10 09:19:04,97.2,83,38.5,114/78,82,61.5,"This morning, muscle aches, severe discomfort. worsening symptoms present.",0
PAT-00234,2024-01-11 10:38:23,91.4,57,38.9,127/84,125,61.5,"Observes shortness of breath, muscle aches, fever.",0
PAT-00234,2024-01-12 08:00:52,96.1,52,36.6,135/92,171,61.5,"Reports lightheadedness, severe blurred vision, dry mouth, frequent urination. immediate attention may be needed.",1
PAT-00234,2024-01-13 08:32:03,93.9,91,36.9,134/86,93,61.5,Patient denies any symptoms or discomfort.,0
PAT-00234,2024-01-14 10:03:02,98.1,107,36.7,138/92,91,61.5,Patient notes that restlessness.,0
PAT-00234,2024-01-15 10:31:15,98.2,99,38.7,150/88,135,61.5,"Reports severe discomfort, chills, blurred vision. immediate attention may be needed.",0
PAT-00234,2024-01-16 10:45:04,97.5,107,36.5,130/77,83,61.5,Notes restlessness.,1
PAT-00234,2024-01-17 08:22:37,94.8,106,36.6,150/85,116,61.5,Observes restlessness.,0
PAT-00234,2024-01-18 09:13:08,96.3,78,35.6,144/90,158,61.5,"Patient notes that lowered energy, severe blurred vision, dry mouth, frequent urination. immediate attention may be needed.",0
PAT-00234,2024-01-19 09:06:57,98.1,60,36.2,116/84,129,61.5,"This morning, frequent urination.",0
PAT-00234,2024-01-20 09:25:54,94.8,79,37.4,126/78,148,61.5,Patient describes frequent urination.,0
PAT-00234,2024-01-21 09:25:59,97.0,86,37.8,110/79,114,61.5,"Today, patient states body aches.",0
PAT-00234,2024-01-22 09:09:59,94.1,56,36.8,119/82,93,61.5,Patient denies any symptoms or discomfort.,0
PAT-00234,2024-01-23 10:59:36,96.6,108,37.2,127/85,75,61.5,Notes restlessness.,0
PAT-00234,2024-01-24 09:58:15,99.7,92,36.7,164/116,121,61.5,"This morning, headaches.",0
PAT-00234,2024-01-25 08:37:11,99.7,74,38.2,119/77,91,61.5,"Reports severe discomfort, fever. worsening symptoms present.",1
PAT-00234,2024-01-26 08:08:02,92.3,65,37.3,112/80,90,61.5,Patient is feeling well with all parameters stable.,0
PAT-00234,2024-01-27 10:43:32,97.9,55,37.8,112/76,82,61.5,Notes body aches.,0
PAT-00234,2024-01-28 09:53:06,96.0,82,35.6,122/80,75,61.5,Indicates mild coldness.,0
PAT-00234,2024-01-29 10:55:57,94.1,74,37.1,125/85,111,61.5,Patient denies any symptoms or discomfort.,0
PAT-00234,2024-01-30 08:48:02,94.5,96,36.0,165/105,93,61.5,Patient describes headaches.,1
PAT-00235,2024-01-01 09:48:55,95.8,57,37.4,126/79,77,71.7,Vitals remain within acceptable limits. No issues noted.,0
PAT-00235,2024-01-02 09:16:56,96.7,77,37.7,139/91,78,71.7,"Today, patient states body aches.",0
PAT-00235,2024-01-03 08:52:51,99.7,96,37.1,164/106,140,71.7,"Patient notes that vision issues, frequent urination.",0
PAT-00235,2024-01-04 08:28:45,92.2,73,36.7,125/77,101,71.7,Patient denies any symptoms or discomfort.,0
PAT-00235,2024-01-05 09:34:11,97.3,62,37.9,129/83,123,71.7,Patient notes that night sweats.,0
PAT-00235,2024-01-06 10:26:34,93.8,52,37.9,114/78,76,71.7,"Reports lightheadedness, mild fever.",1
PAT-00235,2024-01-07 09:32:32,94.3,109,36.6,126/76,93,71.7,"This morning, anxiety.",1
PAT-00235,2024-01-08 08:30:34,92.1,51,38.1,118/73,74,71.7,"Observes fatigue, headache, fever.",1
PAT-00235,2024-01-09 08:29:31,97.5,109,37.0,130/75,96,71.7,Notes restlessness.,0
PAT-00235,2024-01-10 09:19:47,95.0,105,36.6,140/95,164,71.7,"Reports restlessness, severe blurred vision, dry mouth, frequent urination. immediate attention may be needed.",1
PAT-00235,2024-01-11 08:23:51,96.7,56,35.9,126/85,139,71.7,"Patient describes mild coldness, frequent urination.",0
PAT-00235,2024-01-12 08:24:51,93.8,99,38.0,140/94,172,71.7,"Notes headache, chills, severe blurred vision, dry mouth, frequent urination. worsening symptoms present.",1
PAT-00235,2024-01-13 10:18:23,93.3,58,37.1,116/73,125,71.7,Patient denies any symptoms or discomfort.,0
PAT-00235,2024-01-14 08:12:54,96.8,71,37.4,127/81,86,71.7,Patient is feeling well with all parameters stable.,0
PAT-00235,2024-01-15 09:12:43,94.0,65,36.7,125/81,101,71.7,Vitals remain within acceptable limits. No issues noted.,0
PAT-00235,2024-01-16 10:04:38,95.1,64,36.5,142/89,75,71.7,No symptoms reported. Vitals are within expected range.,0
PAT-00235,2024-01-17 08:15:35,94.9,57,38.9,115/70,85,71.7,"Observes chills, headache.",0
PAT-00235,2024-01-18 10:40:19,96.7,108,37.0,125/71,112,71.7,Patient notes that anxiety.,0
PAT-00235,2024-01-19 10:00:46,93.7,83,37.0,181/120,103,71.7,"Observes chest pain, severe headache. worsening symptoms present.",1
PAT-00235,2024-01-20 09:14:47,97.2,81,37.7,117/81,83,71.7,"Today, patient states mild fever.",0
PAT-00235,2024-01-21 08:11:04,96.4,88,35.7,112/73,98,71.7,Patient describes lowered energy.,0
PAT-00235,2024-01-22 08:02:34,96.5,94,36.4,115/74,129,71.7,"Today, patient states dry mouth.",0
PAT-00235,2024-01-23 08:02:34,95.4,59,38.1,117/81,82,71.7,"Notes fever, severe discomfort. immediate attention may be needed.",0
PAT-00235,2024-01-24 08:54:28,98.3,51,36.7,110/72,109,71.7,"This morning, fatigue.",0
PAT-00235,2024-01-25 09:52:22,96.7,108,37.3,149/86,94,71.7,Indicates palpitations.,0
PAT-00235,2024-01-26 08:50:25,99.5,103,38.7,170/101,93,71.7,"Observes restlessness, severe discomfort, muscle aches, headaches. worsening symptoms present.",1
PAT-00235,2024-01-27 08:29:58,96.8,96,36.2,113/83,70,71.7,No significant complaints today.,0
PAT-00235,2024-01-28 08:09:44,97.2,54,38.3,188/110,70,71.7,"Indicates fatigue, chills, severe discomfort, chest pain, severe headache. worsening symptoms present.",1
PAT-00235,2024-01-29 08:59:44,94.7,60,36.9,121/74,97,71.7,No symptoms reported. Vitals are within expected range.,0
PAT-00235,2024-01-30 10:27:38,94.1,86,35.6,168/120,173,71.7,"Notes lowered energy, headaches, severe blurred vision, dry mouth, frequent urination. immediate attention may be needed.",0
PAT-00236,2024-01-01 09:24:29,96.9,72,35.7,150/95,123,103.1,Observes lowered energy.,0
PAT-00236,2024-01-02 08:17:10,98.0,82,35.7,146/89,70,103.1,Patient describes mild coldness.,0
PAT-00236,2024-01-03 08:53:44,92.4,63,38.9,116/84,78,103.1,"Notes chills, headache.",1
PAT-00236,2024-01-04 08:01:48,94.7,75,37.0,117/75,106,103.1,Patient is feeling well with all parameters stable.,0
PAT-00236,2024-01-05 09:54:46,96.5,107,36.1,137/88,85,103.1,"This morning, restlessness.",0
PAT-00236,2024-01-06 08:55:13,96.0,53,36.8,168/110,71,103.1,"Notes lightheadedness, headaches.",1
PAT-00236,2024-01-07 09:25:23,98.7,74,36.7,127/83,96,103.1,No symptoms reported. Vitals are within expected range.,0
PAT-00236,2024-01-08 08:44:41,94.2,50,35.7,131/85,111,103.1,"Reports slow pulse, mild coldness.",1
PAT-00236,2024-01-09 09:10:41,94.5,54,36.8,145/94,94,103.1,"Today, patient states lightheadedness.",0
PAT-00236,2024-01-10 08:19:32,98.8,60,37.3,128/72,144,103.1,"This morning, blurred vision.",0
PAT-00236,2024-01-11 10:41:43,97.9,72,38.2,117/72,110,103.1,"Patient describes muscle aches, severe discomfort. worsening symptoms present.",1
PAT-00236,2024-01-12 10:30:23,99.0,105,37.2,120/84,110,103.1,"Today, patient states palpitations.",0
PAT-00236,2024-01-13 08:47:46,97.4,107,37.2,114/76,85,103.1,Notes palpitations.,1
PAT-00236,2024-01-14 09:34:59,100.0,110,37.0,120/70,103,103.1,"Today, patient states anxiety.",1
PAT-00236,2024-01-15 08:15:32,97.1,55,36.8,182/109,97,103.1,"Reports chest pain, severe headache. worsening symptoms present.",1
PAT-00236,2024-01-16 09:11:39,96.8,67,37.0,115/82,173,103.1,"Notes severe blurred vision, dry mouth, frequent urination. worsening symptoms present.",0
PAT-00236,2024-01-17 09:02:04,97.7,75,36.6,187/114,77,103.1,"Today, patient states chest pain, severe headache. worsening symptoms present.",0
PAT-00236,2024-01-18 09:42:02,93.4,62,36.5,131/91,81,103.1,Vitals remain within acceptable limits. No issues noted.,0
PAT-00236,2024-01-19 08:22:18,94.7,59,36.8,125/72,75,103.1,Patient denies any symptoms or discomfort.,0
PAT-00236,2024-01-20 08:05:40,96.9,50,35.9,127/74,150,103.1,"Indicates lightheadedness, lowered energy, severe blurred vision, dry mouth, frequent urination. immediate attention may be needed.",1
PAT-00236,2024-01-21 10:38:38,93.8,82,38.4,129/70,83,103.1,"Reports fever, muscle aches.",0
PAT-00236,2024-01-22 10:52:24,96.5,90,37.0,149/90,150,103.1,"Observes severe blurred vision, dry mouth, frequent urination. worsening symptoms present.",0
PAT-00236,2024-01-23 08:05:52,95.3,83,36.9,127/75,87,103.1,No symptoms reported. Vitals are within expected range.,0
PAT-00236,2024-01-24 10:01:30,96.5,100,36.6,126/83,79,103.1,No significant complaints today.,0
PAT-00236,2024-01-25 10:51:15,96.2,50,36.0,178/115,80,103.1,"Observes lightheadedness, chest tightness.",1
PAT-00236,2024-01-26 09:37:55,96.7,94,37.1,146/95,88,103.1,Patient denies any symptoms or discomfort.,0
PAT-00236,2024-01-27 08:33:43,94.5,56,36.7,163/115,146,103.1,"Observes vision issues, dry mouth.",1
PAT-00236,2024-01-28 09:42:17,97.8,85,35.6,178/112,143,103.1,"Observes mild coldness, chest tightness, blurred vision.",1
PAT-00236,2024-01-29 10:57:48,92.3,78,38.0,114/80,124,103.1,"Patient describes muscle aches, chills.",1
PAT-00236,2024-01-30 09:34:03,95.1,107,36.8,144/90,112,103.1,"Today, patient states anxiety.",1
PAT-00237,2024-01-01 09:39:06,96.2,50,37.1,176/116,111,67.6,"Today, patient states lightheadedness, headaches.",0
PAT-00237,2024-01-02 10:53:48,93.1,95,37.3,124/75,99,67.6,Vitals remain within acceptable limits. No issues noted.,0
PAT-00237,2024-01-03 10:50:13,98.7,69,37.3,111/85,118,67.6,Patient is feeling well with all parameters stable.,0
PAT-00237,2024-01-04 10:05:35,98.1,92,35.8,142/95,85,67.6,Indicates mild coldness.,0
PAT-00237,2024-01-05 08:07:00,96.4,97,37.0,119/71,75,67.6,Vitals remain within acceptable limits. No issues noted.,0
PAT-00237,2024-01-06 08:27:04,96.3,105,36.7,119/80,84,67.6,Reports restlessness.,1
PAT-00237,2024-01-07 10:04:32,97.4,54,37.7,130/70,70,67.6,"Patient describes lightheadedness, mild fever.",0
PAT-00237,2024-01-08 08:14:15,93.6,50,37.0,130/75,172,67.6,"Notes lightheadedness, severe blurred vision, dry mouth, frequent urination. worsening symptoms present.",1
PAT-00237,2024-01-09 10:01:16,96.7,90,37.1,132/86,93,67.6,Patient denies any symptoms or discomfort.,0
PAT-00237,2024-01-10 08:06:22,93.6,81,37.1,130/72,88,67.6,Vitals remain within acceptable limits. No issues noted.,0
PAT-00237,2024-01-11 09:09:17,95.6,69,36.4,117/84,92,67.6,No significant complaints today.,0
PAT-00237,2024-01-12 09:24:04,95.7,76,37.1,119/83,117,67.6,No significant complaints today.,0
PAT-00237,2024-01-13 10:40:34,96.3,83,35.7,186/106,76,67.6,"Patient notes that lowered energy, chest pain, severe headache. worsening symptoms present.",1
PAT-00237,2024-01-14 09:19:31,97.6,91,36.7,130/73,79,67.6,No symptoms reported. Vitals are within expected range.,0
PAT-00237,2024-01-15 10:11:44,96.5,60,36.5,129/70,97,67.6,Patient is feeling well with all parameters stable.,0
PAT-00237,2024-01-16 10:56:08,95.7,56,38.8,121/83,73,67.6,"Observes severe discomfort, headache. worsening symptoms present.",0
PAT-00237,2024-01-17 08:08:24,97.8,72,36.9,123/73,150,67.6,"This morning, severe blurred vision, dry mouth, frequent urination. worsening symptoms present.",0
PAT-00237,2024-01-18 09:55:28,94.2,90,35.5,126/83,92,67.6,Patient notes that lowered energy.,0
PAT-00237,2024-01-19 09:59:34,96.9,83,36.9,143/90,96,67.6,Vitals remain within acceptable limits. No issues noted.,0
PAT-00237,2024-01-20 10:20:38,94.9,57,36.6,175/113,85,67.6,Patient describes chest tightness.,0
PAT-00237,2024-01-21 09:20:02,96.3,56,35.6,146/87,76,67.6,Indicates mild coldness.,0
PAT-00237,2024-01-22 08:36:15,98.0,68,36.7,144/89,92,67.6,Patient is feeling well with all parameters stable.,0
PAT-00237,2024-01-23 09:31:35,95.6,106,35.5,122/80,114,67.6,"Today, patient states palpitations, lowered energy.",0
PAT-00237,2024-01-24 10:57:23,94.7,54,37.3,186/112,70,67.6,"Patient notes that slow pulse, chest pain, severe headache. immediate attention may be needed.",0
PAT-00237,2024-01-25 09:56:13,94.1,52,36.2,112/77,76,67.6,Patient notes that lightheadedness.,1
PAT-00237,2024-01-26 09:43:35,97.3,78,36.5,135/95,86,67.6,Patient is feeling well with all parameters stable.,0
PAT-00237,2024-01-27 10:49:43,96.7,90,36.8,135/94,121,67.6,No significant complaints today.,0
PAT-00237,2024-01-28 09:25:39,96.0,53,38.7,161/116,116,67.6,"Patient describes slow pulse, chills, headache, vision issues.",1
PAT-00237,2024-01-29 10:37:46,96.0,92,37.1,186/119,95,67.6,"Patient describes chest pain, severe headache. immediate attention may be needed.",0
PAT-00237,2024-01-30 08:43:42,97.3,110,36.1,112/81,93,67.6,"Today, patient states restlessness.",0
PAT-00238,2024-01-01 09:39:05,95.5,108,37.2,125/79,98,86.7,Patient describes restlessness.,0
PAT-00238,2024-01-02 09:34:47,96.6,72,37.9,125/73,73,86.7,Indicates body aches.,0
PAT-00238,2024-01-03 08:18:39,95.8,106,36.8,130/80,96,86.7,Observes anxiety.,0
PAT-00238,2024-01-04 08:27:23,94.9,50,36.1,149/89,73,86.7,"This morning, fatigue.",0
PAT-00238,2024-01-05 10:49:25,97.1,90,37.2,124/75,108,86.7,Patient denies any symptoms or discomfort.,0
PAT-00238,2024-01-06 10:24:10,93.7,58,35.5,125/71,131,86.7,"Reports mild coldness, blurred vision.",0
PAT-00238,2024-01-07 09:27:28,94.6,91,36.4,112/72,86,86.7,No symptoms reported. Vitals are within expected range.,0
PAT-00238,2024-01-08 09:07:00,93.8,54,38.7,120/75,92,86.7,"Patient describes lightheadedness, headache, fever.",0
PAT-00238,2024-01-09 08:15:06,97.0,77,35.9,128/82,71,86.7,Patient describes lowered energy.,0
PAT-00238,2024-01-10 09:24:06,100.0,110,37.5,162/115,141,86.7,"Notes restlessness, mild fever, headaches, frequent urination.",0
PAT-00238,2024-01-11 09:26:53,96.3,55,36.0,121/79,80,86.7,Patient is feeling well with all parameters stable.,0
PAT-00238,2024-01-12 08:55:13,95.0,55,36.5,171/118,72,86.7,Notes headaches.,0
PAT-00238,2024-01-13 08:22:41,96.7,73,36.9,122/76,70,86.7,Vitals remain within acceptable limits. No issues noted.,0
PAT-00238,2024-01-14 08:14:32,97.5,73,37.0,139/93,112,86.7,No symptoms reported. Vitals are within expected range.,0
PAT-00238,2024-01-15 08:28:59,95.1,69,36.9,118/76,110,86.7,No significant complaints today.,0
PAT-00238,2024-01-16 10:00:04,96.6,108,37.2,112/83,111,86.7,Observes palpitations.,1
PAT-00238,2024-01-17 08:51:25,96.4,80,36.6,123/83,97,86.7,Vitals remain within acceptable limits. No issues noted.,0
PAT-00238,2024-01-18 10:40:06,97.4,96,36.0,138/86,145,86.7,"This morning, dry mouth.",0
PAT-00238,2024-01-19 09:35:59,92.1,73,36.7,118/72,91,86.7,Patient is feeling well with all parameters stable.,0
PAT-00238,2024-01-20 09:58:01,93.8,78,36.9,110/78,76,86.7,No symptoms reported. Vitals are within expected range.,0
PAT-00238,2024-01-21 10:17:02,95.6,102,37.1,136/94,74,86.7,Notes anxiety.,0
PAT-00238,2024-01-22 09:23:06,96.6,53,35.9,114/84,72,86.7,"Notes lightheadedness, mild coldness.",0
PAT-00238,2024-01-23 10:06:55,98.8,65,38.5,143/89,124,86.7,"Indicates chills, muscle aches.",0
PAT-00238,2024-01-24 10:39:35,95.1,63,37.1,128/75,90,86.7,No significant complaints today.,0
PAT-00238,2024-01-25 08:59:38,96.9,63,36.6,142/88,141,86.7,"This morning, frequent urination.",0
PAT-00238,2024-01-26 09:08:20,95.1,59,37.0,117/74,97,86.7,No significant complaints today.,0
PAT-00238,2024-01-27 09:47:50,93.9,51,37.0,163/119,75,86.7,"Reports slow pulse, headaches.",1
PAT-00238,2024-01-28 10:58:49,92.5,96,36.8,130/85,83,86.7,Patient is feeling well with all parameters stable.,0
PAT-00238,2024-01-29 10:07:32,97.1,66,36.0,130/75,78,86.7,No symptoms reported. Vitals are within expected range.,0
PAT-00238,2024-01-30 09:31:36,96.6,62,37.3,125/84,82,86.7,Patient denies any symptoms or discomfort.,0
PAT-00239,2024-01-01 09:00:31,93.7,109,36.9,132/86,85,73.6,"This morning, palpitations.",0
PAT-00239,2024-01-02 10:20:36,95.5,63,38.1,117/76,81,73.6,"Patient notes that chills, fever.",0
PAT-00239,2024-01-03 09:10:45,96.9,58,37.3,144/87,92,73.6,No significant complaints today.,0
PAT-00239,2024-01-04 10:53:40,91.0,60,35.7,138/85,88,73.6,"Notes dizziness, mild coldness.",0
PAT-00239,2024-01-05 10:31:05,95.5,103,37.0,127/75,87,73.6,"This morning, anxiety.",1
PAT-00239,2024-01-06 10:08:18,96.8,54,37.2,172/117,75,73.6,"Today, patient states lightheadedness, headaches.",0
PAT-00239,2024-01-07 10:31:00,93.1,66,36.7,146/91,120,73.6,Vitals remain within acceptable limits. No issues noted.,0
PAT-00239,2024-01-08 08:09:45,94.4,95,36.5,136/87,74,73.6,Patient is feeling well with all parameters stable.,0
PAT-00239,2024-01-09 09:12:28,95.7,87,37.2,177/106,112,73.6,Reports vision issues.,1
PAT-00239,2024-01-10 09:06:18,94.3,70,37.4,114/85,117,73.6,Vitals remain within acceptable limits. No issues noted.,0
PAT-00239,2024-01-11 09:39:00,95.9,68,37.0,118/84,79,73.6,Vitals remain within acceptable limits. No issues noted.,0
PAT-00239,2024-01-12 09:19:13,97.5,68,36.7,118/72,70,73.6,Vitals remain within acceptable limits. No issues noted.,0
PAT-00239,2024-01-13 10:19:42,96.9,83,36.9,111/82,122,73.6,Patient is feeling well with all parameters stable.,0
PAT-00239,2024-01-14 09:13:11,95.0,78,36.6,167/120,74,73.6,Notes headaches.,0
PAT-00239,2024-01-15 10:34:48,93.5,67,37.0,118/81,103,73.6,No significant complaints today.,0
PAT-00239,2024-01-16 08:48:35,95.3,80,35.6,129/84,156,73.6,"Notes lowered energy, severe blurred vision, dry mouth, frequent urination. immediate attention may be needed.",1
PAT-00239,2024-01-17 10:34:50,98.6,63,36.6,120/84,70,73.6,Vitals remain within acceptable limits. No issues noted.,0
PAT-00239,2024-01-18 08:22:50,95.1,82,38.8,160/103,92,73.6,"Patient describes headache, chills, chest tightness.",1
PAT-00239,2024-01-19 10:53:28,96.7,57,38.8,163/108,165,73.6,"Notes muscle aches, headache, chest tightness, severe blurred vision, dry mouth, frequent urination. worsening symptoms present.",1
PAT-00239,2024-01-20 10:08:27,95.0,63,36.7,141/87,99,73.6,No symptoms reported. Vitals are within expected range.,0
PAT-00239,2024-01-21 09:48:27,95.3,107,36.6,134/85,161,73.6,"This morning, palpitations, severe blurred vision, dry mouth, frequent urination. immediate attention may be needed.",0
PAT-00239,2024-01-22 09:41:32,98.5,90,37.2,149/93,86,73.6,Patient is feeling well with all parameters stable.,0
PAT-00239,2024-01-23 08:37:52,98.6,52,37.9,121/75,90,73.6,"Notes lightheadedness, mild fever.",1
PAT-00239,2024-01-24 08:40:22,96.4,81,36.8,138/92,118,73.6,Patient is feeling well with all parameters stable.,0
PAT-00239,2024-01-25 08:46:10,97.2,57,35.9,128/74,118,73.6,"This morning, mild coldness.",0
PAT-00239,2024-01-26 08:00:50,91.6,81,36.7,189/105,75,73.6,"This morning, dizziness, chest pain, severe headache. worsening symptoms present.",1
PAT-00239,2024-01-27 09:36:50,96.0,108,35.6,126/77,110,73.6,"Today, patient states anxiety, lowered energy.",1
PAT-00239,2024-01-28 08:14:11,93.2,95,37.0,119/71,87,73.6,Vitals remain within acceptable limits. No issues noted.,0
PAT-00239,2024-01-29 09:41:02,95.5,90,35.6,137/92,94,73.6,Indicates mild coldness.,0
PAT-00239,2024-01-30 09:03:57,96.0,72,36.5,147/90,104,73.6,Vitals remain within acceptable limits. No issues noted.,0
PAT-00240,2024-01-01 08:32:32,97.1,107,37.3,128/81,96,59.4,"This morning, anxiety.",1
PAT-00240,2024-01-02 08:34:20,98.9,63,36.9,141/86,175,59.4,"This morning, severe blurred vision, dry mouth, frequent urination. immediate attention may be needed.",0
PAT-00240,2024-01-03 10:26:58,94.2,72,38.2,111/70,162,59.4,"Notes severe discomfort, headache, severe blurred vision, dry mouth, frequent urination. worsening symptoms present.",1
PAT-00240,2024-01-04 08:06:49,99.1,104,35.7,113/81,118,59.4,"Observes palpitations, mild coldness.",0
PAT-00240,2024-01-05 10:46:31,94.9,67,37.2,125/74,92,59.4,Patient denies any symptoms or discomfort.,0
PAT-00240,2024-01-06 10:51:42,95.7,84,35.5,130/86,74,59.4,Observes lowered energy.,0
PAT-00240,2024-01-07 10:44:13,100.0,68,35.7,117/74,162,59.4,"Observes lowered energy, severe blurred vision, dry mouth, frequent urination. worsening symptoms present.",1
PAT-00240,2024-01-08 08:21:19,96.6,90,36.5,115/80,121,59.4,Vitals remain within acceptable limits. No issues noted.,0
PAT-00240,2024-01-09 08:50:37,95.6,99,36.1,124/85,101,59.4,Vitals remain within acceptable limits. No issues noted.,0
PAT-00240,2024-01-10 08:38:51,97.5,92,36.5,130/71,77,59.4,Patient is feeling well with all parameters stable.,0
PAT-00240,2024-01-11 08:25:52,97.1,97,37.2,121/74,133,59.4,Indicates frequent urination.,0
PAT-00240,2024-01-12 09:00:21,98.2,60,37.0,132/90,80,59.4,Vitals remain within acceptable limits. No issues noted.,0
PAT-00240,2024-01-13 08:52:59,94.1,51,36.4,130/78,91,59.4,Indicates lightheadedness.,1
PAT-00240,2024-01-14 08:04:21,95.3,54,37.0,114/73,73,59.4,Patient notes that slow pulse.,1
PAT-00240,2024-01-15 10:45:57,94.3,63,37.4,149/87,93,59.4,No significant complaints today.,0
PAT-00240,2024-01-16 10:37:21,95.0,51,38.3,125/76,140,59.4,"Reports fatigue, headache, severe discomfort, dry mouth. immediate attention may be needed.",1
PAT-00240,2024-01-17 08:13:50,99.0,104,36.7,118/70,124,59.4,Patient describes anxiety.,0
PAT-00240,2024-01-18 10:34:03,97.6,88,36.8,113/73,70,59.4,Patient is feeling well with all parameters stable.,0
PAT-00240,2024-01-19 10:10:11,94.1,68,37.7,118/77,136,59.4,"Notes night sweats, dry mouth.",0
PAT-00240,2024-01-20 10:52:46,95.2,70,35.6,132/95,86,59.4,Indicates mild coldness.,0
PAT-00240,2024-01-21 10:21:54,94.7,55,36.4,112/84,89,59.4,No significant complaints today.,0
PAT-00240,2024-01-22 09:55:15,99.1,102,35.6,128/71,120,59.4,"Patient notes that palpitations, lowered energy.",0
PAT-00240,2024-01-23 09:34:38,96.5,66,38.8,160/109,165,59.4,"Patient describes muscle aches, fever, vision issues, severe blurred vision, dry mouth, frequent urination. worsening symptoms present.",1
PAT-00240,2024-01-24 08:02:00,94.7,73,36.7,128/80,82,59.4,Patient denies any symptoms or discomfort.,0
PAT-00240,2024-01-25 10:44:13,94.6,53,36.2,116/72,112,59.4,"This morning, fatigue.",0
PAT-00240,2024-01-26 09:18:01,94.7,84,37.4,117/71,84,59.4,No symptoms reported. Vitals are within expected range.,0
PAT-00240,2024-01-27 09:36:52,99.1,59,37.0,128/70,90,59.4,No significant complaints today.,0
PAT-00240,2024-01-28 08:33:07,97.1,61,37.1,122/84,73,59.4,Patient denies any symptoms or discomfort.,0
PAT-00240,2024-01-29 08:28:39,94.3,72,35.5,121/73,70,59.4,"This morning, lowered energy.",0
PAT-00240,2024-01-30 08:34:24,93.8,100,36.8,116/85,109,59.4,No significant complaints today.,0
PAT-00241,2024-01-01 10:22:45,95.9,58,36.8,116/76,72,65.4,Vitals remain within acceptable limits. No issues noted.,0
PAT-00241,2024-01-02 09:46:45,97.5,70,36.9,168/118,107,65.4,Indicates headaches.,0
PAT-00241,2024-01-03 08:50:09,95.3,103,36.7,176/117,86,65.4,"Patient describes anxiety, chest tightness.",0
PAT-00241,2024-01-04 10:47:35,95.7,87,36.6,122/77,75,65.4,No symptoms reported. Vitals are within expected range.,0
PAT-00241,2024-01-05 10:29:02,94.6,110,37.2,116/70,85,65.4,Reports anxiety.,1
PAT-00241,2024-01-06 09:08:15,96.9,90,37.2,115/80,147,65.4,Reports frequent urination.,0
PAT-00241,2024-01-07 10:45:53,96.7,59,36.7,130/73,136,65.4,Indicates frequent urination.,0
PAT-00241,2024-01-08 08:56:23,94.5,93,37.4,147/85,84,65.4,No significant complaints today.,0
PAT-00241,2024-01-09 08:16:24,98.4,74,36.2,123/70,101,65.4,Patient is feeling well with all parameters stable.,0
PAT-00241,2024-01-10 09:38:28,97.8,103,37.0,140/92,102,65.4,Patient notes that palpitations.,0
PAT-00241,2024-01-11 09:34:19,96.9,104,37.3,178/111,72,65.4,"Reports anxiety, headaches.",1
PAT-00241,2024-01-12 10:01:54,99.1,92,38.0,118/70,92,65.4,"Patient notes that severe discomfort, fever. immediate attention may be needed.",0
PAT-00241,2024-01-13 10:19:19,95.8,108,36.8,123/75,120,65.4,Patient notes that anxiety.,0
PAT-00241,2024-01-14 08:26:22,95.9,67,37.2,177/119,84,65.4,"Today, patient states vision issues.",1
PAT-00241,2024-01-15 10:03:29,92.4,88,37.4,142/91,93,65.4,Vitals remain within acceptable limits. No issues noted.,0
PAT-00241,2024-01-16 09:44:09,92.7,87,38.9,118/79,105,65.4,"Reports fever, chills.",0
PAT-00241,2024-01-17 09:30:37,95.7,78,36.7,145/85,82,65.4,Patient denies any symptoms or discomfort.,0
PAT-00241,2024-01-18 08:06:08,96.4,68,38.0,121/71,176,65.4,"Today, patient states headache, severe discomfort, severe blurred vision, dry mouth, frequent urination. immediate attention may be needed.",0
PAT-00241,2024-01-19 09:02:43,97.2,59,36.6,173/116,101,65.4,"This morning, chest tightness.",0
PAT-00241,2024-01-20 09:07:48,96.8,103,36.8,123/75,106,65.4,"Today, patient states anxiety.",0
PAT-00241,2024-01-21 09:00:05,92.5,74,36.7,130/84,75,65.4,No significant complaints today.,0
PAT-00241,2024-01-22 09:32:04,94.8,86,38.1,116/74,176,65.4,"Today, patient states headache, fever, severe blurred vision, dry mouth, frequent urination. immediate attention may be needed.",0
PAT-00241,2024-01-23 09:08:52,96.7,57,38.4,189/100,102,65.4,"Today, patient states severe discomfort, chills, chest pain, severe headache. immediate attention may be needed.",1
PAT-00241,2024-01-24 08:41:40,99.6,91,36.7,111/75,80,65.4,No symptoms reported. Vitals are within expected range.,0
PAT-00241,2024-01-25 09:53:55,93.6,83,37.0,122/85,123,65.4,No symptoms reported. Vitals are within expected range.,0
PAT-00241,2024-01-26 09:06:34,100.0,101,38.4,167/107,73,65.4,"Today, patient states palpitations, muscle aches, headache, headaches.",0
PAT-00241,2024-01-27 09:11:53,96.7,90,35.7,127/84,147,65.4,"Reports mild coldness, frequent urination.",0
PAT-00241,2024-01-28 09:34:59,92.2,89,35.8,137/88,82,65.4,"This morning, lowered energy.",0
PAT-00241,2024-01-29 08:52:45,97.3,87,36.7,189/118,152,65.4,"Notes chest pain, severe headache, severe blurred vision, dry mouth, frequent urination. immediate attention may be needed.",1
PAT-00241,2024-01-30 10:29:48,98.1,92,37.2,122/82,106,65.4,No symptoms reported. Vitals are within expected range.,0
PAT-00242,2024-01-01 08:08:10,93.5,51,36.8,123/71,84,76.8,Reports lightheadedness.,0
PAT-00242,2024-01-02 08:53:44,95.8,100,37.0,140/92,78,76.8,Patient is feeling well with all parameters stable.,0
PAT-00242,2024-01-03 09:06:11,98.8,51,36.5,127/76,98,76.8,"Today, patient states slow pulse.",0
PAT-00242,2024-01-04 10:04:30,96.0,59,36.9,112/79,78,76.8,No significant complaints today.,0
PAT-00242,2024-01-05 09:57:27,95.8,102,37.0,128/82,104,76.8,"Today, patient states restlessness.",0
PAT-00242,2024-01-06 08:06:31,96.4,93,35.9,114/71,107,76.8,Patient notes that lowered energy.,0
PAT-00242,2024-01-07 09:44:17,96.8,63,36.6,130/84,110,76.8,No significant complaints today.,0
PAT-00242,2024-01-08 10:46:11,95.2,96,36.9,110/71,104,76.8,No significant complaints today.,0
PAT-00242,2024-01-09 08:08:14,95.8,57,37.7,112/82,82,76.8,"Today, patient states night sweats.",0
PAT-00242,2024-01-10 10:46:12,97.4,83,36.7,121/72,125,76.8,Patient is feeling well with all parameters stable.,0
PAT-00242,2024-01-11 08:04:04,96.5,55,36.6,114/75,84,76.8,Patient denies any symptoms or discomfort.,0
PAT-00242,2024-01-12 10:37:13,95.1,50,38.3,123/85,113,76.8,"Patient describes slow pulse, muscle aches, chills.",1
PAT-00242,2024-01-13 10:44:50,96.6,63,38.4,112/85,124,76.8,"Patient describes chills, fever.",1
PAT-00242,2024-01-14 10:55:07,100.0,50,36.9,138/91,101,76.8,Patient notes that lightheadedness.,0
PAT-00242,2024-01-15 08:19:37,96.1,70,39.0,122/83,160,76.8,"Reports headache, muscle aches, severe blurred vision, dry mouth, frequent urination. immediate attention may be needed.",1
PAT-00242,2024-01-16 10:53:38,95.7,71,36.5,116/85,169,76.8,"This morning, severe blurred vision, dry mouth, frequent urination. immediate attention may be needed.",1
PAT-00242,2024-01-17 10:49:33,96.2,67,37.3,128/75,93,76.8,Patient is feeling well with all parameters stable.,0
PAT-00242,2024-01-18 09:50:13,97.9,65,37.6,139/89,116,76.8,Patient describes body aches.,0
PAT-00242,2024-01-19 09:38:52,97.5,83,35.9,143/90,84,76.8,Observes lowered energy.,0
PAT-00242,2024-01-20 08:36:22,94.4,90,35.7,129/75,87,76.8,Notes mild coldness.,0
PAT-00242,2024-01-21 08:10:55,95.3,110,37.1,119/80,169,76.8,"Notes palpitations, severe blurred vision, dry mouth, frequent urination. immediate attention may be needed.",0
PAT-00242,2024-01-22 10:45:43,94.0,87,36.9,112/72,151,76.8,"Patient describes severe blurred vision, dry mouth, frequent urination. worsening symptoms present.",1
PAT-00242,2024-01-23 09:43:51,97.9,74,37.1,127/73,87,76.8,Patient is feeling well with all parameters stable.,0
PAT-00242,2024-01-24 08:13:41,96.0,98,35.5,138/95,118,76.8,Notes lowered energy.,0
PAT-00242,2024-01-25 10:50:19,95.9,107,38.8,139/93,81,76.8,"Notes anxiety, headache, muscle aches.",1
PAT-00242,2024-01-26 08:44:16,97.1,52,35.5,133/95,81,76.8,"Reports fatigue, mild coldness.",1
PAT-00242,2024-01-27 09:45:03,97.6,75,37.9,112/77,76,76.8,Reports body aches.,0
PAT-00242,2024-01-28 10:08:28,93.7,56,36.8,119/82,73,76.8,Patient is feeling well with all parameters stable.,0
PAT-00242,2024-01-29 10:38:22,94.6,100,38.5,138/90,123,76.8,"Reports chills, muscle aches.",1
PAT-00242,2024-01-30 09:11:53,98.4,90,36.7,130/91,95,76.8,Vitals remain within acceptable limits. No issues noted.,0
PAT-00243,2024-01-01 10:55:42,96.0,53,38.3,111/84,87,84.1,"Notes lightheadedness, chills, severe discomfort. immediate attention may be needed.",1
PAT-00243,2024-01-02 09:10:03,97.0,105,37.8,140/88,88,84.1,"Reports palpitations, body aches.",0
PAT-00243,2024-01-03 10:37:12,92.8,107,37.2,135/93,99,84.1,Reports anxiety.,1
PAT-00243,2024-01-04 10:13:56,97.7,89,36.7,140/85,84,84.1,Patient denies any symptoms or discomfort.,0
PAT-00243,2024-01-05 10:19:34,95.2,80,36.5,120/80,70,84.1,No symptoms reported. Vitals are within expected range.,0
PAT-00243,2024-01-06 09:32:07,99.5,55,35.7,113/72,78,84.1,"This morning, lowered energy.",0
PAT-00243,2024-01-07 10:21:25,95.3,110,37.0,143/87,130,84.1,"Observes restlessness, frequent urination.",0
PAT-00243,2024-01-08 10:29:56,94.6,82,36.9,165/109,107,84.1,Reports vision issues.,1
PAT-00243,2024-01-09 09:17:55,97.4,71,36.2,143/90,72,84.1,Patient denies any symptoms or discomfort.,0
PAT-00243,2024-01-10 10:28:21,95.6,96,36.6,180/101,102,84.1,Notes headaches.,0
PAT-00243,2024-01-11 08:15:34,95.8,68,36.7,120/80,79,84.1,No symptoms reported. Vitals are within expected range.,0
PAT-00243,2024-01-12 08:08:41,97.3,52,38.4,164/102,99,84.1,"Reports slow pulse, severe discomfort, muscle aches, vision issues. immediate attention may be needed.",0
PAT-00243,2024-01-13 08:03:22,95.9,109,37.3,117/71,87,84.1,"Today, patient states anxiety.",0
PAT-00243,2024-01-14 10:44:09,95.1,110,37.3,189/105,135,84.1,"This morning, anxiety, chest pain, severe headache, blurred vision. worsening symptoms present.",1
PAT-00243,2024-01-15 09:56:04,95.5,105,35.6,173/113,99,84.1,"Observes anxiety, lowered energy, chest tightness.",0
PAT-00243,2024-01-16 08:44:35,93.1,95,36.1,127/75,82,84.1,Vitals remain within acceptable limits. No issues noted.,0
PAT-00243,2024-01-17 09:03:43,96.8,89,36.9,160/100,89,84.1,Indicates vision issues.,0
PAT-00243,2024-01-18 09:44:54,96.3,69,37.3,148/95,83,84.1,No significant complaints today.,0
PAT-00243,2024-01-19 10:53:38,93.2,101,38.1,148/85,172,84.1,"Today, patient states palpitations, chills, fever, severe blurred vision, dry mouth, frequent urination. immediate attention may be needed.",0
PAT-00243,2024-01-20 08:03:07,94.6,65,35.9,120/77,78,84.1,Observes mild coldness.,0
PAT-00243,2024-01-21 09:27:37,100.0,67,37.2,174/101,83,84.1,Patient notes that headaches.,0
PAT-00243,2024-01-22 09:18:01,94.8,66,37.9,150/86,78,84.1,"This morning, body aches.",0
PAT-00243,2024-01-23 08:39:46,98.5,68,37.2,120/85,105,84.1,No significant complaints today.,0
PAT-00243,2024-01-24 09:20:14,94.2,65,36.4,113/82,95,84.1,No significant complaints today.,0
PAT-00243,2024-01-25 09:00:09,100.0,56,38.8,149/89,95,84.1,"Patient notes that muscle aches, fever.",0
PAT-00243,2024-01-26 08:46:25,97.8,61,35.9,124/75,74,84.1,"Today, patient states lowered energy.",0
PAT-00243,2024-01-27 10:09:50,96.0,83,38.5,127/83,98,84.1,"Reports headache, fever.",0
PAT-00243,2024-01-28 10:43:21,94.9,90,36.9,115/81,144,84.1,"Today, patient states dry mouth.",0
PAT-00243,2024-01-29 08:42:13,97.8,103,36.7,133/89,124,84.1,Observes palpitations.,1
PAT-00243,2024-01-30 08:41:28,97.3,50,37.2,124/75,85,84.1,"This morning, fatigue.",1
PAT-00244,2024-01-01 08:55:42,96.5,88,36.4,130/81,129,75.4,Notes blurred vision.,0
PAT-00244,2024-01-02 08:56:28,99.4,59,36.5,129/77,89,75.4,Vitals remain within acceptable limits. No issues noted.,0
PAT-00244,2024-01-03 10:35:32,93.6,87,36.5,132/85,99,75.4,Patient denies any symptoms or discomfort.,0
PAT-00244,2024-01-04 09:37:06,94.5,101,36.5,129/70,93,75.4,Notes restlessness.,1
PAT-00244,2024-01-05 09:35:48,96.3,74,37.8,176/109,120,75.4,"Reports mild fever, headaches.",1
PAT-00244,2024-01-06 09:06:16,96.7,60,37.0,181/116,124,75.4,"Indicates chest pain, severe headache. immediate attention may be needed.",0
PAT-00244,2024-01-07 10:48:22,94.8,92,36.7,120/82,89,75.4,Patient is feeling well with all parameters stable.,0
PAT-00244,2024-01-08 10:07:59,94.6,80,37.5,116/84,90,75.4,Patient describes body aches.,0
PAT-00244,2024-01-09 09:35:33,95.8,54,38.8,110/79,92,75.4,"Today, patient states fatigue, headache, chills.",0
PAT-00244,2024-01-10 10:44:59,98.1,59,36.0,119/85,94,75.4,No significant complaints today.,0
PAT-00244,2024-01-11 08:57:20,96.4,80,36.9,148/87,175,75.4,"Notes severe blurred vision, dry mouth, frequent urination. immediate attention may be needed.",0
PAT-00244,2024-01-12 09:31:52,97.8,57,36.9,118/73,83,75.4,Patient is feeling well with all parameters stable.,0
PAT-00244,2024-01-13 09:17:58,94.6,103,36.5,122/84,87,75.4,Observes restlessness.,1
PAT-00244,2024-01-14 09:06:24,93.6,69,37.1,167/112,72,75.4,Reports vision issues.,1
PAT-00244,2024-01-15 09:51:33,95.7,55,36.7,178/111,104,75.4,Reports headaches.,0
PAT-00244,2024-01-16 08:27:33,95.3,75,38.7,119/85,87,75.4,"Observes chills, muscle aches.",0
PAT-00244,2024-01-17 09:46:47,95.3,96,35.7,115/80,102,75.4,Reports mild coldness.,0
PAT-00244,2024-01-18 08:10:42,96.8,58,36.1,146/88,92,75.4,No significant complaints today.,0
PAT-00244,2024-01-19 10:42:49,94.5,62,36.7,118/72,129,75.4,Reports blurred vision.,0
PAT-00244,2024-01-20 08:51:05,94.4,80,37.3,124/79,114,75.4,Patient denies any symptoms or discomfort.,0
PAT-00244,2024-01-21 08:20:43,93.8,57,36.7,128/83,73,75.4,Patient is feeling well with all parameters stable.,0
PAT-00244,2024-01-22 08:49:32,93.7,61,36.0,165/102,75,75.4,Patient notes that headaches.,0
PAT-00244,2024-01-23 10:09:16,98.2,87,37.3,125/70,86,75.4,Vitals remain within acceptable limits. No issues noted.,0
PAT-00244,2024-01-24 08:37:11,97.3,74,36.9,126/81,84,75.4,Patient is feeling well with all parameters stable.,0
PAT-00244,2024-01-25 09:44:18,96.0,65,37.0,120/78,75,75.4,Vitals remain within acceptable limits. No issues noted.,0
PAT-00244,2024-01-26 08:11:24,95.2,79,38.2,133/95,80,75.4,"Observes muscle aches, headache.",0
PAT-00244,2024-01-27 10:08:58,97.4,87,37.9,110/85,94,75.4,"This morning, body aches.",0
PAT-00244,2024-01-28 08:08:50,98.5,84,38.1,117/73,123,75.4,"Patient describes severe discomfort, headache. worsening symptoms present.",0
PAT-00244,2024-01-29 09:44:15,95.6,66,36.9,119/78,81,75.4,Patient denies any symptoms or discomfort.,0
PAT-00244,2024-01-30 09:23:55,95.1,50,36.0,147/87,162,75.4,"Patient describes slow pulse, severe blurred vision, dry mouth, frequent urination. worsening symptoms present.",0
PAT-00245,2024-01-01 10:46:20,92.9,72,36.5,129/71,74,89.4,No significant complaints today.,0
PAT-00245,2024-01-02 08:59:59,96.8,94,36.3,144/93,138,89.4,"This morning, dry mouth.",0
PAT-00245,2024-01-03 10:58:45,96.4,98,38.7,129/79,73,89.4,"Patient describes muscle aches, headache.",1
PAT-00245,2024-01-04 09:20:05,94.1,55,37.2,137/92,90,89.4,Vitals remain within acceptable limits. No issues noted.,0
PAT-00245,2024-01-05 10:01:53,94.6,84,35.8,173/100,98,89.4,"This morning, mild coldness, chest tightness.",0
PAT-00245,2024-01-06 10:01:00,98.6,81,37.3,130/75,119,89.4,Patient denies any symptoms or discomfort.,0
PAT-00245,2024-01-07 08:26:40,95.0,57,35.9,127/74,90,89.4,Observes lowered energy.,0
PAT-00245,2024-01-08 09:12:00,99.6,59,37.3,114/74,75,89.4,No symptoms reported. Vitals are within expected range.,0
PAT-00245,2024-01-09 08:32:35,93.9,51,37.9,142/94,70,89.4,"Today, patient states lightheadedness, night sweats.",0
PAT-00245,2024-01-10 08:45:57,98.3,64,36.7,117/75,115,89.4,Patient is feeling well with all parameters stable.,0
PAT-00245,2024-01-11 09:16:08,95.8,68,38.7,112/82,101,89.4,"Reports severe discomfort, chills. immediate attention may be needed.",1
PAT-00245,2024-01-12 10:37:41,92.6,79,38.2,138/93,91,89.4,"Today, patient states chills, severe discomfort. worsening symptoms present.",1
PAT-00245,2024-01-13 08:08:11,96.1,76,37.2,119/83,94,89.4,No symptoms reported. Vitals are within expected range.,0
PAT-00245,2024-01-14 10:37:36,92.0,74,36.1,132/85,86,89.4,Patient denies any symptoms or discomfort.,0
PAT-00245,2024-01-15 09:12:09,96.2,89,35.7,133/88,90,89.4,Indicates mild coldness.,0
PAT-00245,2024-01-16 10:20:45,96.3,95,37.2,112/78,111,89.4,No significant complaints today.,0
PAT-00245,2024-01-17 09:28:08,99.9,94,35.8,125/70,122,89.4,Notes mild coldness.,0
PAT-00245,2024-01-18 10:58:43,94.3,80,36.7,149/92,95,89.4,No significant complaints today.,0
PAT-00245,2024-01-19 08:58:11,95.8,60,36.9,170/119,121,89.4,"Today, patient states headaches.",1
PAT-00245,2024-01-20 09:16:32,96.3,87,37.1,121/71,86,89.4,Vitals remain within acceptable limits. No issues noted.,0
PAT-00245,2024-01-21 09:54:14,94.5,64,35.8,111/71,112,89.4,"Today, patient states mild coldness.",0
PAT-00245,2024-01-22 09:31:15,93.6,56,36.7,183/112,156,89.4,"Patient notes that chest pain, severe headache, severe blurred vision, dry mouth, frequent urination. worsening symptoms present.",0
PAT-00245,2024-01-23 09:37:33,96.0,104,37.0,125/72,93,89.4,Patient notes that anxiety.,1
PAT-00245,2024-01-24 08:14:14,92.3,55,36.2,137/93,106,89.4,Patient denies any symptoms or discomfort.,0
PAT-00245,2024-01-25 08:11:15,97.3,107,36.8,148/89,95,89.4,Patient describes anxiety.,0
PAT-00245,2024-01-26 10:46:18,97.8,81,35.7,124/82,94,89.4,"This morning, mild coldness.",0
PAT-00245,2024-01-27 10:56:33,97.1,93,36.1,114/71,155,89.4,"Observes severe blurred vision, dry mouth, frequent urination. immediate attention may be needed.",0
PAT-00245,2024-01-28 10:02:56,99.1,108,37.6,129/81,75,89.4,"This morning, palpitations, night sweats.",1
PAT-00245,2024-01-29 09:27:07,95.3,104,37.2,117/84,104,89.4,Reports palpitations.,0
PAT-00245,2024-01-30 10:44:53,96.4,90,35.6,112/73,84,89.4,Patient notes that lowered energy.,0
PAT-00246,2024-01-01 09:29:29,93.6,99,37.1,145/88,149,66.4,Patient describes blurred vision.,0
PAT-00246,2024-01-02 09:45:19,93.1,87,36.6,169/108,122,66.4,Patient describes vision issues.,0
PAT-00246,2024-01-03 09:07:44,97.4,102,37.7,125/85,86,66.4,"Patient describes anxiety, body aches.",0
PAT-00246,2024-01-04 08:18:48,97.8,78,36.9,114/77,91,66.4,No symptoms reported. Vitals are within expected range.,0
PAT-00246,2024-01-05 10:13:14,97.6,69,37.0,113/85,95,66.4,No significant complaints today.,0
PAT-00246,2024-01-06 10:20:50,93.6,81,36.0,110/76,89,66.4,No symptoms reported. Vitals are within expected range.,0
PAT-00246,2024-01-07 08:32:54,97.9,89,38.9,130/88,124,66.4,"Today, patient states muscle aches, severe discomfort. immediate attention may be needed.",1
PAT-00246,2024-01-08 08:28:47,96.2,67,37.4,113/74,99,66.4,No symptoms reported. Vitals are within expected range.,0
PAT-00246,2024-01-09 09:35:57,96.9,76,36.2,130/73,94,66.4,No significant complaints today.,0
PAT-00246,2024-01-10 10:54:36,94.4,104,35.6,117/74,122,66.4,"Indicates palpitations, mild coldness.",1
PAT-00246,2024-01-11 10:37:09,94.2,58,35.6,137/95,88,66.4,"Today, patient states lowered energy.",0
PAT-00246,2024-01-12 08:40:02,97.8,73,35.6,135/85,78,66.4,Indicates lowered energy.,0
PAT-00246,2024-01-13 08:58:02,95.9,84,38.7,137/93,72,66.4,"Notes headache, fever.",1
PAT-00246,2024-01-14 09:02:29,95.1,80,36.5,122/83,108,66.4,No significant complaints today.,0
PAT-00246,2024-01-15 10:04:07,99.4,107,36.5,171/102,71,66.4,"Notes palpitations, headaches.",1
PAT-00246,2024-01-16 09:49:11,93.4,55,37.0,140/92,77,66.4,No symptoms reported. Vitals are within expected range.,0
PAT-00246,2024-01-17 10:47:02,96.9,76,36.5,145/87,80,66.4,Patient is feeling well with all parameters stable.,0
PAT-00246,2024-01-18 08:01:08,95.5,65,36.9,130/85,125,66.4,Vitals remain within acceptable limits. No issues noted.,0
PAT-00246,2024-01-19 10:58:53,93.8,71,36.2,135/86,91,66.4,Patient is feeling well with all parameters stable.,0
PAT-00246,2024-01-20 09:49:46,92.9,94,36.4,137/86,97,66.4,No significant complaints today.,0
PAT-00246,2024-01-21 08:18:04,96.9,83,38.1,122/82,107,66.4,"Observes severe discomfort, chills. immediate attention may be needed.",1
PAT-00246,2024-01-22 09:50:37,94.7,74,36.1,134/92,84,66.4,No symptoms reported. Vitals are within expected range.,0
PAT-00246,2024-01-23 10:36:32,93.9,82,37.2,138/91,100,66.4,Patient is feeling well with all parameters stable.,0
PAT-00246,2024-01-24 10:59:19,93.7,102,36.1,120/84,144,66.4,"Observes palpitations, frequent urination.",0
PAT-00246,2024-01-25 08:16:44,96.2,80,37.1,147/91,95,66.4,No symptoms reported. Vitals are within expected range.,0
PAT-00246,2024-01-26 09:44:18,98.1,56,36.4,115/74,88,66.4,Vitals remain within acceptable limits. No issues noted.,0
PAT-00246,2024-01-27 09:48:12,95.2,102,37.6,110/80,77,66.4,"Reports anxiety, mild fever.",1
PAT-00246,2024-01-28 08:01:02,95.3,75,37.2,145/93,77,66.4,Patient denies any symptoms or discomfort.,0
PAT-00246,2024-01-29 08:46:26,99.5,96,36.5,175/120,78,66.4,Indicates chest tightness.,1
PAT-00246,2024-01-30 08:13:58,93.6,65,37.2,115/80,71,66.4,Patient denies any symptoms or discomfort.,0
PAT-00247,2024-01-01 08:14:39,97.4,94,36.8,135/92,97,57.0,No significant complaints today.,0
PAT-00247,2024-01-02 09:16:42,97.2,101,36.7,119/79,99,57.0,"This morning, restlessness.",0
PAT-00247,2024-01-03 09:45:38,95.6,52,38.8,119/79,177,57.0,"Indicates fatigue, headache, fever, severe blurred vision, dry mouth, frequent urination. immediate attention may be needed.",0
PAT-00247,2024-01-04 09:59:25,94.4,107,37.1,122/84,88,57.0,Notes anxiety.,0
PAT-00247,2024-01-05 08:43:49,98.6,56,36.7,163/106,85,57.0,"This morning, headaches.",0
PAT-00247,2024-01-06 09:05:52,94.5,107,37.1,114/80,123,57.0,"Today, patient states anxiety.",1
PAT-00247,2024-01-07 10:31:33,95.6,87,37.4,145/94,127,57.0,Reports frequent urination.,0
PAT-00247,2024-01-08 08:11:05,97.6,90,38.3,115/82,76,57.0,"Patient notes that muscle aches, fever.",1
PAT-00247,2024-01-09 08:02:11,94.0,102,36.9,165/105,92,57.0,"Reports restlessness, vision issues.",1
PAT-00247,2024-01-10 08:20:26,97.5,64,37.9,126/79,79,57.0,Indicates mild fever.,0
PAT-00247,2024-01-11 10:11:56,95.1,58,38.7,118/70,172,57.0,"Patient notes that fever, chills, severe blurred vision, dry mouth, frequent urination. worsening symptoms present.",1
PAT-00247,2024-01-12 08:03:02,95.8,68,38.1,117/75,128,57.0,"This morning, severe discomfort, fever, frequent urination. worsening symptoms present.",0
PAT-00247,2024-01-13 10:07:09,97.5,69,38.3,125/82,91,57.0,"Indicates headache, severe discomfort. worsening symptoms present.",0
PAT-00247,2024-01-14 08:12:06,93.7,75,38.4,135/94,93,57.0,"Today, patient states muscle aches, fever.",1
PAT-00247,2024-01-15 09:22:05,95.4,66,37.2,175/113,121,57.0,Notes vision issues.,0
PAT-00247,2024-01-16 09:47:41,96.0,51,38.1,149/91,85,57.0,"Notes slow pulse, severe discomfort, fever. worsening symptoms present.",1
PAT-00247,2024-01-17 08:39:09,93.9,90,38.9,126/78,89,57.0,"Today, patient states headache, muscle aches.",1
PAT-00247,2024-01-18 09:05:58,95.8,108,35.6,138/85,81,57.0,"Patient notes that restlessness, lowered energy.",0
PAT-00247,2024-01-19 10:54:13,98.7,98,38.9,111/73,71,57.0,"This morning, headache, muscle aches.",1
PAT-00247,2024-01-20 10:52:38,93.8,109,37.3,175/105,104,57.0,"Patient notes that restlessness, headaches.",1
PAT-00247,2024-01-21 08:21:39,96.6,67,36.9,113/75,124,57.0,Vitals remain within acceptable limits. No issues noted.,0
PAT-00247,2024-01-22 08:23:17,95.1,99,38.0,128/81,99,57.0,"Today, patient states muscle aches, fever.",1
PAT-00247,2024-01-23 09:36:20,96.5,107,35.7,134/90,78,57.0,"Indicates restlessness, lowered energy.",0
PAT-00247,2024-01-24 10:24:28,94.5,105,38.6,146/88,88,57.0,"Reports palpitations, headache, muscle aches.",1
PAT-00247,2024-01-25 10:00:25,96.6,103,37.7,135/91,94,57.0,"Notes restlessness, body aches.",0
PAT-00247,2024-01-26 10:37:53,97.6,87,37.1,131/92,76,57.0,Patient is feeling well with all parameters stable.,0
PAT-00247,2024-01-27 08:39:46,98.6,63,37.0,125/82,143,57.0,Patient describes frequent urination.,0
PAT-00247,2024-01-28 08:18:40,97.6,60,35.6,184/111,79,57.0,"Patient describes lowered energy, chest pain, severe headache. worsening symptoms present.",0
PAT-00247,2024-01-29 08:38:05,96.2,109,38.2,121/82,80,57.0,"Notes palpitations, muscle aches, severe discomfort. immediate attention may be needed.",0
PAT-00247,2024-01-30 10:17:36,93.2,52,36.8,134/93,77,57.0,Observes fatigue.,1
PAT-00248,2024-01-01 08:08:53,96.5,108,37.0,167/111,98,97.6,"Indicates palpitations, chest tightness.",0
PAT-00248,2024-01-02 10:40:25,95.4,53,37.6,173/119,77,97.6,"Patient notes that slow pulse, body aches, chest tightness.",1
PAT-00248,2024-01-03 09:02:30,99.2,60,37.1,118/77,80,97.6,Vitals remain within acceptable limits. No issues noted.,0
PAT-00248,2024-01-04 09:38:12,93.2,51,38.2,124/75,83,97.6,"Patient notes that lightheadedness, fever, muscle aches.",0
PAT-00248,2024-01-05 10:04:48,94.4,98,38.2,124/82,132,97.6,"Patient describes chills, headache, dry mouth.",0
PAT-00248,2024-01-06 10:38:38,95.7,57,36.0,121/80,86,97.6,Patient is feeling well with all parameters stable.,0
PAT-00248,2024-01-07 09:37:38,94.1,81,36.8,125/72,153,97.6,"Observes severe blurred vision, dry mouth, frequent urination. worsening symptoms present.",0
PAT-00248,2024-01-08 08:39:25,93.7,100,36.5,132/86,88,97.6,No significant complaints today.,0
PAT-00248,2024-01-09 10:19:45,97.3,105,36.5,116/75,102,97.6,Indicates restlessness.,1
PAT-00248,2024-01-10 09:18:20,93.6,104,35.7,119/85,99,97.6,"Patient describes anxiety, lowered energy.",0
PAT-00248,2024-01-11 10:49:40,95.0,55,36.2,140/93,93,97.6,No significant complaints today.,0
PAT-00248,2024-01-12 10:50:23,95.5,103,36.0,139/88,105,97.6,Patient notes that restlessness.,1
PAT-00248,2024-01-13 08:46:52,93.4,55,37.4,123/81,74,97.6,Vitals remain within acceptable limits. No issues noted.,0
PAT-00248,2024-01-14 08:58:05,96.3,60,37.1,121/82,136,97.6,Observes dry mouth.,0
PAT-00248,2024-01-15 10:36:34,95.8,92,37.4,147/85,178,97.6,"Patient notes that severe blurred vision, dry mouth, frequent urination. immediate attention may be needed.",1
PAT-00248,2024-01-16 10:09:01,97.6,61,37.7,127/80,78,97.6,"Today, patient states night sweats.",0
PAT-00248,2024-01-17 09:46:48,93.4,54,38.7,123/71,82,97.6,"Today, patient states slow pulse, headache, muscle aches.",0
PAT-00248,2024-01-18 08:31:21,97.9,70,36.5,147/88,86,97.6,Patient is feeling well with all parameters stable.,0
PAT-00248,2024-01-19 08:41:05,95.0,68,35.7,178/107,90,97.6,"Notes mild coldness, headaches.",0
PAT-00248,2024-01-20 10:43:10,99.3,58,35.9,130/75,173,97.6,"Observes mild coldness, severe blurred vision, dry mouth, frequent urination. immediate attention may be needed.",1
PAT-00248,2024-01-21 09:13:16,97.8,57,37.3,129/84,122,97.6,No symptoms reported. Vitals are within expected range.,0
PAT-00248,2024-01-22 10:01:01,94.3,64,36.1,187/117,131,97.6,"Patient describes chest pain, severe headache, blurred vision. immediate attention may be needed.",0
PAT-00248,2024-01-23 08:47:26,94.4,72,36.3,123/72,114,97.6,Patient denies any symptoms or discomfort.,0
PAT-00248,2024-01-24 10:32:52,93.7,72,36.4,118/79,92,97.6,Vitals remain within acceptable limits. No issues noted.,0
PAT-00248,2024-01-25 08:31:44,98.2,105,36.1,143/90,70,97.6,Notes palpitations.,0
PAT-00248,2024-01-26 08:22:03,97.4,92,35.6,114/74,96,97.6,Patient notes that mild coldness.,0
PAT-00248,2024-01-27 09:12:29,96.9,55,37.3,148/87,115,97.6,Patient denies any symptoms or discomfort.,0
PAT-00248,2024-01-28 09:55:25,99.1,83,37.3,142/86,82,97.6,No significant complaints today.,0
PAT-00248,2024-01-29 08:38:48,95.3,96,37.0,116/70,73,97.6,Vitals remain within acceptable limits. No issues noted.,0
PAT-00248,2024-01-30 10:02:07,97.8,57,37.5,124/79,79,97.6,Patient describes night sweats.,0
PAT-00249,2024-01-01 09:35:58,97.7,72,36.7,118/73,85,110.5,No symptoms reported. Vitals are within expected range.,0
PAT-00249,2024-01-02 09:35:48,95.3,96,37.4,163/104,106,110.5,Reports chest tightness.,1
PAT-00249,2024-01-03 10:14:17,95.2,79,36.7,125/82,75,110.5,Vitals remain within acceptable limits. No issues noted.,0
PAT-00249,2024-01-04 09:04:40,93.8,60,35.7,186/120,77,110.5,"Patient notes that lowered energy, chest pain, severe headache. immediate attention may be needed.",0
PAT-00249,2024-01-05 08:24:17,96.9,77,35.6,143/91,116,110.5,"Today, patient states mild coldness.",0
PAT-00249,2024-01-06 09:43:55,96.6,88,36.6,136/95,104,110.5,Patient denies any symptoms or discomfort.,0
PAT-00249,2024-01-07 09:02:10,95.5,106,36.6,119/83,76,110.5,Patient notes that restlessness.,0
PAT-00249,2024-01-08 10:42:01,94.6,92,35.9,114/72,91,110.5,Notes mild coldness.,0
PAT-00249,2024-01-09 10:45:37,97.8,101,38.4,114/80,106,110.5,"Today, patient states restlessness, severe discomfort, muscle aches. worsening symptoms present.",1
PAT-00249,2024-01-10 08:49:36,94.4,102,38.0,141/89,88,110.5,"Patient notes that anxiety, headache, fever.",0
PAT-00249,2024-01-11 10:55:18,98.0,68,36.0,171/118,88,110.5,Notes chest tightness.,0
PAT-00249,2024-01-12 08:00:08,95.4,50,36.6,180/106,116,110.5,"Indicates slow pulse, vision issues.",1
PAT-00249,2024-01-13 09:04:15,94.7,110,36.9,143/85,97,110.5,"This morning, restlessness.",1
PAT-00249,2024-01-14 08:51:56,96.4,60,37.4,111/79,152,110.5,"Indicates severe blurred vision, dry mouth, frequent urination. worsening symptoms present.",1
PAT-00249,2024-01-15 09:09:05,96.5,91,38.7,188/101,86,110.5,"Patient notes that muscle aches, headache, chest pain, severe headache. immediate attention may be needed.",1
PAT-00249,2024-01-16 09:43:21,94.2,103,37.4,146/91,96,110.5,"This morning, palpitations.",0
PAT-00249,2024-01-17 08:47:41,95.7,55,37.3,185/108,109,110.5,"Reports chest pain, severe headache. immediate attention may be needed.",0
PAT-00249,2024-01-18 08:22:55,98.4,56,36.0,125/76,89,110.5,Patient denies any symptoms or discomfort.,0
PAT-00249,2024-01-19 08:44:55,93.6,110,37.7,173/118,101,110.5,"Notes restlessness, mild fever, headaches.",0
PAT-00249,2024-01-20 10:31:09,98.2,82,36.5,117/80,94,110.5,Patient denies any symptoms or discomfort.,0
PAT-00249,2024-01-21 10:57:36,96.8,100,36.8,132/92,98,110.5,Patient is feeling well with all parameters stable.,0
PAT-00249,2024-01-22 08:19:29,96.1,57,37.0,110/71,79,110.5,No symptoms reported. Vitals are within expected range.,0
PAT-00249,2024-01-23 10:28:25,97.5,52,36.5,144/88,98,110.5,Patient notes that lightheadedness.,0
PAT-00249,2024-01-24 10:10:29,94.9,86,37.2,119/76,117,110.5,Patient is feeling well with all parameters stable.,0
PAT-00249,2024-01-25 10:52:25,92.6,52,37.9,114/80,71,110.5,"Notes fatigue, mild fever.",0
PAT-00249,2024-01-26 09:15:57,96.4,83,38.2,134/88,100,110.5,"Observes fever, muscle aches.",0
PAT-00249,2024-01-27 09:23:59,96.6,50,38.2,117/71,95,110.5,"Reports slow pulse, muscle aches, severe discomfort. worsening symptoms present.",0
PAT-00249,2024-01-28 10:10:03,96.4,66,35.9,128/85,73,110.5,Reports mild coldness.,0
PAT-00249,2024-01-29 08:17:48,96.5,68,37.0,116/76,128,110.5,Patient describes dry mouth.,0
PAT-00249,2024-01-30 08:52:37,94.6,78,36.3,137/89,101,110.5,No symptoms reported. Vitals are within expected range.,0
PAT-00250,2024-01-01 08:46:33,96.8,89,36.5,175/112,158,47.3,"Observes headaches, severe blurred vision, dry mouth, frequent urination. immediate attention may be needed.",0
PAT-00250,2024-01-02 10:42:19,95.0,94,36.8,115/81,137,47.3,Indicates dry mouth.,0
PAT-00250,2024-01-03 09:29:21,96.7,71,38.5,123/79,109,47.3,"Indicates chills, severe discomfort. immediate attention may be needed.",0
PAT-00250,2024-01-04 08:05:38,97.0,66,38.3,114/81,74,47.3,"Notes headache, severe discomfort. worsening symptoms present.",1
PAT-00250,2024-01-05 08:54:11,95.8,95,37.4,162/113,150,47.3,"Patient notes that chest tightness, severe blurred vision, dry mouth, frequent urination. immediate attention may be needed.",0
PAT-00250,2024-01-06 10:50:06,96.1,68,38.0,129/84,130,47.3,"Patient describes muscle aches, chills, frequent urination.",0
PAT-00250,2024-01-07 10:14:42,97.4,70,35.7,124/85,114,47.3,Reports mild coldness.,0
PAT-00250,2024-01-08 08:18:37,94.2,97,37.1,126/82,92,47.3,Vitals remain within acceptable limits. No issues noted.,0
PAT-00250,2024-01-09 08:48:14,93.0,62,37.5,189/115,80,47.3,"Patient notes that body aches, chest pain, severe headache. immediate attention may be needed.",1
PAT-00250,2024-01-10 10:29:12,94.4,80,38.4,119/85,84,47.3,"Patient describes headache, chills.",0
PAT-00250,2024-01-11 10:27:20,94.7,77,36.7,141/93,104,47.3,Vitals remain within acceptable limits. No issues noted.,0
PAT-00250,2024-01-12 09:19:59,97.4,85,36.6,130/82,119,47.3,No significant complaints today.,0
PAT-00250,2024-01-13 10:40:56,96.9,107,38.5,148/92,77,47.3,"Indicates anxiety, fever, chills.",0
PAT-00250,2024-01-14 09:33:59,96.1,63,37.2,118/79,90,47.3,Patient denies any symptoms or discomfort.,0
PAT-00250,2024-01-15 10:54:45,97.0,66,37.3,143/93,84,47.3,No symptoms reported. Vitals are within expected range.,0
PAT-00250,2024-01-16 10:01:29,96.4,100,36.8,110/80,112,47.3,No symptoms reported. Vitals are within expected range.,0
PAT-00250,2024-01-17 10:22:49,93.7,71,36.7,121/73,71,47.3,No significant complaints today.,0
PAT-00250,2024-01-18 10:40:34,93.5,93,37.4,147/93,82,47.3,No symptoms reported. Vitals are within expected range.,0
PAT-00250,2024-01-19 08:23:35,94.9,106,36.5,179/100,130,47.3,"Indicates restlessness, chest tightness, frequent urination.",0
PAT-00250,2024-01-20 10:29:57,94.7,60,36.1,112/75,98,47.3,Patient denies any symptoms or discomfort.,0
PAT-00250,2024-01-21 08:41:07,94.6,71,35.6,184/112,75,47.3,"This morning, lowered energy, chest pain, severe headache. immediate attention may be needed.",0
PAT-00250,2024-01-22 08:23:40,92.3,92,36.4,133/91,89,47.3,Vitals remain within acceptable limits. No issues noted.,0
PAT-00250,2024-01-23 10:00:21,99.3,54,36.9,167/110,124,47.3,"This morning, lightheadedness, headaches.",0
PAT-00250,2024-01-24 08:38:52,98.9,54,38.4,124/72,118,47.3,"Today, patient states slow pulse, fever, chills.",1
PAT-00250,2024-01-25 10:06:02,97.5,90,36.9,125/77,74,47.3,Vitals remain within acceptable limits. No issues noted.,0
PAT-00250,2024-01-26 09:39:53,99.3,52,38.4,113/75,77,47.3,"Patient describes lightheadedness, chills, muscle aches.",1
PAT-00250,2024-01-27 10:16:51,93.7,96,37.4,112/84,74,47.3,No symptoms reported. Vitals are within expected range.,0
PAT-00250,2024-01-28 10:41:17,95.0,56,38.0,116/72,95,47.3,"Indicates fever, headache.",0
PAT-00250,2024-01-29 10:04:36,95.7,77,36.6,145/93,97,47.3,No significant complaints today.,0
PAT-00250,2024-01-30 08:43:20,93.6,69,37.1,119/81,89,47.3,No symptoms reported. Vitals are within expected range.,0
PAT-00251,2024-01-01 10:06:14,96.1,63,36.8,114/81,109,64.8,No symptoms reported. Vitals are within expected range.,0
PAT-00251,2024-01-02 10:37:31,94.2,96,37.4,118/73,107,64.8,No symptoms reported. Vitals are within expected range.,0
PAT-00251,2024-01-03 09:17:44,97.7,50,36.7,144/91,78,64.8,Reports fatigue.,0
PAT-00251,2024-01-04 10:24:44,93.4,94,36.1,180/118,78,64.8,Observes chest tightness.,0
PAT-00251,2024-01-05 08:12:05,94.5,99,36.9,140/88,124,64.8,Patient denies any symptoms or discomfort.,0
PAT-00251,2024-01-06 10:00:49,95.0,74,38.9,186/104,94,64.8,"Notes fever, headache, chest pain, severe headache. worsening symptoms present.",0
PAT-00251,2024-01-07 09:42:33,94.0,68,37.3,120/79,71,64.8,Patient is feeling well with all parameters stable.,0
PAT-00251,2024-01-08 08:28:46,97.0,57,36.2,142/95,100,64.8,No symptoms reported. Vitals are within expected range.,0
PAT-00251,2024-01-09 10:03:27,97.5,84,36.8,123/85,74,64.8,Patient is feeling well with all parameters stable.,0
PAT-00251,2024-01-10 09:37:12,94.7,99,36.7,118/78,148,64.8,Patient describes blurred vision.,0
PAT-00251,2024-01-11 09:19:41,96.9,94,36.8,112/70,97,64.8,No symptoms reported. Vitals are within expected range.,0
PAT-00251,2024-01-12 09:13:46,96.5,68,36.9,119/76,179,64.8,"Indicates severe blurred vision, dry mouth, frequent urination. immediate attention may be needed.",0
PAT-00251,2024-01-13 10:42:33,97.3,98,37.2,135/90,84,64.8,No significant complaints today.,0
PAT-00251,2024-01-14 08:51:14,94.3,57,36.6,137/90,76,64.8,Patient denies any symptoms or discomfort.,0
PAT-00251,2024-01-15 09:08:19,96.1,106,36.6,173/116,89,64.8,"Today, patient states anxiety, vision issues.",1
PAT-00251,2024-01-16 09:54:54,97.2,87,36.6,184/107,110,64.8,"Patient describes chest pain, severe headache. immediate attention may be needed.",0
PAT-00251,2024-01-17 08:28:59,96.2,104,37.3,118/82,90,64.8,Patient describes anxiety.,0
PAT-00251,2024-01-18 10:16:31,98.5,51,38.9,137/92,98,64.8,"Indicates lightheadedness, muscle aches, headache.",0
PAT-00251,2024-01-19 08:10:11,97.4,92,37.5,150/95,105,64.8,Patient describes body aches.,0
PAT-00251,2024-01-20 09:00:40,92.4,94,36.1,116/78,134,64.8,"Today, patient states blurred vision.",0
PAT-00251,2024-01-21 10:30:40,93.9,96,36.5,127/79,81,64.8,No significant complaints today.,0
PAT-00251,2024-01-22 08:50:03,96.1,52,35.7,133/90,168,64.8,"Today, patient states slow pulse, lowered energy, severe blurred vision, dry mouth, frequent urination. worsening symptoms present.",0
PAT-00251,2024-01-23 09:24:26,95.6,108,35.5,118/76,83,64.8,"Notes restlessness, lowered energy.",0
PAT-00251,2024-01-24 10:36:30,94.3,77,35.9,120/73,96,64.8,Notes mild coldness.,0
PAT-00251,2024-01-25 09:46:20,92.0,67,36.2,115/82,115,64.8,Patient is feeling well with all parameters stable.,0
PAT-00251,2024-01-26 09:54:20,92.0,78,35.6,119/74,87,64.8,Reports mild coldness.,0
PAT-00251,2024-01-27 10:33:42,90.8,72,36.4,163/112,83,64.8,"Today, patient states dizziness, chest tightness.",1
PAT-00251,2024-01-28 08:50:32,96.7,91,37.6,129/72,73,64.8,Notes night sweats.,0
PAT-00251,2024-01-29 09:32:11,95.5,69,36.5,129/84,84,64.8,No significant complaints today.,0
PAT-00251,2024-01-30 10:16:42,96.6,78,36.6,113/72,99,64.8,No symptoms reported. Vitals are within expected range.,0
PAT-00252,2024-01-01 09:23:41,94.8,68,37.2,145/91,148,109.5,"This morning, blurred vision.",0
PAT-00252,2024-01-02 09:30:43,95.3,80,36.7,130/78,89,109.5,Vitals remain within acceptable limits. No issues noted.,0
PAT-00252,2024-01-03 09:51:14,97.5,71,37.0,113/76,158,109.5,"Today, patient states severe blurred vision, dry mouth, frequent urination. immediate attention may be needed.",1
PAT-00252,2024-01-04 09:26:10,100.0,108,38.2,136/88,79,109.5,"Observes anxiety, severe discomfort, muscle aches. worsening symptoms present.",1
PAT-00252,2024-01-05 08:21:44,93.4,77,37.1,114/74,122,109.5,No symptoms reported. Vitals are within expected range.,0
PAT-00252,2024-01-06 10:52:19,98.8,105,37.2,142/85,110,109.5,Observes anxiety.,0
PAT-00252,2024-01-07 10:52:23,94.2,81,37.1,123/72,75,109.5,Patient denies any symptoms or discomfort.,0
PAT-00252,2024-01-08 10:43:13,93.9,67,35.8,119/78,132,109.5,"Indicates lowered energy, dry mouth.",0
PAT-00252,2024-01-09 09:37:46,97.7,83,36.6,136/93,163,109.5,"This morning, severe blurred vision, dry mouth, frequent urination. immediate attention may be needed.",1
PAT-00252,2024-01-10 08:54:39,95.1,93,35.8,119/77,115,109.5,Patient notes that mild coldness.,0
PAT-00252,2024-01-11 10:10:39,94.6,50,37.1,146/88,72,109.5,Reports slow pulse.,0
PAT-00252,2024-01-12 10:42:32,95.9,103,36.3,144/89,98,109.5,Indicates restlessness.,0
PAT-00252,2024-01-13 09:53:33,99.0,104,37.1,116/74,126,109.5,"Reports restlessness, blurred vision.",0
PAT-00252,2024-01-14 09:39:16,99.1,68,36.2,113/74,151,109.5,"Indicates severe blurred vision, dry mouth, frequent urination. worsening symptoms present.",1
PAT-00252,2024-01-15 10:05:32,98.5,82,36.8,124/71,92,109.5,No significant complaints today.,0
PAT-00252,2024-01-16 08:46:36,93.9,107,38.6,124/78,100,109.5,"Reports restlessness, muscle aches, fever.",0
PAT-00252,2024-01-17 10:37:19,98.2,82,35.5,188/119,87,109.5,"Reports lowered energy, chest pain, severe headache. worsening symptoms present.",0
PAT-00252,2024-01-18 09:18:10,95.6,102,36.7,112/79,104,109.5,Indicates palpitations.,0
PAT-00252,2024-01-19 09:22:05,96.0,65,36.7,115/80,97,109.5,Vitals remain within acceptable limits. No issues noted.,0
PAT-00252,2024-01-20 08:35:07,94.4,61,36.8,117/81,114,109.5,Patient is feeling well with all parameters stable.,0
PAT-00252,2024-01-21 08:35:36,93.6,93,37.4,111/70,79,109.5,No significant complaints today.,0
PAT-00252,2024-01-22 09:02:53,99.6,93,36.7,134/93,90,109.5,No significant complaints today.,0
PAT-00252,2024-01-23 10:41:36,95.6,78,37.1,150/92,98,109.5,Vitals remain within acceptable limits. No issues noted.,0
PAT-00252,2024-01-24 08:06:41,95.8,70,37.3,111/72,70,109.5,Vitals remain within acceptable limits. No issues noted.,0
PAT-00252,2024-01-25 09:53:03,95.4,98,36.7,114/81,121,109.5,Patient denies any symptoms or discomfort.,0
PAT-00252,2024-01-26 08:13:20,96.9,68,36.7,131/91,108,109.5,Patient denies any symptoms or discomfort.,0
PAT-00252,2024-01-27 08:14:54,94.5,71,36.8,128/78,95,109.5,Vitals remain within acceptable limits. No issues noted.,0
PAT-00252,2024-01-28 10:42:05,93.8,77,38.2,123/79,94,109.5,"Reports severe discomfort, muscle aches. worsening symptoms present.",0
PAT-00252,2024-01-29 08:09:15,96.0,69,37.4,128/82,101,109.5,Patient denies any symptoms or discomfort.,0
PAT-00252,2024-01-30 10:13:48,95.3,105,37.0,111/82,74,109.5,"This morning, restlessness.",1
PAT-00253,2024-01-01 08:25:17,98.2,96,37.7,142/86,133,55.9,"Indicates mild fever, frequent urination.",0
PAT-00253,2024-01-02 09:30:06,95.6,56,36.7,115/78,85,55.9,No significant complaints today.,0
PAT-00253,2024-01-03 10:31:02,95.7,50,35.9,128/83,78,55.9,"Notes fatigue, mild coldness.",0
PAT-00253,2024-01-04 10:17:32,96.6,53,37.0,126/81,82,55.9,Patient describes slow pulse.,0
PAT-00253,2024-01-05 09:32:21,96.0,107,36.6,143/92,95,55.9,Patient notes that restlessness.,0
PAT-00253,2024-01-06 08:19:39,95.8,57,37.4,140/88,119,55.9,No symptoms reported. Vitals are within expected range.,0
PAT-00253,2024-01-07 08:41:25,97.5,92,36.7,129/76,104,55.9,No symptoms reported. Vitals are within expected range.,0
PAT-00253,2024-01-08 08:50:34,94.9,102,35.6,113/81,93,55.9,"This morning, restlessness, lowered energy.",0
PAT-00253,2024-01-09 10:12:55,93.2,72,36.3,177/106,84,55.9,Patient describes vision issues.,1
PAT-00253,2024-01-10 09:05:29,95.0,51,37.0,177/113,146,55.9,"Indicates slow pulse, vision issues, blurred vision.",0
PAT-00253,2024-01-11 09:50:07,95.4,52,37.3,161/108,96,55.9,"Notes fatigue, headaches.",0
PAT-00253,2024-01-12 09:27:24,94.2,67,37.2,122/76,151,55.9,"Today, patient states severe blurred vision, dry mouth, frequent urination. worsening symptoms present.",0
PAT-00253,2024-01-13 10:42:48,91.9,63,36.2,116/74,125,55.9,"This morning, low energy.",0
PAT-00253,2024-01-14 08:55:03,96.7,99,36.2,115/73,129,55.9,Indicates blurred vision.,0
PAT-00253,2024-01-15 10:35:52,95.7,52,35.9,110/79,90,55.9,"Today, patient states slow pulse, lowered energy.",0
PAT-00253,2024-01-16 08:58:48,98.3,51,35.8,115/77,76,55.9,"Today, patient states fatigue, lowered energy.",0
PAT-00253,2024-01-17 10:30:45,92.6,83,37.3,141/94,70,55.9,Patient is feeling well with all parameters stable.,0
PAT-00253,2024-01-18 10:08:37,97.6,60,36.8,129/74,89,55.9,No symptoms reported. Vitals are within expected range.,0
PAT-00253,2024-01-19 08:14:13,97.0,74,36.4,110/79,80,55.9,No significant complaints today.,0
PAT-00253,2024-01-20 10:00:42,95.2,77,38.3,120/71,123,55.9,"Reports headache, muscle aches.",1
PAT-00253,2024-01-21 08:14:38,94.7,94,35.8,127/74,106,55.9,Observes lowered energy.,0
PAT-00253,2024-01-22 10:15:34,96.1,86,36.9,164/113,87,55.9,Reports chest tightness.,0
PAT-00253,2024-01-23 08:44:01,97.6,96,36.9,117/76,96,55.9,Vitals remain within acceptable limits. No issues noted.,0
PAT-00253,2024-01-24 10:29:47,97.0,84,38.8,116/82,102,55.9,"Notes muscle aches, fever.",0
PAT-00253,2024-01-25 09:04:38,99.0,69,36.2,121/83,102,55.9,Patient denies any symptoms or discomfort.,0
PAT-00253,2024-01-26 08:32:07,97.0,110,36.5,112/70,151,55.9,"Notes anxiety, severe blurred vision, dry mouth, frequent urination. worsening symptoms present.",0
PAT-00253,2024-01-27 08:51:57,94.6,108,37.1,115/75,99,55.9,Reports palpitations.,1
PAT-00253,2024-01-28 09:47:32,96.8,59,39.0,120/76,167,55.9,"Reports chills, fever, severe blurred vision, dry mouth, frequent urination. worsening symptoms present.",1
PAT-00253,2024-01-29 08:43:35,94.1,79,36.8,126/72,100,55.9,Patient is feeling well with all parameters stable.,0
PAT-00253,2024-01-30 08:09:46,94.1,52,36.9,130/85,79,55.9,Indicates slow pulse.,0
PAT-00254,2024-01-01 08:05:39,99.3,88,37.2,119/78,103,58.5,Patient denies any symptoms or discomfort.,0
PAT-00254,2024-01-02 10:13:19,97.5,84,36.6,118/78,135,58.5,"Today, patient states dry mouth.",0
PAT-00254,2024-01-03 08:17:38,94.4,99,35.6,112/85,86,58.5,Notes lowered energy.,0
PAT-00254,2024-01-04 09:02:09,95.4,53,38.2,178/104,86,58.5,"Reports slow pulse, chills, fever, chest tightness.",0
PAT-00254,2024-01-05 08:38:55,93.9,92,35.7,130/89,90,58.5,Indicates mild coldness.,0
PAT-00254,2024-01-06 10:51:11,96.9,97,38.5,119/72,70,58.5,"This morning, chills, muscle aches.",1
PAT-00254,2024-01-07 09:38:43,99.2,72,37.6,136/86,71,58.5,"This morning, night sweats.",0
PAT-00254,2024-01-08 10:18:18,98.1,88,38.4,132/93,84,58.5,"Observes headache, severe discomfort. immediate attention may be needed.",0
PAT-00254,2024-01-09 09:59:27,97.2,60,37.8,127/84,170,58.5,"Observes mild fever, severe blurred vision, dry mouth, frequent urination. immediate attention may be needed.",1
PAT-00254,2024-01-10 08:19:10,97.4,84,36.5,128/85,111,58.5,No symptoms reported. Vitals are within expected range.,0
PAT-00254,2024-01-11 08:44:57,95.4,99,37.3,112/71,172,58.5,"Patient describes severe blurred vision, dry mouth, frequent urination. worsening symptoms present.",0
PAT-00254,2024-01-12 08:22:58,99.0,78,38.7,180/105,106,58.5,"Reports fever, headache, headaches.",1
PAT-00254,2024-01-13 09:35:10,97.3,87,35.5,120/73,110,58.5,Patient describes mild coldness.,0
PAT-00254,2024-01-14 09:38:58,95.4,73,36.4,110/81,78,58.5,Patient denies any symptoms or discomfort.,0
PAT-00254,2024-01-15 08:23:53,96.4,50,37.0,126/79,90,58.5,Patient notes that slow pulse.,1
PAT-00254,2024-01-16 08:30:47,96.0,50,36.9,138/87,95,58.5,Notes lightheadedness.,0
PAT-00254,2024-01-17 08:56:33,94.7,86,36.2,144/93,160,58.5,"Indicates severe blurred vision, dry mouth, frequent urination. immediate attention may be needed.",1
PAT-00254,2024-01-18 08:24:14,94.8,52,36.6,135/93,97,58.5,Notes fatigue.,1
PAT-00254,2024-01-19 08:43:12,96.7,70,35.8,127/71,105,58.5,Patient describes mild coldness.,0
PAT-00254,2024-01-20 10:30:00,94.1,50,37.2,114/77,96,58.5,Patient notes that lightheadedness.,0
PAT-00254,2024-01-21 08:21:51,94.1,87,37.3,110/83,137,58.5,Notes dry mouth.,0
PAT-00254,2024-01-22 10:51:53,97.7,85,35.9,171/115,98,58.5,"Today, patient states mild coldness, vision issues.",1
PAT-00254,2024-01-23 09:54:02,96.6,68,36.6,113/82,73,58.5,Patient is feeling well with all parameters stable.,0
PAT-00254,2024-01-24 09:53:17,99.2,53,37.7,119/73,92,58.5,"This morning, slow pulse, body aches.",1
PAT-00254,2024-01-25 09:42:20,99.8,104,38.9,119/83,120,58.5,"Today, patient states restlessness, chills, severe discomfort. immediate attention may be needed.",0
PAT-00254,2024-01-26 08:13:57,97.8,91,36.3,140/93,94,58.5,Patient denies any symptoms or discomfort.,0
PAT-00254,2024-01-27 08:23:42,97.8,58,36.2,171/107,80,58.5,Observes chest tightness.,0
PAT-00254,2024-01-28 08:23:53,96.9,77,35.7,111/78,165,58.5,"Notes mild coldness, severe blurred vision, dry mouth, frequent urination. worsening symptoms present.",0
PAT-00254,2024-01-29 09:59:12,96.0,67,37.0,116/72,75,58.5,Patient denies any symptoms or discomfort.,0
PAT-00254,2024-01-30 09:47:55,98.8,101,35.6,140/91,94,58.5,"Patient describes anxiety, lowered energy.",0
PAT-00255,2024-01-01 08:00:40,97.9,77,37.0,110/81,76,93.5,Vitals remain within acceptable limits. No issues noted.,0
PAT-00255,2024-01-02 10:43:36,95.5,88,36.1,114/84,89,93.5,No symptoms reported. Vitals are within expected range.,0
PAT-00255,2024-01-03 08:54:11,93.1,90,37.4,118/82,80,93.5,Patient denies any symptoms or discomfort.,0
PAT-00255,2024-01-04 08:43:23,98.3,59,36.5,113/78,83,93.5,Patient is feeling well with all parameters stable.,0
PAT-00255,2024-01-05 08:07:46,96.3,54,36.0,111/84,88,93.5,"Today, patient states slow pulse.",0
PAT-00255,2024-01-06 08:28:52,96.7,104,37.1,185/102,177,93.5,"Observes anxiety, chest pain, severe headache, severe blurred vision, dry mouth, frequent urination. worsening symptoms present.",1
PAT-00255,2024-01-07 08:47:01,92.7,77,36.8,117/73,97,93.5,Patient is feeling well with all parameters stable.,0
PAT-00255,2024-01-08 09:53:38,98.5,108,36.8,173/106,75,93.5,"Patient notes that palpitations, headaches.",0
PAT-00255,2024-01-09 08:54:39,94.2,85,37.5,174/110,138,93.5,"This morning, mild fever, headaches, dry mouth.",0
PAT-00255,2024-01-10 10:24:06,99.6,52,36.5,189/105,78,93.5,"Patient describes lightheadedness, chest pain, severe headache. immediate attention may be needed.",1
PAT-00255,2024-01-11 09:36:12,94.1,105,37.9,140/93,72,93.5,"Patient notes that anxiety, mild fever.",0
PAT-00255,2024-01-12 08:11:09,94.4,77,36.6,125/78,70,93.5,No significant complaints today.,0
PAT-00255,2024-01-13 10:31:45,97.5,58,36.9,118/74,140,93.5,Reports dry mouth.,0
PAT-00255,2024-01-14 10:02:45,98.6,86,36.6,135/91,79,93.5,No symptoms reported. Vitals are within expected range.,0
PAT-00255,2024-01-15 10:19:37,98.0,64,36.8,127/79,72,93.5,Patient is feeling well with all parameters stable.,0
PAT-00255,2024-01-16 10:17:56,95.6,69,36.8,125/84,90,93.5,Vitals remain within acceptable limits. No issues noted.,0
PAT-00255,2024-01-17 10:39:26,95.0,79,35.8,116/74,70,93.5,Patient notes that lowered energy.,0
PAT-00255,2024-01-18 09:47:41,96.9,104,36.4,110/78,96,93.5,"Today, patient states restlessness.",1
PAT-00255,2024-01-19 08:00:18,99.0,97,36.8,138/94,108,93.5,No significant complaints today.,0
PAT-00255,2024-01-20 10:35:58,97.6,106,36.1,114/82,159,93.5,"Notes restlessness, severe blurred vision, dry mouth, frequent urination. immediate attention may be needed.",0
PAT-00255,2024-01-21 08:43:31,96.4,96,36.0,113/78,90,93.5,Patient is feeling well with all parameters stable.,0
PAT-00255,2024-01-22 10:01:14,91.9,60,36.5,111/73,176,93.5,"Patient describes low energy, severe blurred vision, dry mouth, frequent urination. immediate attention may be needed.",1
PAT-00255,2024-01-23 08:04:07,96.8,80,36.5,119/70,115,93.5,No significant complaints today.,0
PAT-00255,2024-01-24 10:29:34,94.6,85,36.6,143/87,72,93.5,Patient is feeling well with all parameters stable.,0
PAT-00255,2024-01-25 09:32:19,99.0,83,36.4,139/88,129,93.5,"Today, patient states dry mouth.",0
PAT-00255,2024-01-26 09:59:48,96.2,80,36.0,145/90,111,93.5,Patient denies any symptoms or discomfort.,0
PAT-00255,2024-01-27 08:57:14,94.8,58,37.1,134/93,90,93.5,Vitals remain within acceptable limits. No issues noted.,0
PAT-00255,2024-01-28 08:14:29,95.8,80,36.9,112/80,91,93.5,Vitals remain within acceptable limits. No issues noted.,0
PAT-00255,2024-01-29 08:50:53,96.7,94,36.7,125/73,79,93.5,Patient is feeling well with all parameters stable.,0
PAT-00255,2024-01-30 09:21:18,98.7,94,37.4,127/79,113,93.5,Patient is feeling well with all parameters stable.,0
PAT-00256,2024-01-01 10:45:58,96.3,84,36.7,186/117,84,68.3,"This morning, chest pain, severe headache. immediate attention may be needed.",1
PAT-00256,2024-01-02 08:12:33,99.9,67,36.8,114/74,85,68.3,No significant complaints today.,0
PAT-00256,2024-01-03 10:16:15,99.2,88,37.1,134/92,92,68.3,No symptoms reported. Vitals are within expected range.,0
PAT-00256,2024-01-04 08:24:22,96.0,100,38.3,127/80,89,68.3,"Patient notes that chills, muscle aches.",0
PAT-00256,2024-01-05 08:10:15,97.4,53,36.5,133/85,86,68.3,Patient notes that lightheadedness.,0
PAT-00256,2024-01-06 10:34:46,98.4,60,35.7,140/95,95,68.3,Notes mild coldness.,0
PAT-00256,2024-01-07 10:33:45,96.4,65,38.8,125/77,157,68.3,"Notes muscle aches, fever, severe blurred vision, dry mouth, frequent urination. worsening symptoms present.",0
PAT-00256,2024-01-08 09:05:34,94.2,110,35.6,112/76,104,68.3,"Observes restlessness, mild coldness.",0
PAT-00256,2024-01-09 08:46:18,98.3,56,36.4,133/88,139,68.3,Notes dry mouth.,0
PAT-00256,2024-01-10 10:15:30,98.3,50,37.2,135/90,80,68.3,Observes fatigue.,1
PAT-00256,2024-01-11 10:35:07,93.8,88,38.7,118/73,120,68.3,"Indicates muscle aches, headache.",1
PAT-00256,2024-01-12 10:03:47,96.9,104,35.7,138/94,134,68.3,"Observes palpitations, mild coldness, frequent urination.",0
PAT-00256,2024-01-13 08:34:40,97.1,71,37.0,133/95,78,68.3,Patient denies any symptoms or discomfort.,0
PAT-00256,2024-01-14 08:32:48,96.2,95,37.3,184/114,78,68.3,"Patient notes that chest pain, severe headache. worsening symptoms present.",1
PAT-00256,2024-01-15 09:23:26,96.2,71,38.3,128/74,81,68.3,"Observes fever, headache.",0
PAT-00256,2024-01-16 08:30:53,97.6,97,36.5,143/89,124,68.3,No significant complaints today.,0
PAT-00256,2024-01-17 08:31:07,99.6,52,37.0,133/89,82,68.3,Patient describes lightheadedness.,0
PAT-00256,2024-01-18 10:55:03,95.3,109,37.0,120/76,95,68.3,Notes palpitations.,0
PAT-00256,2024-01-19 10:59:56,90.7,72,36.9,116/74,107,68.3,Patient describes shortness of breath.,0
PAT-00256,2024-01-20 09:44:20,97.3,90,38.2,125/79,85,68.3,"Today, patient states muscle aches, severe discomfort. immediate attention may be needed.",0
PAT-00256,2024-01-21 09:14:20,95.5,90,36.4,114/73,82,68.3,Patient denies any symptoms or discomfort.,0
PAT-00256,2024-01-22 08:19:02,98.4,65,36.6,126/84,125,68.3,No symptoms reported. Vitals are within expected range.,0
PAT-00256,2024-01-23 10:13:48,94.4,86,36.8,128/76,78,68.3,No significant complaints today.,0
PAT-00256,2024-01-24 09:51:50,97.8,59,38.1,136/90,77,68.3,"Observes severe discomfort, muscle aches. immediate attention may be needed.",0
PAT-00256,2024-01-25 08:47:20,97.4,69,36.9,134/91,74,68.3,Vitals remain within acceptable limits. No issues noted.,0
PAT-00256,2024-01-26 08:33:34,94.1,109,38.6,150/87,99,68.3,"Reports restlessness, headache, fever.",1
PAT-00256,2024-01-27 08:37:05,99.9,103,37.2,172/114,77,68.3,"Reports palpitations, chest tightness.",1
PAT-00256,2024-01-28 10:29:41,91.4,84,38.6,189/114,111,68.3,"Notes low energy, muscle aches, fever, chest pain, severe headache. immediate attention may be needed.",0
PAT-00256,2024-01-29 09:47:11,94.8,60,36.4,118/80,77,68.3,Vitals remain within acceptable limits. No issues noted.,0
PAT-00256,2024-01-30 10:50:24,96.5,108,35.9,124/73,92,68.3,"Indicates restlessness, mild coldness.",0
PAT-00257,2024-01-01 09:15:36,99.3,56,36.2,111/82,77,46.7,No symptoms reported. Vitals are within expected range.,0
PAT-00257,2024-01-02 09:37:33,94.3,90,37.3,190/105,106,46.7,"Today, patient states chest pain, severe headache. worsening symptoms present.",0
PAT-00257,2024-01-03 10:35:37,95.3,88,37.3,132/92,86,46.7,Patient is feeling well with all parameters stable.,0
PAT-00257,2024-01-04 10:40:23,94.6,87,38.5,173/107,165,46.7,"Indicates chills, fever, chest tightness, severe blurred vision, dry mouth, frequent urination. worsening symptoms present.",1
PAT-00257,2024-01-05 08:47:24,99.6,94,35.8,172/120,97,46.7,"Today, patient states lowered energy, headaches.",0
PAT-00257,2024-01-06 10:07:59,95.5,61,35.7,121/84,76,46.7,Notes lowered energy.,0
PAT-00257,2024-01-07 09:33:21,99.9,90,38.0,131/94,144,46.7,"This morning, headache, muscle aches, dry mouth.",1
PAT-00257,2024-01-08 10:25:49,93.2,60,35.7,113/82,97,46.7,"This morning, lowered energy.",0
PAT-00257,2024-01-09 10:39:02,97.2,77,36.8,124/74,88,46.7,Patient denies any symptoms or discomfort.,0
PAT-00257,2024-01-10 09:14:41,94.1,85,37.0,123/85,154,46.7,"Observes severe blurred vision, dry mouth, frequent urination. immediate attention may be needed.",0
PAT-00257,2024-01-11 09:24:14,94.6,101,36.5,134/92,77,46.7,Patient describes restlessness.,0
PAT-00257,2024-01-12 09:23:23,93.4,60,37.2,118/70,90,46.7,No symptoms reported. Vitals are within expected range.,0
PAT-00257,2024-01-13 10:12:32,96.6,97,35.6,126/71,103,46.7,Indicates mild coldness.,0
PAT-00257,2024-01-14 08:50:34,98.9,80,36.9,164/100,95,46.7,Indicates vision issues.,0
PAT-00257,2024-01-15 09:30:54,96.1,80,37.6,148/95,86,46.7,Observes body aches.,0
PAT-00257,2024-01-16 10:11:23,97.0,73,37.2,112/83,153,46.7,"Notes severe blurred vision, dry mouth, frequent urination. immediate attention may be needed.",1
PAT-00257,2024-01-17 08:35:41,97.1,60,38.4,114/70,74,46.7,"Notes chills, severe discomfort. immediate attention may be needed.",1
PAT-00257,2024-01-18 09:27:05,97.5,82,36.9,123/80,72,46.7,No significant complaints today.,0
PAT-00257,2024-01-19 10:27:25,95.2,73,38.3,135/91,111,46.7,"Notes headache, fever.",0
PAT-00257,2024-01-20 10:51:33,96.8,96,36.6,116/75,76,46.7,No symptoms reported. Vitals are within expected range.,0
PAT-00257,2024-01-21 10:36:45,95.4,63,38.6,115/82,119,46.7,"Observes fever, headache.",1
PAT-00257,2024-01-22 10:35:23,95.3,104,35.9,144/89,105,46.7,"Patient notes that restlessness, mild coldness.",0
PAT-00257,2024-01-23 09:03:43,97.1,81,37.0,144/85,93,46.7,No significant complaints today.,0
PAT-00257,2024-01-24 09:09:03,93.8,59,36.7,114/83,108,46.7,No significant complaints today.,0
PAT-00257,2024-01-25 08:37:26,93.4,74,36.5,129/78,98,46.7,No symptoms reported. Vitals are within expected range.,0
PAT-00257,2024-01-26 10:38:53,98.6,51,36.6,123/83,87,46.7,Indicates lightheadedness.,1
PAT-00257,2024-01-27 10:07:46,93.9,90,36.5,131/85,102,46.7,Patient denies any symptoms or discomfort.,0
PAT-00257,2024-01-28 09:30:25,94.8,72,36.8,131/85,75,46.7,No symptoms reported. Vitals are within expected range.,0
PAT-00257,2024-01-29 08:41:58,95.2,53,36.6,123/79,124,46.7,"Today, patient states lightheadedness.",1
PAT-00257,2024-01-30 08:15:21,95.2,70,36.9,115/74,127,46.7,Notes frequent urination.,0
PAT-00258,2024-01-01 09:21:41,96.4,102,36.8,165/120,120,89.3,"Patient describes palpitations, chest tightness.",0
PAT-00258,2024-01-02 09:52:41,95.9,86,38.9,110/78,73,89.3,"Observes fever, chills.",1
PAT-00258,2024-01-03 09:10:21,97.1,82,36.0,120/73,84,89.3,No significant complaints today.,0
PAT-00258,2024-01-04 09:45:39,96.5,77,37.3,117/83,79,89.3,No symptoms reported. Vitals are within expected range.,0
PAT-00258,2024-01-05 10:41:56,92.5,65,37.1,173/104,86,89.3,Indicates vision issues.,0
PAT-00258,2024-01-06 09:09:03,97.6,60,36.0,116/73,79,89.3,No symptoms reported. Vitals are within expected range.,0
PAT-00258,2024-01-07 09:06:19,95.1,97,37.0,115/81,86,89.3,Vitals remain within acceptable limits. No issues noted.,0
PAT-00258,2024-01-08 08:38:42,96.3,78,36.5,130/91,119,89.3,Patient denies any symptoms or discomfort.,0
PAT-00258,2024-01-09 10:08:14,99.9,105,36.6,112/71,78,89.3,Patient describes restlessness.,0
PAT-00258,2024-01-10 10:06:14,96.1,60,37.4,173/108,153,89.3,"Patient describes vision issues, severe blurred vision, dry mouth, frequent urination. worsening symptoms present.",0
PAT-00258,2024-01-11 09:45:34,96.5,88,36.7,126/84,116,89.3,Patient denies any symptoms or discomfort.,0
PAT-00258,2024-01-12 08:12:38,94.3,51,36.7,164/120,95,89.3,"Patient describes fatigue, headaches.",1
PAT-00258,2024-01-13 10:34:47,100.0,75,36.6,140/86,93,89.3,Patient is feeling well with all parameters stable.,0
PAT-00258,2024-01-14 10:48:16,96.6,90,36.7,135/94,84,89.3,Patient is feeling well with all parameters stable.,0
PAT-00258,2024-01-15 10:47:57,95.0,74,35.7,125/76,77,89.3,Patient describes mild coldness.,0
PAT-00258,2024-01-16 08:16:42,96.0,90,37.0,116/75,167,89.3,"Observes severe blurred vision, dry mouth, frequent urination. worsening symptoms present.",0
PAT-00258,2024-01-17 10:39:56,96.2,54,35.9,130/79,73,89.3,"This morning, lightheadedness, lowered energy.",0
PAT-00258,2024-01-18 08:59:00,95.1,91,37.0,127/82,111,89.3,Patient is feeling well with all parameters stable.,0
PAT-00258,2024-01-19 10:58:44,94.4,66,36.7,137/89,87,89.3,Patient denies any symptoms or discomfort.,0
PAT-00258,2024-01-20 08:39:14,98.5,99,37.3,135/86,72,89.3,Vitals remain within acceptable limits. No issues noted.,0
PAT-00258,2024-01-21 10:18:25,94.7,74,37.0,140/92,77,89.3,No significant complaints today.,0
PAT-00258,2024-01-22 08:45:40,96.2,68,36.6,133/90,98,89.3,No symptoms reported. Vitals are within expected range.,0
PAT-00258,2024-01-23 09:59:12,95.2,87,38.5,132/87,78,89.3,"Reports chills, severe discomfort. worsening symptoms present.",0
PAT-00258,2024-01-24 09:36:09,96.5,98,37.7,175/112,73,89.3,"Patient describes night sweats, headaches.",0
PAT-00258,2024-01-25 10:45:13,94.9,82,37.4,111/71,94,89.3,Vitals remain within acceptable limits. No issues noted.,0
PAT-00258,2024-01-26 10:17:07,94.2,87,36.8,124/74,85,89.3,No significant complaints today.,0
PAT-00258,2024-01-27 08:25:36,95.8,86,37.2,125/80,78,89.3,Patient is feeling well with all parameters stable.,0
PAT-00258,2024-01-28 08:24:12,100.0,82,36.7,182/100,121,89.3,"Reports chest pain, severe headache. worsening symptoms present.",1
PAT-00258,2024-01-29 09:59:03,97.4,89,37.3,147/95,94,89.3,Patient is feeling well with all parameters stable.,0
PAT-00258,2024-01-30 10:32:12,94.2,61,37.0,128/74,135,89.3,"Today, patient states blurred vision.",0
PAT-00259,2024-01-01 09:01:16,98.3,60,36.1,120/71,106,79.1,No symptoms reported. Vitals are within expected range.,0
PAT-00259,2024-01-02 09:10:39,93.8,69,38.6,116/71,152,79.1,"Today, patient states chills, headache, severe blurred vision, dry mouth, frequent urination. worsening symptoms present.",0
PAT-00259,2024-01-03 09:07:08,96.2,78,37.0,121/73,89,79.1,Patient is feeling well with all parameters stable.,0
PAT-00259,2024-01-04 10:46:21,94.9,70,37.3,127/82,85,79.1,No symptoms reported. Vitals are within expected range.,0
PAT-00259,2024-01-05 09:57:55,97.1,61,37.3,130/74,115,79.1,Patient is feeling well with all parameters stable.,0
PAT-00259,2024-01-06 10:45:18,96.9,107,37.0,124/83,94,79.1,Observes restlessness.,1
PAT-00259,2024-01-07 10:06:08,94.8,106,35.7,111/83,119,79.1,"This morning, restlessness, lowered energy.",0
PAT-00259,2024-01-08 08:02:44,97.8,86,35.8,129/80,76,79.1,Observes mild coldness.,0
PAT-00259,2024-01-09 09:24:51,94.5,72,37.3,175/117,121,79.1,Indicates headaches.,0
PAT-00259,2024-01-10 08:17:04,93.6,63,37.3,114/74,120,79.1,No symptoms reported. Vitals are within expected range.,0
PAT-00259,2024-01-11 09:10:54,94.1,66,38.3,147/95,168,79.1,"Notes muscle aches, chills, severe blurred vision, dry mouth, frequent urination. immediate attention may be needed.",0
PAT-00259,2024-01-12 09:20:44,94.8,101,35.5,139/90,71,79.1,"Patient notes that anxiety, lowered energy.",0
PAT-00259,2024-01-13 10:56:21,91.2,59,37.1,126/71,112,79.1,Patient describes low energy.,0
PAT-00259,2024-01-14 10:50:35,94.6,57,38.0,176/116,87,79.1,"Notes severe discomfort, muscle aches, vision issues. worsening symptoms present.",1
PAT-00259,2024-01-15 08:25:02,95.6,64,36.7,122/71,88,79.1,Patient denies any symptoms or discomfort.,0
PAT-00259,2024-01-16 09:03:22,93.9,110,38.0,114/73,118,79.1,"This morning, anxiety, severe discomfort, fever. worsening symptoms present.",1
PAT-00259,2024-01-17 09:29:31,95.8,96,36.3,161/117,98,79.1,Reports vision issues.,0
PAT-00259,2024-01-18 08:10:37,97.0,97,36.0,136/88,112,79.1,Vitals remain within acceptable limits. No issues noted.,0
PAT-00259,2024-01-19 08:22:09,100.0,108,36.9,145/94,74,79.1,"Today, patient states restlessness.",0
PAT-00259,2024-01-20 08:45:49,98.9,94,36.7,189/114,88,79.1,"Reports chest pain, severe headache. worsening symptoms present.",1
PAT-00259,2024-01-21 08:23:14,97.4,89,36.8,117/74,122,79.1,Patient denies any symptoms or discomfort.,0
PAT-00259,2024-01-22 10:32:50,93.6,98,37.1,130/70,109,79.1,Vitals remain within acceptable limits. No issues noted.,0
PAT-00259,2024-01-23 08:31:17,97.7,52,35.9,134/86,74,79.1,"Reports slow pulse, mild coldness.",1
PAT-00259,2024-01-24 09:19:41,97.1,54,37.2,119/81,70,79.1,Notes lightheadedness.,1
PAT-00259,2024-01-25 10:04:01,96.8,92,38.1,172/117,72,79.1,"Today, patient states fever, headache, chest tightness.",1
PAT-00259,2024-01-26 09:43:37,95.2,105,37.6,117/70,165,79.1,"Patient notes that anxiety, body aches, severe blurred vision, dry mouth, frequent urination. worsening symptoms present.",0
PAT-00259,2024-01-27 10:19:40,96.5,56,37.0,130/92,76,79.1,Patient is feeling well with all parameters stable.,0
PAT-00259,2024-01-28 08:19:02,94.0,67,36.7,130/75,91,79.1,No symptoms reported. Vitals are within expected range.,0
PAT-00259,2024-01-29 09:19:59,93.9,60,36.1,163/105,72,79.1,Patient notes that headaches.,1
PAT-00259,2024-01-30 10:40:56,96.7,53,35.5,130/79,106,79.1,"Notes fatigue, mild coldness.",0
PAT-00260,2024-01-01 08:05:10,94.0,79,36.6,110/78,107,99.5,Patient is feeling well with all parameters stable.,0
PAT-00260,2024-01-02 10:27:34,97.5,87,36.5,123/83,84,99.5,No significant complaints today.,0
PAT-00260,2024-01-03 09:18:25,94.6,109,37.1,126/76,82,99.5,"Today, patient states palpitations.",1
PAT-00260,2024-01-04 08:02:36,92.8,99,37.3,146/86,83,99.5,Patient is feeling well with all parameters stable.,0
PAT-00260,2024-01-05 08:56:37,96.9,88,36.6,128/70,122,99.5,No symptoms reported. Vitals are within expected range.,0
PAT-00260,2024-01-06 08:48:19,97.8,56,35.8,163/116,85,99.5,"This morning, mild coldness, vision issues.",0
PAT-00260,2024-01-07 08:56:39,95.3,64,35.7,118/82,84,99.5,Reports mild coldness.,0
PAT-00260,2024-01-08 10:50:24,96.5,98,37.1,115/80,94,99.5,Patient denies any symptoms or discomfort.,0
PAT-00260,2024-01-09 10:46:11,94.4,53,37.9,134/89,120,99.5,"Observes lightheadedness, body aches.",0
PAT-00260,2024-01-10 09:54:40,93.1,54,38.2,182/114,169,99.5,"Today, patient states fatigue, chills, severe discomfort, chest pain, severe headache, severe blurred vision, dry mouth, frequent urination. immediate attention may be needed.",0
PAT-00260,2024-01-11 09:55:56,100.0,78,37.1,115/75,90,99.5,Patient is feeling well with all parameters stable.,0
PAT-00260,2024-01-12 08:08:19,97.0,50,37.5,142/86,86,99.5,"Notes fatigue, body aches.",0
PAT-00260,2024-01-13 09:25:37,96.0,86,37.3,134/92,78,99.5,No symptoms reported. Vitals are within expected range.,0
PAT-00260,2024-01-14 09:46:44,100.0,73,37.6,129/81,168,99.5,"This morning, body aches, severe blurred vision, dry mouth, frequent urination. immediate attention may be needed.",0
PAT-00260,2024-01-15 09:47:37,96.3,93,38.7,136/89,77,99.5,"This morning, severe discomfort, fever. worsening symptoms present.",0
PAT-00260,2024-01-16 10:59:03,96.2,95,36.8,120/82,105,99.5,Patient denies any symptoms or discomfort.,0
PAT-00260,2024-01-17 09:17:30,92.8,73,35.5,111/79,123,99.5,Patient describes lowered energy.,0
PAT-00260,2024-01-18 09:06:18,97.5,52,37.3,123/80,150,99.5,"Observes lightheadedness, severe blurred vision, dry mouth, frequent urination. immediate attention may be needed.",0
PAT-00260,2024-01-19 09:03:16,96.3,102,36.6,139/88,70,99.5,Patient describes anxiety.,0
PAT-00260,2024-01-20 09:29:57,97.5,72,36.6,122/70,99,99.5,Patient is feeling well with all parameters stable.,0
PAT-00260,2024-01-21 08:53:13,94.0,79,36.5,125/76,84,99.5,Vitals remain within acceptable limits. No issues noted.,0
PAT-00260,2024-01-22 09:24:50,98.2,59,36.9,137/92,115,99.5,Patient is feeling well with all parameters stable.,0
PAT-00260,2024-01-23 09:49:47,96.0,95,36.5,118/75,115,99.5,No symptoms reported. Vitals are within expected range.,0
PAT-00260,2024-01-24 08:54:34,97.6,81,36.6,175/120,83,99.5,"This morning, chest tightness.",0
PAT-00260,2024-01-25 10:09:27,96.6,51,37.0,115/78,96,99.5,Indicates slow pulse.,0
PAT-00260,2024-01-26 10:38:54,94.6,69,37.3,126/72,88,99.5,No symptoms reported. Vitals are within expected range.,0
PAT-00260,2024-01-27 09:45:35,89.1,63,36.5,135/92,81,99.5,Reports dizziness.,0
PAT-00260,2024-01-28 09:58:02,97.5,77,37.0,143/92,106,99.5,No significant complaints today.,0
PAT-00260,2024-01-29 10:59:25,96.8,106,36.8,118/72,100,99.5,"This morning, restlessness.",0
PAT-00260,2024-01-30 08:24:22,92.6,102,37.9,179/106,90,99.5,"Observes anxiety, body aches, vision issues.",1
PAT-00261,2024-01-01 08:59:11,95.3,60,37.0,120/78,133,39.3,"This morning, dry mouth.",0
PAT-00261,2024-01-02 10:30:32,100.0,103,36.8,188/109,155,39.3,"Patient describes restlessness, chest pain, severe headache, severe blurred vision, dry mouth, frequent urination. immediate attention may be needed.",0
PAT-00261,2024-01-03 10:24:08,96.6,89,37.0,110/74,121,39.3,Patient is feeling well with all parameters stable.,0
PAT-00261,2024-01-04 09:08:31,97.1,90,36.9,122/81,124,39.3,Patient denies any symptoms or discomfort.,0
PAT-00261,2024-01-05 08:13:51,94.1,75,38.0,147/94,110,39.3,"Today, patient states headache, chills.",0
PAT-00261,2024-01-06 08:23:41,97.7,89,35.5,132/87,88,39.3,Notes mild coldness.,0
PAT-00261,2024-01-07 10:51:26,94.4,97,36.7,147/90,96,39.3,Patient is feeling well with all parameters stable.,0
PAT-00261,2024-01-08 09:52:54,95.5,61,38.4,170/101,71,39.3,"Patient describes muscle aches, severe discomfort, chest tightness. worsening symptoms present.",0
PAT-00261,2024-01-09 10:24:48,94.0,73,37.1,160/111,87,39.3,Patient describes vision issues.,0
PAT-00261,2024-01-10 10:10:41,98.0,98,35.9,116/72,80,39.3,"This morning, mild coldness.",0
PAT-00261,2024-01-11 09:52:31,95.3,50,37.1,115/73,73,39.3,Observes fatigue.,0
PAT-00261,2024-01-12 10:52:02,96.9,95,37.1,127/75,86,39.3,No significant complaints today.,0
PAT-00261,2024-01-13 10:32:38,92.9,102,37.2,121/83,97,39.3,Reports anxiety.,0
PAT-00261,2024-01-14 09:35:07,95.6,90,36.7,184/111,78,39.3,"Today, patient states chest pain, severe headache. worsening symptoms present.",0
PAT-00261,2024-01-15 08:47:49,96.5,92,35.9,120/77,161,39.3,"Today, patient states mild coldness, severe blurred vision, dry mouth, frequent urination. worsening symptoms present.",0
PAT-00261,2024-01-16 09:48:40,99.3,99,36.0,169/118,76,39.3,Indicates headaches.,1
PAT-00261,2024-01-17 08:03:14,98.0,69,36.9,130/74,113,39.3,Patient denies any symptoms or discomfort.,0
PAT-00261,2024-01-18 10:49:17,91.3,85,36.8,140/91,83,39.3,Reports low energy.,1
PAT-00261,2024-01-19 09:59:22,97.6,72,37.3,147/95,72,39.3,No symptoms reported. Vitals are within expected range.,0
PAT-00261,2024-01-20 10:24:19,97.3,81,36.5,131/90,84,39.3,Vitals remain within acceptable limits. No issues noted.,0
PAT-00261,2024-01-21 09:01:48,94.4,84,38.1,132/92,117,39.3,"Reports chills, headache.",0
PAT-00261,2024-01-22 09:47:40,96.6,75,37.0,117/70,84,39.3,Patient denies any symptoms or discomfort.,0
PAT-00261,2024-01-23 10:01:09,95.1,74,37.1,129/85,123,39.3,Vitals remain within acceptable limits. No issues noted.,0
PAT-00261,2024-01-24 08:00:07,98.0,108,37.0,129/83,165,39.3,"Notes anxiety, severe blurred vision, dry mouth, frequent urination. immediate attention may be needed.",0
PAT-00261,2024-01-25 09:50:50,93.0,85,38.1,114/73,85,39.3,"Observes muscle aches, severe discomfort. immediate attention may be needed.",0
PAT-00261,2024-01-26 10:58:44,94.7,77,36.4,147/89,76,39.3,Patient denies any symptoms or discomfort.,0
PAT-00261,2024-01-27 09:52:19,92.0,86,36.8,137/93,100,39.3,Patient denies any symptoms or discomfort.,0
PAT-00261,2024-01-28 09:06:52,99.1,99,38.4,141/92,98,39.3,"Patient notes that severe discomfort, muscle aches. worsening symptoms present.",1
PAT-00261,2024-01-29 10:51:50,94.2,104,36.8,116/72,80,39.3,Observes anxiety.,0
PAT-00261,2024-01-30 10:38:30,95.5,60,36.3,164/116,72,39.3,Observes headaches.,1
PAT-00262,2024-01-01 10:01:08,96.7,110,36.3,167/105,125,109.8,"Today, patient states restlessness, headaches.",0
PAT-00262,2024-01-02 08:25:45,93.5,80,37.7,184/119,79,109.8,"Indicates body aches, chest pain, severe headache. immediate attention may be needed.",0
PAT-00262,2024-01-03 10:28:25,96.8,58,38.8,144/95,122,109.8,"Observes headache, muscle aches.",1
PAT-00262,2024-01-04 09:06:34,97.7,85,36.0,112/85,148,109.8,Notes blurred vision.,0
PAT-00262,2024-01-05 09:06:40,93.7,59,35.9,150/94,84,109.8,Reports lowered energy.,0
PAT-00262,2024-01-06 09:20:26,95.3,90,37.4,116/79,96,109.8,No symptoms reported. Vitals are within expected range.,0
PAT-00262,2024-01-07 09:03:09,90.7,63,37.0,161/118,73,109.8,"Observes dizziness, chest tightness.",1
PAT-00262,2024-01-08 10:26:59,96.6,105,36.5,135/92,95,109.8,"Today, patient states anxiety.",0
PAT-00262,2024-01-09 08:24:59,93.7,66,38.9,125/76,72,109.8,"This morning, severe discomfort, headache. immediate attention may be needed.",1
PAT-00262,2024-01-10 09:37:32,92.5,92,37.0,114/71,71,109.8,Vitals remain within acceptable limits. No issues noted.,0
PAT-00262,2024-01-11 10:44:39,95.0,74,38.6,115/83,84,109.8,"Observes fever, muscle aches.",0
PAT-00262,2024-01-12 10:19:46,95.1,82,36.8,124/70,102,109.8,Patient denies any symptoms or discomfort.,0
PAT-00262,2024-01-13 10:13:43,95.8,108,36.9,118/81,79,109.8,Observes palpitations.,1
PAT-00262,2024-01-14 08:31:43,95.9,93,36.3,121/71,70,109.8,Vitals remain within acceptable limits. No issues noted.,0
PAT-00262,2024-01-15 09:58:10,93.6,77,36.3,170/106,101,109.8,Notes chest tightness.,0
PAT-00262,2024-01-16 09:44:41,97.4,76,37.4,122/80,89,109.8,Patient is feeling well with all parameters stable.,0
PAT-00262,2024-01-17 08:55:08,95.5,87,37.1,111/70,175,109.8,"Observes severe blurred vision, dry mouth, frequent urination. worsening symptoms present.",1
PAT-00262,2024-01-18 09:46:43,95.4,79,37.0,188/115,90,109.8,"Indicates chest pain, severe headache. immediate attention may be needed.",1
PAT-00262,2024-01-19 08:19:17,96.4,64,36.8,130/71,72,109.8,Patient is feeling well with all parameters stable.,0
PAT-00262,2024-01-20 09:09:00,95.2,56,37.0,147/92,97,109.8,No symptoms reported. Vitals are within expected range.,0
PAT-00262,2024-01-21 09:01:17,95.9,86,36.4,123/83,86,109.8,No symptoms reported. Vitals are within expected range.,0
PAT-00262,2024-01-22 10:51:45,95.6,107,36.5,133/92,89,109.8,"This morning, restlessness.",0
PAT-00262,2024-01-23 09:30:06,98.1,52,35.7,167/101,108,109.8,"Today, patient states fatigue, lowered energy, vision issues.",1
PAT-00262,2024-01-24 09:51:23,99.4,109,36.2,129/70,173,109.8,"Reports anxiety, severe blurred vision, dry mouth, frequent urination. immediate attention may be needed.",0
PAT-00262,2024-01-25 09:22:34,95.5,86,36.5,133/88,83,109.8,Patient is feeling well with all parameters stable.,0
PAT-00262,2024-01-26 08:48:09,98.3,50,36.5,127/82,130,109.8,"This morning, slow pulse, blurred vision.",1
PAT-00262,2024-01-27 08:45:44,97.7,101,37.3,110/82,96,109.8,Notes palpitations.,0
PAT-00262,2024-01-28 08:57:18,95.1,58,37.1,147/86,92,109.8,Vitals remain within acceptable limits. No issues noted.,0
PAT-00262,2024-01-29 08:48:43,96.8,84,36.3,147/87,78,109.8,No significant complaints today.,0
PAT-00262,2024-01-30 08:47:29,98.0,78,37.1,182/109,99,109.8,"Today, patient states chest pain, severe headache. immediate attention may be needed.",1
PAT-00263,2024-01-01 09:51:07,95.7,81,37.9,124/81,112,66.0,Observes night sweats.,0
PAT-00263,2024-01-02 10:25:11,92.8,51,37.1,137/87,77,66.0,"This morning, slow pulse.",0
PAT-00263,2024-01-03 08:07:58,95.8,81,36.6,148/92,177,66.0,"Observes severe blurred vision, dry mouth, frequent urination. immediate attention may be needed.",0
PAT-00263,2024-01-04 08:08:51,96.4,63,37.1,122/80,180,66.0,"Patient describes severe blurred vision, dry mouth, frequent urination. worsening symptoms present.",0
PAT-00263,2024-01-05 09:09:24,96.0,60,38.4,175/101,122,66.0,"Reports muscle aches, fever, vision issues.",0
PAT-00263,2024-01-06 10:34:13,97.5,89,36.6,181/101,89,66.0,"Patient describes chest pain, severe headache. immediate attention may be needed.",1
PAT-00263,2024-01-07 10:32:05,96.0,102,35.9,125/75,119,66.0,"Patient describes palpitations, mild coldness.",0
PAT-00263,2024-01-08 08:05:35,98.2,101,37.2,128/71,94,66.0,"This morning, restlessness.",1
PAT-00263,2024-01-09 08:05:48,94.1,58,35.6,124/82,81,66.0,Indicates lowered energy.,0
PAT-00263,2024-01-10 08:17:06,96.4,95,36.2,126/82,99,66.0,No symptoms reported. Vitals are within expected range.,0
PAT-00263,2024-01-11 10:15:54,95.6,76,35.8,119/73,129,66.0,"Patient notes that mild coldness, frequent urination.",0
PAT-00263,2024-01-12 10:38:40,98.3,95,36.6,115/75,78,66.0,No significant complaints today.,0
PAT-00263,2024-01-13 09:50:54,94.5,54,38.4,110/82,83,66.0,"This morning, lightheadedness, muscle aches, chills.",0
PAT-00263,2024-01-14 10:31:52,94.9,102,36.3,118/82,72,66.0,"Today, patient states anxiety.",0
PAT-00263,2024-01-15 10:10:22,95.8,55,37.2,128/73,79,66.0,Patient is feeling well with all parameters stable.,0
PAT-00263,2024-01-16 08:50:07,97.5,82,36.9,145/87,78,66.0,Vitals remain within acceptable limits. No issues noted.,0
PAT-00263,2024-01-17 10:03:49,100.0,55,36.9,112/75,129,66.0,Patient describes frequent urination.,0
PAT-00263,2024-01-18 08:51:28,95.6,90,35.5,146/85,86,66.0,Reports lowered energy.,0
PAT-00263,2024-01-19 08:33:45,96.5,99,37.2,124/76,74,66.0,Patient is feeling well with all parameters stable.,0
PAT-00263,2024-01-20 08:56:57,96.4,55,36.4,124/71,173,66.0,"Today, patient states severe blurred vision, dry mouth, frequent urination. immediate attention may be needed.",1
PAT-00263,2024-01-21 10:49:23,94.3,78,36.6,115/80,85,66.0,Vitals remain within acceptable limits. No issues noted.,0
PAT-00263,2024-01-22 10:11:50,97.7,88,36.5,145/95,123,66.0,Patient denies any symptoms or discomfort.,0
PAT-00263,2024-01-23 08:44:16,98.7,82,36.0,123/72,98,66.0,Vitals remain within acceptable limits. No issues noted.,0
PAT-00263,2024-01-24 08:58:05,92.3,80,36.7,117/85,71,66.0,Vitals remain within acceptable limits. No issues noted.,0
PAT-00263,2024-01-25 10:04:24,93.1,75,37.3,132/91,99,66.0,Patient is feeling well with all parameters stable.,0
PAT-00263,2024-01-26 09:03:09,92.0,64,38.2,139/86,128,66.0,"Reports chills, headache, blurred vision.",1
PAT-00263,2024-01-27 08:00:35,99.1,96,35.8,115/70,94,66.0,Notes mild coldness.,0
PAT-00263,2024-01-28 10:07:53,98.2,108,36.6,117/78,96,66.0,Patient notes that palpitations.,1
PAT-00263,2024-01-29 08:05:43,97.6,62,35.6,146/94,105,66.0,Patient describes mild coldness.,0
PAT-00263,2024-01-30 08:05:14,94.2,59,36.1,124/74,118,66.0,Patient is feeling well with all parameters stable.,0
PAT-00264,2024-01-01 10:28:59,98.3,74,37.4,112/76,123,100.1,No significant complaints today.,0
PAT-00264,2024-01-02 08:54:14,95.6,76,37.0,145/95,82,100.1,Patient denies any symptoms or discomfort.,0
PAT-00264,2024-01-03 08:00:47,100.0,105,35.6,124/83,144,100.1,"Patient describes palpitations, lowered energy, dry mouth.",0
PAT-00264,2024-01-04 09:33:50,94.8,71,37.6,134/90,77,100.1,Reports body aches.,0
PAT-00264,2024-01-05 10:20:54,95.1,69,37.0,112/77,73,100.1,No significant complaints today.,0
PAT-00264,2024-01-06 09:34:43,94.9,110,36.2,170/103,176,100.1,"Notes anxiety, headaches, severe blurred vision, dry mouth, frequent urination. immediate attention may be needed.",1
PAT-00264,2024-01-07 08:42:14,95.7,66,37.0,118/78,101,100.1,No significant complaints today.,0
PAT-00264,2024-01-08 10:35:41,98.4,76,35.7,190/111,95,100.1,"Reports lowered energy, chest pain, severe headache. immediate attention may be needed.",1
PAT-00264,2024-01-09 10:38:09,97.8,110,36.7,186/103,114,100.1,"Patient describes palpitations, chest pain, severe headache. worsening symptoms present.",0
PAT-00264,2024-01-10 10:28:17,95.1,77,38.9,140/88,131,100.1,"Observes muscle aches, headache, dry mouth.",1
PAT-00264,2024-01-11 10:47:28,97.7,81,36.5,134/90,78,100.1,Vitals remain within acceptable limits. No issues noted.,0
PAT-00264,2024-01-12 09:21:15,98.8,90,36.9,126/73,123,100.1,Vitals remain within acceptable limits. No issues noted.,0
PAT-00264,2024-01-13 10:14:23,96.4,66,36.7,164/108,85,100.1,Reports vision issues.,0
PAT-00264,2024-01-14 10:07:00,96.1,87,37.0,113/83,104,100.1,Patient denies any symptoms or discomfort.,0
PAT-00264,2024-01-15 10:36:55,94.7,85,39.0,125/78,94,100.1,"Today, patient states muscle aches, headache.",0
PAT-00264,2024-01-16 10:44:05,97.2,85,37.3,187/111,169,100.1,"Reports chest pain, severe headache, severe blurred vision, dry mouth, frequent urination. immediate attention may be needed.",0
PAT-00264,2024-01-17 10:07:45,98.6,109,37.3,130/92,71,100.1,Notes anxiety.,0
PAT-00264,2024-01-18 09:07:38,98.2,102,37.0,169/118,97,100.1,"Patient describes palpitations, chest tightness.",1
PAT-00264,2024-01-19 09:04:54,96.9,109,35.6,110/73,85,100.1,"Notes anxiety, lowered energy.",1
PAT-00264,2024-01-20 09:10:17,94.1,56,37.1,124/73,119,100.1,No symptoms reported. Vitals are within expected range.,0
PAT-00264,2024-01-21 09:45:58,93.6,80,37.0,139/92,106,100.1,Patient denies any symptoms or discomfort.,0
PAT-00264,2024-01-22 09:22:12,97.2,55,38.7,177/120,88,100.1,"Notes severe discomfort, chills, chest tightness. worsening symptoms present.",1
PAT-00264,2024-01-23 09:42:38,95.2,101,37.3,113/77,106,100.1,Reports palpitations.,0
PAT-00264,2024-01-24 09:47:38,95.8,71,37.2,118/76,134,100.1,"This morning, blurred vision.",0
PAT-00264,2024-01-25 10:14:22,96.1,55,37.0,133/91,89,100.1,Patient denies any symptoms or discomfort.,0
PAT-00264,2024-01-26 10:50:12,95.1,105,36.6,185/115,156,100.1,"Patient describes palpitations, chest pain, severe headache, severe blurred vision, dry mouth, frequent urination. immediate attention may be needed.",0
PAT-00264,2024-01-27 10:31:54,97.8,93,36.1,126/78,74,100.1,No symptoms reported. Vitals are within expected range.,0
PAT-00264,2024-01-28 10:24:46,95.0,79,38.3,123/80,83,100.1,"Patient notes that muscle aches, severe discomfort. worsening symptoms present.",0
PAT-00264,2024-01-29 10:54:10,98.7,58,38.8,138/85,97,100.1,"Indicates chills, muscle aches.",0
PAT-00264,2024-01-30 10:25:19,98.0,83,36.6,121/78,99,100.1,No symptoms reported. Vitals are within expected range.,0
PAT-00265,2024-01-01 09:25:33,94.8,109,36.6,128/79,74,84.1,"Today, patient states restlessness.",1
PAT-00265,2024-01-02 08:25:37,98.6,67,35.9,160/120,117,84.1,"Reports mild coldness, chest tightness.",0
PAT-00265,2024-01-03 10:31:11,96.2,93,37.0,130/76,118,84.1,No symptoms reported. Vitals are within expected range.,0
PAT-00265,2024-01-04 08:02:44,93.6,60,38.1,121/83,120,84.1,"This morning, muscle aches, headache.",1
PAT-00265,2024-01-05 10:27:42,97.1,93,38.9,173/101,72,84.1,"Reports severe discomfort, headache, chest tightness. worsening symptoms present.",1
PAT-00265,2024-01-06 08:52:49,98.0,103,35.8,181/108,71,84.1,"Patient notes that anxiety, lowered energy, chest pain, severe headache. worsening symptoms present.",1
PAT-00265,2024-01-07 08:50:23,96.7,83,37.0,112/79,71,84.1,Vitals remain within acceptable limits. No issues noted.,0
PAT-00265,2024-01-08 09:15:22,98.6,61,37.3,117/73,86,84.1,Patient denies any symptoms or discomfort.,0
PAT-00265,2024-01-09 09:53:18,98.7,62,38.5,122/77,75,84.1,"Patient notes that chills, muscle aches.",0
PAT-00265,2024-01-10 08:52:14,98.7,73,35.7,123/70,105,84.1,Patient notes that mild coldness.,0
PAT-00265,2024-01-11 10:50:05,96.6,57,38.8,130/74,103,84.1,"Reports fever, chills.",0
PAT-00265,2024-01-12 10:20:04,98.8,50,38.9,134/92,72,84.1,"Reports slow pulse, fever, muscle aches.",0
PAT-00265,2024-01-13 10:36:26,95.9,81,38.8,161/110,112,84.1,"Patient describes chills, severe discomfort, chest tightness. worsening symptoms present.",0
PAT-00265,2024-01-14 09:36:47,97.0,57,37.0,142/93,86,84.1,No significant complaints today.,0
PAT-00265,2024-01-15 08:16:50,96.1,60,35.9,122/78,110,84.1,Patient notes that mild coldness.,0
PAT-00265,2024-01-16 08:55:54,95.4,75,36.8,136/88,77,84.1,No symptoms reported. Vitals are within expected range.,0
PAT-00265,2024-01-17 08:46:00,97.2,68,37.3,124/73,82,84.1,Patient is feeling well with all parameters stable.,0
PAT-00265,2024-01-18 08:18:41,94.5,65,36.7,121/77,173,84.1,"Patient describes severe blurred vision, dry mouth, frequent urination. worsening symptoms present.",1
PAT-00265,2024-01-19 08:40:33,98.0,110,36.6,132/94,79,84.1,Patient describes palpitations.,0
PAT-00265,2024-01-20 08:37:22,98.1,94,36.5,111/85,91,84.1,Patient denies any symptoms or discomfort.,0
PAT-00265,2024-01-21 09:46:42,95.3,69,36.4,113/79,82,84.1,Vitals remain within acceptable limits. No issues noted.,0
PAT-00265,2024-01-22 09:41:15,94.6,104,38.4,131/92,101,84.1,"Indicates anxiety, muscle aches, chills.",1
PAT-00265,2024-01-23 09:45:23,95.0,62,37.0,138/88,149,84.1,Patient notes that blurred vision.,0
PAT-00265,2024-01-24 09:27:47,94.8,95,38.2,164/104,91,84.1,"Observes severe discomfort, muscle aches, headaches. immediate attention may be needed.",0
PAT-00265,2024-01-25 08:39:31,94.4,69,37.0,148/85,88,84.1,Patient is feeling well with all parameters stable.,0
PAT-00265,2024-01-26 09:06:38,93.6,67,37.3,171/117,73,84.1,Reports headaches.,1
PAT-00265,2024-01-27 10:50:55,97.1,101,37.5,129/79,71,84.1,"Observes palpitations, night sweats.",0
PAT-00265,2024-01-28 08:35:16,98.6,72,38.5,148/90,78,84.1,"Observes muscle aches, severe discomfort. worsening symptoms present.",0
PAT-00265,2024-01-29 10:52:29,93.2,104,37.1,121/81,83,84.1,"This morning, palpitations.",1
PAT-00265,2024-01-30 08:02:05,99.3,84,37.3,140/87,75,84.1,No significant complaints today.,0
PAT-00266,2024-01-01 08:40:05,99.8,71,38.8,110/85,113,77.5,"This morning, chills, muscle aches.",0
PAT-00266,2024-01-02 08:47:06,94.2,74,36.6,114/75,71,77.5,Patient is feeling well with all parameters stable.,0
PAT-00266,2024-01-03 09:11:11,95.2,90,37.1,126/74,79,77.5,Patient denies any symptoms or discomfort.,0
PAT-00266,2024-01-04 10:41:23,96.7,74,36.8,144/93,85,77.5,No significant complaints today.,0
PAT-00266,2024-01-05 08:42:45,99.3,67,37.0,144/87,76,77.5,Vitals remain within acceptable limits. No issues noted.,0
PAT-00266,2024-01-06 08:20:31,95.4,63,36.7,180/106,82,77.5,Reports vision issues.,1
PAT-00266,2024-01-07 09:16:36,96.5,75,38.7,126/81,106,77.5,"Patient notes that muscle aches, chills.",0
PAT-00266,2024-01-08 08:51:20,97.2,100,37.3,130/80,73,77.5,No significant complaints today.,0
PAT-00266,2024-01-09 08:18:15,92.4,73,37.0,111/79,77,77.5,Patient is feeling well with all parameters stable.,0
PAT-00266,2024-01-10 09:15:00,98.1,58,38.6,126/79,87,77.5,"Observes headache, fever.",0
PAT-00266,2024-01-11 10:07:59,95.6,54,37.3,119/74,81,77.5,Patient describes slow pulse.,1
PAT-00266,2024-01-12 10:24:37,97.9,66,38.4,117/85,147,77.5,"Patient notes that headache, fever, blurred vision.",1
PAT-00266,2024-01-13 08:33:34,94.1,60,36.9,187/113,76,77.5,"Patient notes that chest pain, severe headache. worsening symptoms present.",0
PAT-00266,2024-01-14 09:17:22,96.4,60,36.9,130/80,98,77.5,Patient denies any symptoms or discomfort.,0
PAT-00266,2024-01-15 09:22:15,95.5,105,36.3,111/78,85,77.5,Patient describes restlessness.,1
PAT-00266,2024-01-16 09:55:25,93.6,107,37.0,117/80,71,77.5,Reports restlessness.,0
PAT-00266,2024-01-17 08:17:19,96.5,50,36.0,115/84,111,77.5,Notes fatigue.,0
PAT-00266,2024-01-18 10:03:07,96.2,89,37.0,138/87,118,77.5,No symptoms reported. Vitals are within expected range.,0
PAT-00266,2024-01-19 08:40:12,98.1,73,36.9,178/107,150,77.5,"Today, patient states vision issues, severe blurred vision, dry mouth, frequent urination. immediate attention may be needed.",0
PAT-00266,2024-01-20 08:56:06,94.7,93,36.8,110/78,81,77.5,Patient denies any symptoms or discomfort.,0
PAT-00266,2024-01-21 10:02:40,97.1,60,36.1,130/79,82,77.5,Vitals remain within acceptable limits. No issues noted.,0
PAT-00266,2024-01-22 09:12:58,96.9,69,38.2,180/118,106,77.5,"Observes fever, headache, headaches.",1
PAT-00266,2024-01-23 08:19:38,92.2,93,37.0,123/82,97,77.5,No significant complaints today.,0
PAT-00266,2024-01-24 10:20:31,95.8,57,37.0,136/94,71,77.5,No significant complaints today.,0
PAT-00266,2024-01-25 09:40:18,96.3,96,38.9,143/87,95,77.5,"Reports chills, severe discomfort. worsening symptoms present.",0
PAT-00266,2024-01-26 10:50:13,96.6,51,35.9,114/72,92,77.5,"Reports lightheadedness, mild coldness.",0
PAT-00266,2024-01-27 08:13:34,94.8,57,36.4,145/88,99,77.5,No symptoms reported. Vitals are within expected range.,0
PAT-00266,2024-01-28 09:47:31,98.4,107,38.5,179/116,73,77.5,"Observes anxiety, headache, severe discomfort, chest tightness. worsening symptoms present.",1
PAT-00266,2024-01-29 09:32:42,93.0,76,36.4,139/88,96,77.5,No symptoms reported. Vitals are within expected range.,0
PAT-00266,2024-01-30 09:20:02,97.7,79,37.1,127/76,107,77.5,Patient is feeling well with all parameters stable.,0
PAT-00267,2024-01-01 09:08:50,92.9,54,36.6,149/85,103,99.6,Patient describes fatigue.,1
PAT-00267,2024-01-02 08:38:14,96.0,68,36.9,122/78,85,99.6,Patient denies any symptoms or discomfort.,0
PAT-00267,2024-01-03 09:15:37,95.6,70,38.4,116/85,105,99.6,"Reports muscle aches, fever.",0
PAT-00267,2024-01-04 09:49:14,96.0,81,38.5,141/93,109,99.6,"This morning, severe discomfort, headache. worsening symptoms present.",0
PAT-00267,2024-01-05 08:13:11,97.9,97,37.1,111/75,70,99.6,Patient denies any symptoms or discomfort.,0
PAT-00267,2024-01-06 08:24:42,95.8,77,35.9,122/71,103,99.6,"Today, patient states lowered energy.",0
PAT-00267,2024-01-07 09:44:23,98.0,71,36.7,121/71,148,99.6,Reports blurred vision.,0
PAT-00267,2024-01-08 09:54:43,92.2,89,36.7,122/72,79,99.6,Vitals remain within acceptable limits. No issues noted.,0
PAT-00267,2024-01-09 09:08:18,94.9,69,37.7,137/91,115,99.6,Patient describes night sweats.,0
PAT-00267,2024-01-10 10:49:44,97.8,62,37.3,112/70,86,99.6,No symptoms reported. Vitals are within expected range.,0
PAT-00267,2024-01-11 10:56:11,93.6,80,35.8,187/112,98,99.6,"Reports lowered energy, chest pain, severe headache. immediate attention may be needed.",1
PAT-00267,2024-01-12 09:42:37,92.7,105,37.2,168/116,88,99.6,"Notes restlessness, headaches.",0
PAT-00267,2024-01-13 08:31:21,95.1,96,37.3,162/114,115,99.6,Reports vision issues.,1
PAT-00267,2024-01-14 08:28:11,100.0,101,37.1,143/90,82,99.6,"Today, patient states palpitations.",0
PAT-00267,2024-01-15 09:12:54,96.3,69,36.5,177/117,119,99.6,Patient describes chest tightness.,1
PAT-00267,2024-01-16 08:59:01,94.3,52,37.1,168/105,127,99.6,"Indicates lightheadedness, chest tightness, dry mouth.",1
PAT-00267,2024-01-17 08:24:25,98.5,88,36.3,164/111,91,99.6,Patient notes that vision issues.,0
PAT-00267,2024-01-18 09:34:30,99.9,99,35.9,169/103,73,99.6,"Notes mild coldness, vision issues.",0
PAT-00267,2024-01-19 08:05:30,92.0,52,38.8,125/78,94,99.6,"Notes slow pulse, chills, fever.",0
PAT-00267,2024-01-20 10:56:18,97.2,87,35.7,125/72,138,99.6,"Reports lowered energy, dry mouth.",0
PAT-00267,2024-01-21 10:26:33,95.8,69,36.5,184/118,91,99.6,"Reports chest pain, severe headache. worsening symptoms present.",1
PAT-00267,2024-01-22 09:55:15,95.8,82,36.5,126/74,84,99.6,No symptoms reported. Vitals are within expected range.,0
PAT-00267,2024-01-23 09:22:41,97.6,89,36.6,121/70,88,99.6,Patient is feeling well with all parameters stable.,0
PAT-00267,2024-01-24 08:12:57,93.3,61,36.7,129/85,71,99.6,Patient denies any symptoms or discomfort.,0
PAT-00267,2024-01-25 08:45:17,96.3,52,38.5,128/81,123,99.6,"Notes lightheadedness, headache, fever.",0
PAT-00267,2024-01-26 10:42:14,92.8,98,35.7,139/89,178,99.6,"Today, patient states lowered energy, severe blurred vision, dry mouth, frequent urination. worsening symptoms present.",0
PAT-00267,2024-01-27 09:24:16,99.0,75,35.5,118/83,97,99.6,Reports lowered energy.,0
PAT-00267,2024-01-28 08:00:04,93.7,90,37.3,141/87,96,99.6,No symptoms reported. Vitals are within expected range.,0
PAT-00267,2024-01-29 10:33:05,94.5,71,35.9,128/81,87,99.6,"This morning, mild coldness.",0
PAT-00267,2024-01-30 10:35:33,94.1,73,37.2,122/71,86,99.6,Patient is feeling well with all parameters stable.,0
PAT-00268,2024-01-01 08:15:23,91.9,63,35.5,112/77,121,79.3,"This morning, low energy, lowered energy.",1
PAT-00268,2024-01-02 10:16:36,94.2,99,36.7,141/92,70,79.3,No symptoms reported. Vitals are within expected range.,0
PAT-00268,2024-01-03 09:25:34,95.4,93,35.9,161/102,124,79.3,"Notes mild coldness, chest tightness.",0
PAT-00268,2024-01-04 09:12:03,95.0,58,38.3,113/79,131,79.3,"Indicates muscle aches, chills, blurred vision.",0
PAT-00268,2024-01-05 09:45:21,98.4,60,37.0,118/81,120,79.3,Vitals remain within acceptable limits. No issues noted.,0
PAT-00268,2024-01-06 08:48:41,97.3,66,36.9,130/86,83,79.3,No significant complaints today.,0
PAT-00268,2024-01-07 10:29:25,94.4,55,36.9,144/93,72,79.3,Patient denies any symptoms or discomfort.,0
PAT-00268,2024-01-08 08:26:25,94.3,101,38.6,120/72,125,79.3,"Notes restlessness, chills, headache.",0
PAT-00268,2024-01-09 08:27:03,97.1,93,37.1,125/72,79,79.3,Patient is feeling well with all parameters stable.,0
PAT-00268,2024-01-10 08:52:43,96.9,94,36.8,129/79,110,79.3,No symptoms reported. Vitals are within expected range.,0
PAT-00268,2024-01-11 10:25:45,92.5,85,37.1,120/72,82,79.3,No significant complaints today.,0
PAT-00268,2024-01-12 08:35:42,94.5,60,37.9,140/89,97,79.3,Patient describes mild fever.,0
PAT-00268,2024-01-13 10:14:33,95.0,50,36.6,149/89,94,79.3,Patient describes lightheadedness.,0
PAT-00268,2024-01-14 09:48:39,95.5,102,36.3,113/71,166,79.3,"Indicates anxiety, severe blurred vision, dry mouth, frequent urination. worsening symptoms present.",1
PAT-00268,2024-01-15 10:27:21,96.4,83,36.7,148/86,107,79.3,No symptoms reported. Vitals are within expected range.,0
PAT-00268,2024-01-16 10:56:31,97.8,90,38.2,126/84,86,79.3,"Indicates fever, muscle aches.",0
PAT-00268,2024-01-17 10:37:59,95.4,81,38.5,133/91,97,79.3,"Observes headache, fever.",0
PAT-00268,2024-01-18 09:30:03,98.0,81,37.3,128/83,83,79.3,Patient denies any symptoms or discomfort.,0
PAT-00268,2024-01-19 10:21:07,95.7,103,38.9,147/87,70,79.3,"This morning, palpitations, severe discomfort, muscle aches. worsening symptoms present.",0
PAT-00268,2024-01-20 09:29:39,94.7,69,37.7,111/72,97,79.3,Notes night sweats.,0
PAT-00268,2024-01-21 08:42:23,96.2,90,36.5,110/82,86,79.3,No symptoms reported. Vitals are within expected range.,0
PAT-00268,2024-01-22 08:34:35,95.6,80,39.0,132/86,112,79.3,"Today, patient states headache, severe discomfort. immediate attention may be needed.",1
PAT-00268,2024-01-23 08:35:49,94.2,70,35.7,133/89,119,79.3,Observes lowered energy.,0
PAT-00268,2024-01-24 09:42:06,96.1,82,37.3,122/80,109,79.3,Patient is feeling well with all parameters stable.,0
PAT-00268,2024-01-25 08:06:50,97.1,53,37.2,119/75,169,79.3,"Today, patient states fatigue, severe blurred vision, dry mouth, frequent urination. worsening symptoms present.",1
PAT-00268,2024-01-26 10:24:37,95.3,79,36.4,121/84,103,79.3,Patient denies any symptoms or discomfort.,0
PAT-00268,2024-01-27 09:29:01,96.3,91,37.0,133/91,87,79.3,No significant complaints today.,0
PAT-00268,2024-01-28 08:40:09,96.4,65,37.0,138/95,101,79.3,Patient is feeling well with all parameters stable.,0
PAT-00268,2024-01-29 10:48:28,97.6,107,37.3,129/76,128,79.3,"Reports palpitations, frequent urination.",0
PAT-00268,2024-01-30 10:29:25,94.3,91,36.2,138/85,88,79.3,Patient is feeling well with all parameters stable.,0
PAT-00269,2024-01-01 10:58:27,98.3,94,38.6,148/87,135,89.5,"Indicates muscle aches, severe discomfort, blurred vision. immediate attention may be needed.",1
PAT-00269,2024-01-02 08:54:00,95.2,59,36.8,177/111,106,89.5,Indicates chest tightness.,1
PAT-00269,2024-01-03 08:51:02,97.0,73,36.9,122/84,149,89.5,Patient describes dry mouth.,0
PAT-00269,2024-01-04 10:31:13,97.1,90,37.3,110/77,84,89.5,Patient is feeling well with all parameters stable.,0
PAT-00269,2024-01-05 09:49:16,97.2,55,38.4,111/76,70,89.5,"Notes headache, chills.",1
PAT-00269,2024-01-06 09:59:56,100.0,61,37.0,138/94,122,89.5,Vitals remain within acceptable limits. No issues noted.,0
PAT-00269,2024-01-07 08:37:19,94.4,64,38.8,124/72,163,89.5,"Today, patient states fever, headache, severe blurred vision, dry mouth, frequent urination. immediate attention may be needed.",1
PAT-00269,2024-01-08 10:33:49,97.8,90,35.6,160/101,78,89.5,"Patient describes lowered energy, chest tightness.",1
PAT-00269,2024-01-09 10:33:59,98.9,77,37.9,147/87,76,89.5,Indicates body aches.,0
PAT-00269,2024-01-10 09:00:49,97.0,77,35.9,190/114,85,89.5,"Reports mild coldness, chest pain, severe headache. immediate attention may be needed.",1
PAT-00269,2024-01-11 08:57:47,95.2,69,38.8,135/89,79,89.5,"Patient describes chills, fever.",1
PAT-00269,2024-01-12 08:39:36,99.4,96,37.1,134/86,70,89.5,Vitals remain within acceptable limits. No issues noted.,0
PAT-00269,2024-01-13 09:41:54,96.1,68,37.1,131/85,88,89.5,No significant complaints today.,0
PAT-00269,2024-01-14 10:46:16,96.5,64,36.4,175/100,95,89.5,"Today, patient states vision issues.",0
PAT-00269,2024-01-15 10:54:07,96.1,90,35.8,127/71,77,89.5,"Today, patient states lowered energy.",0
PAT-00269,2024-01-16 09:06:19,93.3,86,36.6,177/117,120,89.5,Patient describes chest tightness.,0
PAT-00269,2024-01-17 10:19:22,96.4,50,35.9,185/117,104,89.5,"Observes fatigue, lowered energy, chest pain, severe headache. worsening symptoms present.",1
PAT-00269,2024-01-18 10:06:38,96.8,90,37.6,145/89,116,89.5,Notes body aches.,0
PAT-00269,2024-01-19 09:16:34,98.2,94,36.7,165/106,105,89.5,Observes vision issues.,0
PAT-00269,2024-01-20 09:10:52,98.2,70,37.9,130/89,83,89.5,Indicates night sweats.,0
PAT-00269,2024-01-21 10:53:47,97.1,105,36.9,139/87,82,89.5,Notes restlessness.,0
PAT-00269,2024-01-22 09:27:50,96.1,92,37.2,114/78,81,89.5,No symptoms reported. Vitals are within expected range.,0
PAT-00269,2024-01-23 08:27:42,97.4,50,36.6,185/103,136,89.5,"Reports slow pulse, chest pain, severe headache, dry mouth. worsening symptoms present.",0
PAT-00269,2024-01-24 08:06:44,94.8,73,36.5,161/114,151,89.5,"Reports chest tightness, severe blurred vision, dry mouth, frequent urination. immediate attention may be needed.",0
PAT-00269,2024-01-25 09:39:41,95.6,89,36.5,115/83,93,89.5,No symptoms reported. Vitals are within expected range.,0
PAT-00269,2024-01-26 09:35:17,96.2,57,36.9,115/70,105,89.5,Vitals remain within acceptable limits. No issues noted.,0
PAT-00269,2024-01-27 08:04:50,94.8,69,35.6,112/71,99,89.5,Notes mild coldness.,0
PAT-00269,2024-01-28 08:37:22,95.6,83,37.4,119/70,121,89.5,Vitals remain within acceptable limits. No issues noted.,0
PAT-00269,2024-01-29 10:44:24,96.7,69,36.6,114/82,93,89.5,Vitals remain within acceptable limits. No issues noted.,0
PAT-00269,2024-01-30 08:49:17,95.7,85,37.0,124/74,95,89.5,Patient is feeling well with all parameters stable.,0
PAT-00270,2024-01-01 08:33:55,96.5,77,38.1,148/92,101,83.2,"Notes headache, fever.",0
PAT-00270,2024-01-02 08:01:13,97.6,74,36.5,119/79,172,83.2,"Patient notes that severe blurred vision, dry mouth, frequent urination. immediate attention may be needed.",1
PAT-00270,2024-01-03 10:39:04,95.7,81,35.6,123/85,76,83.2,"This morning, lowered energy.",0
PAT-00270,2024-01-04 08:16:09,93.0,51,37.1,113/78,127,83.2,"Reports fatigue, frequent urination.",0
PAT-00270,2024-01-05 09:42:24,94.7,86,38.6,169/119,74,83.2,"Patient describes severe discomfort, fever, headaches. immediate attention may be needed.",0
PAT-00270,2024-01-06 08:54:36,96.5,54,36.5,115/84,73,83.2,"Today, patient states slow pulse.",1
PAT-00270,2024-01-07 08:19:31,97.3,50,36.9,173/109,91,83.2,"This morning, slow pulse, vision issues.",1
PAT-00270,2024-01-08 08:20:44,96.6,57,37.9,113/83,93,83.2,Patient describes night sweats.,0
PAT-00270,2024-01-09 09:54:32,96.3,88,35.6,190/118,81,83.2,"Notes mild coldness, chest pain, severe headache. immediate attention may be needed.",0
PAT-00270,2024-01-10 08:40:17,96.3,85,38.8,121/83,79,83.2,"Today, patient states headache, severe discomfort. worsening symptoms present.",0
PAT-00270,2024-01-11 08:52:32,94.4,61,36.2,186/102,134,83.2,"Patient describes chest pain, severe headache, frequent urination. immediate attention may be needed.",0
PAT-00270,2024-01-12 08:22:59,98.6,90,36.6,125/81,90,83.2,Patient denies any symptoms or discomfort.,0
PAT-00270,2024-01-13 09:38:29,98.2,100,35.9,142/92,111,83.2,Notes lowered energy.,0
PAT-00270,2024-01-14 09:31:24,91.8,72,36.6,124/78,88,83.2,Reports low energy.,0
PAT-00270,2024-01-15 10:32:06,92.4,102,36.3,189/118,124,83.2,"Notes anxiety, chest pain, severe headache. worsening symptoms present.",0
PAT-00270,2024-01-16 08:10:19,94.3,94,37.1,115/73,83,83.2,No significant complaints today.,0
PAT-00270,2024-01-17 08:44:08,96.5,87,37.2,139/89,122,83.2,No symptoms reported. Vitals are within expected range.,0
PAT-00270,2024-01-18 09:25:06,100.0,60,37.4,130/89,88,83.2,No significant complaints today.,0
PAT-00270,2024-01-19 10:02:53,96.9,50,37.2,140/93,73,83.2,"Today, patient states slow pulse.",1
PAT-00270,2024-01-20 08:48:18,98.5,72,35.9,148/85,80,83.2,"Today, patient states mild coldness.",0
PAT-00270,2024-01-21 09:13:39,97.2,104,36.2,128/71,101,83.2,Indicates restlessness.,1
PAT-00270,2024-01-22 08:48:16,97.2,62,36.9,110/71,157,83.2,"Patient notes that severe blurred vision, dry mouth, frequent urination. immediate attention may be needed.",0
PAT-00270,2024-01-23 10:21:03,94.0,81,36.0,116/80,78,83.2,No symptoms reported. Vitals are within expected range.,0
PAT-00270,2024-01-24 08:58:27,94.6,98,35.6,111/74,123,83.2,"This morning, lowered energy.",0
PAT-00270,2024-01-25 08:44:52,97.0,61,38.1,127/80,88,83.2,"Today, patient states muscle aches, fever.",0
PAT-00270,2024-01-26 08:09:50,92.3,93,37.1,121/80,118,83.2,Patient denies any symptoms or discomfort.,0
PAT-00270,2024-01-27 10:54:58,94.7,101,36.8,178/105,99,83.2,"Indicates restlessness, chest tightness.",0
PAT-00270,2024-01-28 09:21:20,95.2,89,36.7,116/82,125,83.2,No symptoms reported. Vitals are within expected range.,0
PAT-00270,2024-01-29 10:05:06,96.6,80,36.1,175/100,76,83.2,Patient describes chest tightness.,0
PAT-00270,2024-01-30 08:44:22,96.7,66,37.4,127/76,112,83.2,No significant complaints today.,0
PAT-00271,2024-01-01 09:52:44,93.9,109,36.6,133/92,88,92.9,Reports palpitations.,1
PAT-00271,2024-01-02 09:04:19,93.9,107,35.7,113/72,73,92.9,"Indicates restlessness, lowered energy.",0
PAT-00271,2024-01-03 09:07:07,98.1,75,36.7,117/85,126,92.9,Reports blurred vision.,0
PAT-00271,2024-01-04 10:53:48,95.2,88,36.9,118/81,101,92.9,No significant complaints today.,0
PAT-00271,2024-01-05 09:40:37,94.2,79,35.8,172/114,77,92.9,"Reports mild coldness, chest tightness.",1
PAT-00271,2024-01-06 08:51:55,93.7,51,35.6,115/79,76,92.9,"Observes fatigue, lowered energy.",0
PAT-00271,2024-01-07 08:53:38,95.5,51,35.9,116/82,105,92.9,"Today, patient states lightheadedness, lowered energy.",0
PAT-00271,2024-01-08 09:00:48,99.2,72,36.9,110/72,96,92.9,Vitals remain within acceptable limits. No issues noted.,0
PAT-00271,2024-01-09 10:07:44,93.6,64,38.2,160/110,92,92.9,"Notes severe discomfort, muscle aches, vision issues. immediate attention may be needed.",0
PAT-00271,2024-01-10 09:23:14,95.5,109,36.6,166/113,99,92.9,"Indicates palpitations, chest tightness.",0
PAT-00271,2024-01-11 08:58:12,94.3,87,36.5,181/106,81,92.9,"Today, patient states chest pain, severe headache. immediate attention may be needed.",0
PAT-00271,2024-01-12 10:15:27,96.5,89,37.3,179/108,130,92.9,"Reports headaches, dry mouth.",0
PAT-00271,2024-01-13 10:00:28,95.5,81,36.6,141/91,81,92.9,No significant complaints today.,0
PAT-00271,2024-01-14 09:16:32,98.0,53,38.0,126/83,161,92.9,"This morning, slow pulse, headache, fever, severe blurred vision, dry mouth, frequent urination. immediate attention may be needed.",0
PAT-00271,2024-01-15 10:21:49,95.8,76,38.6,175/119,100,92.9,"Today, patient states muscle aches, fever, headaches.",0
PAT-00271,2024-01-16 10:38:03,95.6,57,35.5,114/78,121,92.9,Observes lowered energy.,0
PAT-00271,2024-01-17 08:24:27,96.3,72,37.2,144/88,103,92.9,Patient denies any symptoms or discomfort.,0
PAT-00271,2024-01-18 10:25:47,99.0,52,37.5,126/82,77,92.9,"Indicates lightheadedness, body aches.",1
PAT-00271,2024-01-19 09:01:07,93.0,81,36.9,132/87,72,92.9,Patient is feeling well with all parameters stable.,0
PAT-00271,2024-01-20 10:22:38,95.1,96,38.1,149/88,88,92.9,"Indicates muscle aches, chills.",1
PAT-00271,2024-01-21 10:52:47,93.4,84,36.6,134/93,98,92.9,No significant complaints today.,0
PAT-00271,2024-01-22 09:23:47,99.6,79,36.7,122/70,79,92.9,Patient is feeling well with all parameters stable.,0
PAT-00271,2024-01-23 10:42:29,95.7,99,36.9,139/92,114,92.9,Vitals remain within acceptable limits. No issues noted.,0
PAT-00271,2024-01-24 09:34:05,95.3,96,36.7,137/90,115,92.9,Patient denies any symptoms or discomfort.,0
PAT-00271,2024-01-25 10:50:09,99.8,68,36.3,119/74,140,92.9,Patient describes dry mouth.,0
PAT-00271,2024-01-26 10:19:13,95.3,108,38.5,117/77,91,92.9,"Observes anxiety, headache, fever.",0
PAT-00271,2024-01-27 09:12:34,98.5,82,36.5,114/77,89,92.9,Patient denies any symptoms or discomfort.,0
PAT-00271,2024-01-28 08:37:18,95.0,57,36.8,126/85,78,92.9,No significant complaints today.,0
PAT-00271,2024-01-29 09:26:45,94.7,60,36.9,182/100,106,92.9,"Reports chest pain, severe headache. worsening symptoms present.",1
PAT-00271,2024-01-30 10:26:32,97.0,56,37.6,171/118,75,92.9,"Notes night sweats, vision issues.",0
PAT-00272,2024-01-01 08:52:40,95.7,95,36.3,149/95,83,67.6,No significant complaints today.,0
PAT-00272,2024-01-02 09:33:53,94.4,88,36.6,134/92,115,67.6,Patient denies any symptoms or discomfort.,0
PAT-00272,2024-01-03 10:46:22,94.5,79,36.5,132/95,73,67.6,No symptoms reported. Vitals are within expected range.,0
PAT-00272,2024-01-04 10:14:25,93.8,69,38.8,139/95,84,67.6,"Reports headache, chills.",1
PAT-00272,2024-01-05 10:18:55,97.6,69,38.0,131/86,95,67.6,"Patient describes muscle aches, headache.",0
PAT-00272,2024-01-06 08:05:43,98.7,78,36.8,142/86,115,67.6,No significant complaints today.,0
PAT-00272,2024-01-07 10:54:34,96.8,64,38.6,126/78,92,67.6,"Indicates muscle aches, chills.",0
PAT-00272,2024-01-08 10:51:32,96.2,87,37.1,130/89,149,67.6,Reports dry mouth.,0
PAT-00272,2024-01-09 10:55:59,96.7,79,37.4,148/90,73,67.6,No symptoms reported. Vitals are within expected range.,0
PAT-00272,2024-01-10 10:52:43,93.0,75,36.4,119/79,95,67.6,No significant complaints today.,0
PAT-00272,2024-01-11 09:48:46,96.7,83,38.9,117/82,80,67.6,"Indicates fever, chills.",1
PAT-00272,2024-01-12 09:02:45,96.9,65,36.9,116/84,94,67.6,Patient is feeling well with all parameters stable.,0
PAT-00272,2024-01-13 09:01:24,99.0,106,37.2,115/73,123,67.6,Patient describes palpitations.,1
PAT-00272,2024-01-14 08:54:23,94.0,106,36.9,113/77,94,67.6,Indicates anxiety.,1
PAT-00272,2024-01-15 10:42:21,95.8,51,37.4,179/113,166,67.6,"Notes lightheadedness, vision issues, severe blurred vision, dry mouth, frequent urination. immediate attention may be needed.",1
PAT-00272,2024-01-16 09:02:23,95.9,71,36.2,126/84,75,67.6,No significant complaints today.,0
PAT-00272,2024-01-17 10:04:50,95.8,108,37.4,181/119,116,67.6,"Patient notes that anxiety, chest pain, severe headache. worsening symptoms present.",0
PAT-00272,2024-01-18 09:10:54,98.3,52,35.7,129/74,89,67.6,"Patient describes fatigue, lowered energy.",0
PAT-00272,2024-01-19 10:37:50,94.5,77,35.7,169/111,87,67.6,"Notes lowered energy, headaches.",1
PAT-00272,2024-01-20 08:20:18,95.5,106,37.2,124/75,96,67.6,Reports anxiety.,0
PAT-00272,2024-01-21 10:42:44,94.3,88,37.8,148/91,84,67.6,"Today, patient states mild fever.",0
PAT-00272,2024-01-22 10:55:43,93.5,67,37.3,124/70,97,67.6,Patient is feeling well with all parameters stable.,0
PAT-00272,2024-01-23 08:13:03,95.8,60,36.2,150/86,84,67.6,Patient denies any symptoms or discomfort.,0
PAT-00272,2024-01-24 10:22:22,93.5,88,37.2,145/91,76,67.6,Patient denies any symptoms or discomfort.,0
PAT-00272,2024-01-25 09:41:53,95.3,93,36.6,122/83,74,67.6,No significant complaints today.,0
PAT-00272,2024-01-26 10:27:40,96.7,57,35.8,118/82,76,67.6,Notes lowered energy.,0
PAT-00272,2024-01-27 08:15:41,94.6,60,36.8,116/83,112,67.6,Patient denies any symptoms or discomfort.,0
PAT-00272,2024-01-28 09:42:45,99.2,61,38.9,134/91,166,67.6,"Reports severe discomfort, headache, severe blurred vision, dry mouth, frequent urination. worsening symptoms present.",0
PAT-00272,2024-01-29 09:59:32,95.0,68,36.7,110/80,77,67.6,Patient denies any symptoms or discomfort.,0
PAT-00272,2024-01-30 10:35:26,96.2,70,36.7,127/80,105,67.6,Patient denies any symptoms or discomfort.,0
PAT-00273,2024-01-01 10:40:30,98.9,72,36.0,113/84,105,94.6,No significant complaints today.,0
PAT-00273,2024-01-02 09:03:00,96.8,67,37.0,119/72,70,94.6,Patient denies any symptoms or discomfort.,0
PAT-00273,2024-01-03 10:11:51,99.1,76,36.7,144/85,96,94.6,No significant complaints today.,0
PAT-00273,2024-01-04 08:30:05,98.3,108,37.3,128/78,91,94.6,Indicates anxiety.,1
PAT-00273,2024-01-05 08:54:01,96.5,59,36.0,125/71,83,94.6,No significant complaints today.,0
PAT-00273,2024-01-06 08:51:44,96.0,75,36.1,112/75,91,94.6,Patient is feeling well with all parameters stable.,0
PAT-00273,2024-01-07 09:26:06,94.8,63,35.9,120/80,90,94.6,"This morning, lowered energy.",0
PAT-00273,2024-01-08 09:40:01,99.0,85,37.3,164/114,87,94.6,"This morning, vision issues.",1
PAT-00273,2024-01-09 09:35:04,94.7,63,36.5,117/70,98,94.6,Patient denies any symptoms or discomfort.,0
PAT-00273,2024-01-10 09:12:07,95.7,62,37.2,143/95,119,94.6,No symptoms reported. Vitals are within expected range.,0
PAT-00273,2024-01-11 09:51:08,98.8,94,36.9,116/78,80,94.6,Patient denies any symptoms or discomfort.,0
PAT-00273,2024-01-12 10:27:01,97.3,105,36.5,112/76,115,94.6,Observes restlessness.,0
PAT-00273,2024-01-13 08:42:55,98.8,107,35.7,131/91,174,94.6,"Patient describes palpitations, lowered energy, severe blurred vision, dry mouth, frequent urination. worsening symptoms present.",0
PAT-00273,2024-01-14 10:56:03,96.3,103,36.5,119/70,81,94.6,Reports palpitations.,0
PAT-00273,2024-01-15 08:35:46,99.3,68,37.2,110/73,121,94.6,No significant complaints today.,0
PAT-00273,2024-01-16 08:29:39,95.9,90,37.2,118/76,116,94.6,No significant complaints today.,0
PAT-00273,2024-01-17 08:06:29,98.3,66,38.7,114/79,83,94.6,"Patient notes that fever, muscle aches.",0
PAT-00273,2024-01-18 09:41:45,97.0,51,36.6,112/77,99,94.6,Reports fatigue.,0
PAT-00273,2024-01-19 10:52:59,96.5,93,38.7,164/113,93,94.6,"Patient notes that severe discomfort, chills, headaches. worsening symptoms present.",1
PAT-00273,2024-01-20 08:20:40,99.0,95,37.5,145/88,117,94.6,Observes mild fever.,0
PAT-00273,2024-01-21 10:20:26,96.7,60,36.6,123/78,110,94.6,Patient denies any symptoms or discomfort.,0
PAT-00273,2024-01-22 10:54:17,95.8,57,37.3,111/76,102,94.6,Vitals remain within acceptable limits. No issues noted.,0
PAT-00273,2024-01-23 10:42:37,93.3,56,38.8,120/73,75,94.6,"Notes chills, muscle aches.",1
PAT-00273,2024-01-24 10:49:38,95.1,68,38.4,179/106,126,94.6,"Notes headache, muscle aches, headaches, dry mouth.",1
PAT-00273,2024-01-25 10:46:03,95.1,95,35.7,137/85,85,94.6,Reports lowered energy.,0
PAT-00273,2024-01-26 09:41:24,95.3,86,38.9,170/101,90,94.6,"Reports chills, headache, chest tightness.",1
PAT-00273,2024-01-27 10:15:28,93.8,73,36.5,129/72,71,94.6,Patient denies any symptoms or discomfort.,0
PAT-00273,2024-01-28 10:38:34,94.6,51,36.7,182/120,174,94.6,"Indicates lightheadedness, chest pain, severe headache, severe blurred vision, dry mouth, frequent urination. worsening symptoms present.",1
PAT-00273,2024-01-29 08:07:02,95.5,54,36.8,124/70,86,94.6,Notes slow pulse.,1
PAT-00273,2024-01-30 09:16:20,97.7,87,37.6,137/95,74,94.6,Observes night sweats.,0
PAT-00274,2024-01-01 08:52:58,94.5,51,37.9,148/95,95,63.8,"Reports fatigue, mild fever.",1
PAT-00274,2024-01-02 09:23:46,97.0,81,35.8,181/104,82,63.8,"This morning, lowered energy, chest pain, severe headache. immediate attention may be needed.",1
PAT-00274,2024-01-03 09:22:05,94.6,69,36.7,123/75,91,63.8,No symptoms reported. Vitals are within expected range.,0
PAT-00274,2024-01-04 08:34:32,96.3,58,38.8,126/85,90,63.8,"Reports headache, muscle aches.",1
PAT-00274,2024-01-05 09:57:28,96.7,65,37.2,115/75,158,63.8,"Patient notes that severe blurred vision, dry mouth, frequent urination. immediate attention may be needed.",0
PAT-00274,2024-01-06 09:50:37,96.2,60,37.7,116/72,96,63.8,"Today, patient states night sweats.",0
PAT-00274,2024-01-07 10:35:04,96.4,83,36.7,111/85,138,63.8,Indicates blurred vision.,0
PAT-00274,2024-01-08 10:54:04,93.3,59,36.4,149/85,77,63.8,Vitals remain within acceptable limits. No issues noted.,0
PAT-00274,2024-01-09 09:15:05,98.3,51,36.4,160/105,178,63.8,"Today, patient states fatigue, vision issues, severe blurred vision, dry mouth, frequent urination. worsening symptoms present.",0
PAT-00274,2024-01-10 10:20:54,99.0,89,35.9,128/77,106,63.8,Patient notes that lowered energy.,0
PAT-00274,2024-01-11 09:42:04,95.3,80,35.6,119/78,71,63.8,Indicates mild coldness.,0
PAT-00274,2024-01-12 09:55:54,96.4,57,37.0,114/77,163,63.8,"Indicates severe blurred vision, dry mouth, frequent urination. worsening symptoms present.",0
PAT-00274,2024-01-13 10:34:05,93.9,63,36.6,126/74,73,63.8,Vitals remain within acceptable limits. No issues noted.,0
PAT-00274,2024-01-14 09:54:49,95.3,84,37.2,111/80,91,63.8,No significant complaints today.,0
PAT-00274,2024-01-15 10:42:40,96.9,104,36.7,111/78,74,63.8,"Today, patient states restlessness.",1
PAT-00274,2024-01-16 09:26:37,96.1,82,36.4,123/85,92,63.8,Patient is feeling well with all parameters stable.,0
PAT-00274,2024-01-17 09:56:17,93.4,59,35.8,122/82,100,63.8,Patient describes lowered energy.,0
PAT-00274,2024-01-18 10:30:13,93.8,90,37.2,125/74,139,63.8,Patient describes frequent urination.,0
PAT-00274,2024-01-19 08:09:07,95.7,72,36.5,187/113,75,63.8,"Observes chest pain, severe headache. worsening symptoms present.",1
PAT-00274,2024-01-20 09:33:40,95.9,84,36.6,182/105,115,63.8,"Today, patient states chest pain, severe headache. immediate attention may be needed.",0
PAT-00274,2024-01-21 10:36:55,99.9,50,36.5,150/89,75,63.8,Patient notes that fatigue.,1
PAT-00274,2024-01-22 09:18:25,98.0,50,36.7,130/82,86,63.8,Patient notes that slow pulse.,1
PAT-00274,2024-01-23 10:38:50,94.1,87,37.7,137/87,72,63.8,Reports body aches.,0
PAT-00274,2024-01-24 10:14:12,97.1,91,36.0,189/108,109,63.8,"This morning, chest pain, severe headache. immediate attention may be needed.",0
PAT-00274,2024-01-25 10:20:13,95.6,69,36.1,127/81,83,63.8,No significant complaints today.,0
PAT-00274,2024-01-26 10:00:18,95.8,69,36.7,123/75,78,63.8,No significant complaints today.,0
PAT-00274,2024-01-27 10:49:48,97.2,110,35.9,119/73,82,63.8,"Observes palpitations, mild coldness.",0
PAT-00274,2024-01-28 10:46:48,95.9,102,38.0,139/86,157,63.8,"Today, patient states palpitations, fever, severe discomfort, severe blurred vision, dry mouth, frequent urination. immediate attention may be needed.",0
PAT-00274,2024-01-29 10:01:16,96.1,57,36.5,168/104,73,63.8,Patient describes chest tightness.,1
PAT-00274,2024-01-30 10:25:01,97.4,101,37.0,187/116,100,63.8,"Patient notes that anxiety, chest pain, severe headache. immediate attention may be needed.",0
PAT-00275,2024-01-01 08:48:08,96.2,107,36.0,128/73,90,63.3,Patient describes restlessness.,0
PAT-00275,2024-01-02 10:32:00,93.8,104,38.5,114/78,135,63.3,"Patient describes palpitations, headache, muscle aches, blurred vision.",1
PAT-00275,2024-01-03 10:44:28,96.3,104,36.8,134/87,82,63.3,Observes anxiety.,0
PAT-00275,2024-01-04 09:59:28,97.2,67,37.1,118/80,116,63.3,No symptoms reported. Vitals are within expected range.,0
PAT-00275,2024-01-05 08:47:20,93.1,82,36.2,131/85,159,63.3,"Patient notes that severe blurred vision, dry mouth, frequent urination. worsening symptoms present.",1
PAT-00275,2024-01-06 09:48:17,99.7,59,36.2,112/79,92,63.3,No significant complaints today.,0
PAT-00275,2024-01-07 08:27:57,97.4,105,36.4,128/75,103,63.3,Indicates palpitations.,1
PAT-00275,2024-01-08 10:54:20,98.4,94,36.5,122/72,85,63.3,Patient denies any symptoms or discomfort.,0
PAT-00275,2024-01-09 09:30:03,95.7,81,37.2,128/83,86,63.3,Vitals remain within acceptable limits. No issues noted.,0
PAT-00275,2024-01-10 08:56:01,94.8,92,36.9,184/113,142,63.3,"Patient notes that chest pain, severe headache, frequent urination. worsening symptoms present.",0
PAT-00275,2024-01-11 09:05:15,94.8,67,37.2,134/95,110,63.3,Patient denies any symptoms or discomfort.,0
PAT-00275,2024-01-12 10:26:13,96.6,68,36.9,147/86,107,63.3,No symptoms reported. Vitals are within expected range.,0
PAT-00275,2024-01-13 09:43:15,98.1,56,38.3,114/81,90,63.3,"Patient notes that headache, fever.",1
PAT-00275,2024-01-14 10:41:46,95.6,79,36.7,117/70,110,63.3,Patient denies any symptoms or discomfort.,0
PAT-00275,2024-01-15 09:44:24,97.0,95,37.1,119/70,78,63.3,Vitals remain within acceptable limits. No issues noted.,0
PAT-00275,2024-01-16 08:01:53,95.5,62,37.3,111/83,121,63.3,Patient denies any symptoms or discomfort.,0
PAT-00275,2024-01-17 09:47:32,98.0,87,36.5,112/82,72,63.3,Patient is feeling well with all parameters stable.,0
PAT-00275,2024-01-18 10:44:34,93.9,56,38.2,120/76,83,63.3,"Notes headache, fever.",0
PAT-00275,2024-01-19 10:04:35,96.3,62,36.7,127/85,117,63.3,No symptoms reported. Vitals are within expected range.,0
PAT-00275,2024-01-20 08:52:29,99.5,54,36.7,136/91,90,63.3,"This morning, lightheadedness.",0
PAT-00275,2024-01-21 09:10:48,96.9,81,37.9,122/73,99,63.3,Reports body aches.,0
PAT-00275,2024-01-22 08:20:52,96.3,82,36.9,115/72,74,63.3,Patient denies any symptoms or discomfort.,0
PAT-00275,2024-01-23 08:50:51,95.4,66,37.0,147/92,106,63.3,No symptoms reported. Vitals are within expected range.,0
PAT-00275,2024-01-24 10:24:02,96.3,85,36.7,117/75,125,63.3,Patient denies any symptoms or discomfort.,0
PAT-00275,2024-01-25 10:22:29,95.6,67,37.0,124/84,81,63.3,No significant complaints today.,0
PAT-00275,2024-01-26 10:06:01,95.2,77,38.1,148/89,81,63.3,"Indicates chills, fever.",0
PAT-00275,2024-01-27 09:38:17,95.6,50,36.8,136/92,82,63.3,Notes fatigue.,0
PAT-00275,2024-01-28 08:15:01,95.1,108,37.3,126/78,93,63.3,Patient notes that restlessness.,0
PAT-00275,2024-01-29 08:52:23,95.7,100,36.8,139/94,92,63.3,Patient is feeling well with all parameters stable.,0
PAT-00275,2024-01-30 08:32:21,94.7,87,36.7,132/89,72,63.3,Vitals remain within acceptable limits. No issues noted.,0
PAT-00276,2024-01-01 10:12:09,95.7,101,36.2,140/93,94,47.2,Reports restlessness.,1
PAT-00276,2024-01-02 10:12:59,94.3,80,36.6,116/70,148,47.2,Reports dry mouth.,0
PAT-00276,2024-01-03 10:57:14,97.7,63,36.9,132/86,121,47.2,Vitals remain within acceptable limits. No issues noted.,0
PAT-00276,2024-01-04 08:13:44,97.6,103,37.0,125/71,86,47.2,Reports palpitations.,0
PAT-00276,2024-01-05 10:55:23,95.0,83,36.0,150/87,173,47.2,"This morning, severe blurred vision, dry mouth, frequent urination. immediate attention may be needed.",0
PAT-00276,2024-01-06 08:04:06,96.8,58,35.6,178/100,118,47.2,"Patient describes mild coldness, vision issues.",1
PAT-00276,2024-01-07 10:36:13,91.3,88,36.7,117/76,101,47.2,Reports low energy.,0
PAT-00276,2024-01-08 10:38:05,93.3,110,37.9,130/83,96,47.2,"Patient describes palpitations, mild fever.",0
PAT-00276,2024-01-09 10:09:35,92.8,78,35.8,123/73,87,47.2,Notes mild coldness.,0
PAT-00276,2024-01-10 09:59:41,95.4,58,36.6,173/105,87,47.2,Patient notes that chest tightness.,1
PAT-00276,2024-01-11 10:00:23,95.0,77,36.5,126/84,85,47.2,Patient denies any symptoms or discomfort.,0
PAT-00276,2024-01-12 08:29:26,95.3,77,38.2,145/94,101,47.2,"Notes chills, muscle aches.",1
PAT-00276,2024-01-13 09:10:59,92.8,96,37.2,130/81,99,47.2,No significant complaints today.,0
PAT-00276,2024-01-14 10:17:01,98.4,82,36.6,128/75,91,47.2,No symptoms reported. Vitals are within expected range.,0
PAT-00276,2024-01-15 08:36:02,98.1,105,36.4,121/78,74,47.2,Notes palpitations.,0
PAT-00276,2024-01-16 10:02:05,91.7,69,36.4,124/82,87,47.2,"Today, patient states low energy.",0
PAT-00276,2024-01-17 08:41:43,93.8,79,37.2,184/103,147,47.2,"Observes chest pain, severe headache, frequent urination. immediate attention may be needed.",0
PAT-00276,2024-01-18 10:24:26,98.0,81,37.7,126/73,78,47.2,"Today, patient states mild fever.",0
PAT-00276,2024-01-19 10:54:16,98.1,100,36.6,118/80,77,47.2,Vitals remain within acceptable limits. No issues noted.,0
PAT-00276,2024-01-20 10:52:56,93.5,86,36.4,116/75,113,47.2,Patient is feeling well with all parameters stable.,0
PAT-00276,2024-01-21 09:22:43,95.2,74,36.2,131/93,91,47.2,No symptoms reported. Vitals are within expected range.,0
PAT-00276,2024-01-22 09:22:53,93.3,88,37.0,178/112,83,47.2,Notes chest tightness.,1
PAT-00276,2024-01-23 09:24:23,94.6,76,36.4,118/71,86,47.2,Vitals remain within acceptable limits. No issues noted.,0
PAT-00276,2024-01-24 08:03:30,96.6,61,37.4,122/73,73,47.2,No symptoms reported. Vitals are within expected range.,0
PAT-00276,2024-01-25 08:10:42,93.8,96,37.3,186/120,80,47.2,"Observes chest pain, severe headache. immediate attention may be needed.",0
PAT-00276,2024-01-26 09:33:21,95.5,101,36.8,135/87,98,47.2,Patient notes that anxiety.,1
PAT-00276,2024-01-27 10:19:18,96.1,66,37.1,123/70,125,47.2,Patient denies any symptoms or discomfort.,0
PAT-00276,2024-01-28 10:51:18,97.9,77,35.6,122/72,117,47.2,Indicates mild coldness.,0
PAT-00276,2024-01-29 09:47:20,98.8,74,37.0,122/74,83,47.2,Vitals remain within acceptable limits. No issues noted.,0
PAT-00276,2024-01-30 10:44:43,98.3,60,37.2,150/85,99,47.2,Patient is feeling well with all parameters stable.,0
PAT-00277,2024-01-01 10:50:03,96.3,97,36.4,123/81,119,54.3,Vitals remain within acceptable limits. No issues noted.,0
PAT-00277,2024-01-02 09:17:27,97.3,104,36.5,118/76,138,54.3,"Indicates restlessness, blurred vision.",1
PAT-00277,2024-01-03 09:21:50,95.3,60,36.6,163/106,106,54.3,Notes chest tightness.,1
PAT-00277,2024-01-04 08:47:05,95.5,105,36.8,114/85,92,54.3,Observes restlessness.,0
PAT-00277,2024-01-05 08:32:32,97.4,101,36.8,167/108,70,54.3,"Reports palpitations, headaches.",1
PAT-00277,2024-01-06 08:07:21,97.6,83,36.8,146/90,97,54.3,Vitals remain within acceptable limits. No issues noted.,0
PAT-00277,2024-01-07 08:57:10,96.0,66,36.9,132/85,84,54.3,Vitals remain within acceptable limits. No issues noted.,0
PAT-00277,2024-01-08 09:32:44,96.8,58,36.7,169/113,74,54.3,Patient notes that chest tightness.,1
PAT-00277,2024-01-09 08:01:47,93.0,51,36.3,112/83,112,54.3,"This morning, slow pulse.",1
PAT-00277,2024-01-10 09:14:47,97.7,69,36.5,111/72,124,54.3,No significant complaints today.,0
PAT-00277,2024-01-11 10:28:51,98.3,82,35.7,124/78,103,54.3,"This morning, mild coldness.",0
PAT-00277,2024-01-12 10:22:57,96.0,85,37.0,113/76,94,54.3,Patient denies any symptoms or discomfort.,0
PAT-00277,2024-01-13 09:33:10,95.5,107,37.1,127/74,114,54.3,"Today, patient states restlessness.",0
PAT-00277,2024-01-14 10:16:27,92.9,53,36.6,171/114,93,54.3,"Observes lightheadedness, vision issues.",1
PAT-00277,2024-01-15 08:20:17,92.5,105,36.2,117/84,79,54.3,Indicates restlessness.,1
PAT-00277,2024-01-16 10:50:28,95.7,52,36.9,124/78,91,54.3,Indicates slow pulse.,1
PAT-00277,2024-01-17 08:07:56,98.0,110,36.7,129/70,154,54.3,"This morning, palpitations, severe blurred vision, dry mouth, frequent urination. immediate attention may be needed.",1
PAT-00277,2024-01-18 09:28:32,96.0,63,37.2,134/86,147,54.3,Notes dry mouth.,0
PAT-00277,2024-01-19 08:53:14,94.9,74,38.3,137/94,91,54.3,"Indicates severe discomfort, headache. worsening symptoms present.",0
PAT-00277,2024-01-20 08:17:43,94.1,63,36.9,118/80,99,54.3,No symptoms reported. Vitals are within expected range.,0
PAT-00277,2024-01-21 08:25:17,93.7,53,36.6,114/77,149,54.3,"Observes slow pulse, blurred vision.",0
PAT-00277,2024-01-22 10:29:28,94.4,55,36.5,120/78,172,54.3,"Notes severe blurred vision, dry mouth, frequent urination. immediate attention may be needed.",1
PAT-00277,2024-01-23 08:18:09,93.0,62,37.7,130/95,89,54.3,Indicates body aches.,0
PAT-00277,2024-01-24 10:33:21,96.9,74,37.4,123/70,72,54.3,Vitals remain within acceptable limits. No issues noted.,0
PAT-00277,2024-01-25 10:24:43,93.5,74,38.7,128/76,118,54.3,"Indicates severe discomfort, chills. worsening symptoms present.",0
PAT-00277,2024-01-26 10:59:12,98.6,72,36.8,130/71,175,54.3,"Indicates severe blurred vision, dry mouth, frequent urination. worsening symptoms present.",1
PAT-00277,2024-01-27 10:02:45,96.6,87,36.1,148/92,123,54.3,No symptoms reported. Vitals are within expected range.,0
PAT-00277,2024-01-28 09:42:57,95.4,83,36.7,148/93,107,54.3,Patient denies any symptoms or discomfort.,0
PAT-00277,2024-01-29 08:56:00,97.1,63,37.9,136/91,104,54.3,Patient describes night sweats.,0
PAT-00277,2024-01-30 08:05:39,95.9,70,36.2,114/82,78,54.3,Vitals remain within acceptable limits. No issues noted.,0
PAT-00278,2024-01-01 09:55:16,96.8,89,38.6,170/113,92,60.9,"Patient notes that chills, severe discomfort, chest tightness. immediate attention may be needed.",0
PAT-00278,2024-01-02 09:41:24,93.4,104,37.2,126/79,86,60.9,Patient describes anxiety.,0
PAT-00278,2024-01-03 09:36:21,97.2,98,37.7,125/79,75,60.9,Patient describes mild fever.,0
PAT-00278,2024-01-04 10:47:09,97.5,53,36.8,119/77,121,60.9,Reports fatigue.,0
PAT-00278,2024-01-05 08:54:45,96.3,69,36.1,116/71,176,60.9,"Reports severe blurred vision, dry mouth, frequent urination. immediate attention may be needed.",1
PAT-00278,2024-01-06 10:29:55,96.1,95,36.9,118/75,87,60.9,No symptoms reported. Vitals are within expected range.,0
PAT-00278,2024-01-07 10:50:36,90.0,72,38.3,179/113,80,60.9,"Indicates dizziness, chills, muscle aches, chest tightness.",0
PAT-00278,2024-01-08 08:11:59,95.7,94,36.7,110/85,134,60.9,Patient notes that blurred vision.,0
PAT-00278,2024-01-09 10:34:40,92.0,89,36.0,111/80,82,60.9,Patient is feeling well with all parameters stable.,0
PAT-00278,2024-01-10 08:09:17,96.9,105,37.6,130/71,77,60.9,"Reports palpitations, body aches.",1
PAT-00278,2024-01-11 10:54:12,95.7,74,37.3,127/70,71,60.9,Patient denies any symptoms or discomfort.,0
PAT-00278,2024-01-12 09:00:39,91.2,60,38.2,123/78,74,60.9,"Patient notes that low energy, chills, muscle aches.",1
PAT-00278,2024-01-13 09:40:37,92.2,53,35.8,135/85,71,60.9,"This morning, slow pulse, mild coldness.",0
PAT-00278,2024-01-14 09:17:43,95.5,85,38.3,182/118,73,60.9,"Observes chills, fever, chest pain, severe headache. worsening symptoms present.",1
PAT-00278,2024-01-15 08:32:23,96.8,70,37.1,145/85,143,60.9,"Today, patient states blurred vision.",0
PAT-00278,2024-01-16 08:51:48,94.8,102,36.7,138/86,81,60.9,Reports palpitations.,1
PAT-00278,2024-01-17 08:10:18,93.3,63,36.6,137/95,92,60.9,Patient denies any symptoms or discomfort.,0
PAT-00278,2024-01-18 09:03:04,95.6,90,37.3,164/107,75,60.9,"This morning, chest tightness.",0
PAT-00278,2024-01-19 08:13:36,97.2,108,37.2,130/74,122,60.9,Patient notes that anxiety.,0
PAT-00278,2024-01-20 10:57:07,98.3,99,36.9,115/85,77,60.9,No symptoms reported. Vitals are within expected range.,0
PAT-00278,2024-01-21 08:08:06,92.7,98,38.9,129/72,82,60.9,"Reports fever, severe discomfort. worsening symptoms present.",1
PAT-00278,2024-01-22 10:21:14,91.2,94,38.9,112/70,110,60.9,"This morning, low energy, headache, muscle aches.",0
PAT-00278,2024-01-23 10:34:05,93.0,85,36.5,119/77,90,60.9,No symptoms reported. Vitals are within expected range.,0
PAT-00278,2024-01-24 10:41:39,97.9,60,36.9,139/86,165,60.9,"Indicates severe blurred vision, dry mouth, frequent urination. worsening symptoms present.",1
PAT-00278,2024-01-25 10:55:05,95.6,105,38.1,143/88,70,60.9,"Reports anxiety, fever, severe discomfort. immediate attention may be needed.",0
PAT-00278,2024-01-26 08:46:07,95.7,86,35.8,123/84,71,60.9,Notes mild coldness.,0
PAT-00278,2024-01-27 08:59:19,98.0,60,36.0,147/93,74,60.9,Vitals remain within acceptable limits. No issues noted.,0
PAT-00278,2024-01-28 09:42:22,94.3,102,37.0,114/70,90,60.9,"Today, patient states palpitations.",0
PAT-00278,2024-01-29 10:31:12,94.5,103,37.4,121/74,90,60.9,"Today, patient states anxiety.",1
PAT-00278,2024-01-30 08:23:40,99.2,94,37.0,161/120,110,60.9,Patient notes that headaches.,1
PAT-00279,2024-01-01 10:29:39,96.0,93,37.2,123/84,102,58.0,Vitals remain within acceptable limits. No issues noted.,0
PAT-00279,2024-01-02 10:19:51,95.3,54,35.7,130/86,77,58.0,"Indicates lightheadedness, lowered energy.",0
PAT-00279,2024-01-03 08:15:41,96.2,83,38.5,115/79,124,58.0,"Patient describes severe discomfort, headache. immediate attention may be needed.",1
PAT-00279,2024-01-04 08:01:25,95.2,77,38.9,123/85,87,58.0,"This morning, headache, fever.",0
PAT-00279,2024-01-05 08:45:43,98.5,90,37.1,114/74,117,58.0,No significant complaints today.,0
PAT-00279,2024-01-06 08:17:00,97.1,94,36.1,122/72,83,58.0,Patient denies any symptoms or discomfort.,0
PAT-00279,2024-01-07 10:16:20,95.7,60,37.1,111/73,110,58.0,Patient is feeling well with all parameters stable.,0
PAT-00279,2024-01-08 08:21:51,94.4,58,37.4,138/93,103,58.0,Vitals remain within acceptable limits. No issues noted.,0
PAT-00279,2024-01-09 08:18:21,91.5,86,36.5,130/75,92,58.0,Reports dizziness.,0
PAT-00279,2024-01-10 09:02:21,95.8,81,37.0,123/79,89,58.0,No symptoms reported. Vitals are within expected range.,0
PAT-00279,2024-01-11 09:09:37,96.5,51,38.5,165/112,88,58.0,"Today, patient states slow pulse, fever, muscle aches, chest tightness.",0
PAT-00279,2024-01-12 09:14:12,96.3,58,36.9,119/76,127,58.0,"This morning, frequent urination.",0
PAT-00279,2024-01-13 09:32:32,94.2,80,37.4,116/76,73,58.0,Patient is feeling well with all parameters stable.,0
PAT-00279,2024-01-14 08:32:21,95.7,94,37.3,111/81,82,58.0,No significant complaints today.,0
PAT-00279,2024-01-15 10:33:00,95.1,66,37.4,118/78,101,58.0,Patient denies any symptoms or discomfort.,0
PAT-00279,2024-01-16 09:27:22,93.7,83,36.8,149/90,72,58.0,No significant complaints today.,0
PAT-00279,2024-01-17 10:15:49,95.2,59,38.3,121/71,78,58.0,"This morning, muscle aches, severe discomfort. worsening symptoms present.",1
PAT-00279,2024-01-18 08:37:23,95.8,98,36.6,170/111,78,58.0,Reports vision issues.,1
PAT-00279,2024-01-19 10:13:04,95.0,51,38.7,144/94,97,58.0,"Notes fatigue, severe discomfort, muscle aches. worsening symptoms present.",0
PAT-00279,2024-01-20 08:53:32,95.5,97,36.5,134/94,120,58.0,Patient denies any symptoms or discomfort.,0
PAT-00279,2024-01-21 09:55:18,92.4,64,38.7,124/83,173,58.0,"Notes chills, fever, severe blurred vision, dry mouth, frequent urination. worsening symptoms present.",0
PAT-00279,2024-01-22 09:52:41,96.9,100,37.3,130/94,95,58.0,Vitals remain within acceptable limits. No issues noted.,0
PAT-00279,2024-01-23 10:41:43,97.6,56,35.5,182/109,72,58.0,"Today, patient states lowered energy, chest pain, severe headache. worsening symptoms present.",0
PAT-00279,2024-01-24 08:32:42,97.1,89,37.1,112/70,93,58.0,Patient denies any symptoms or discomfort.,0
PAT-00279,2024-01-25 08:22:06,95.6,65,37.2,113/73,97,58.0,Vitals remain within acceptable limits. No issues noted.,0
PAT-00279,2024-01-26 08:15:06,95.2,51,36.5,123/82,81,58.0,Observes fatigue.,1
PAT-00279,2024-01-27 10:27:55,93.4,97,36.1,130/85,169,58.0,"Notes severe blurred vision, dry mouth, frequent urination. worsening symptoms present.",0
PAT-00279,2024-01-28 08:12:20,95.3,78,36.4,111/72,81,58.0,No significant complaints today.,0
PAT-00279,2024-01-29 08:29:42,98.1,110,36.3,141/90,92,58.0,Notes restlessness.,1
PAT-00279,2024-01-30 09:59:24,95.7,83,37.2,124/76,80,58.0,Patient denies any symptoms or discomfort.,0
PAT-00280,2024-01-01 08:46:43,94.7,59,36.8,122/74,111,80.7,Vitals remain within acceptable limits. No issues noted.,0
PAT-00280,2024-01-02 09:44:06,95.2,102,36.2,133/91,111,80.7,Observes restlessness.,1
PAT-00280,2024-01-03 09:25:19,93.1,50,36.7,122/76,77,80.7,Patient notes that fatigue.,1
PAT-00280,2024-01-04 09:07:28,97.7,93,35.6,112/71,83,80.7,Indicates lowered energy.,0
PAT-00280,2024-01-05 10:14:39,95.4,88,36.7,115/78,163,80.7,"Observes severe blurred vision, dry mouth, frequent urination. worsening symptoms present.",0
PAT-00280,2024-01-06 08:19:18,95.2,66,37.1,123/75,86,80.7,No symptoms reported. Vitals are within expected range.,0
PAT-00280,2024-01-07 09:26:11,92.7,82,36.8,126/76,85,80.7,Vitals remain within acceptable limits. No issues noted.,0
PAT-00280,2024-01-08 09:40:18,98.3,92,35.8,125/76,140,80.7,"Patient describes mild coldness, dry mouth.",0
PAT-00280,2024-01-09 09:34:27,96.5,105,36.1,122/71,81,80.7,Notes palpitations.,0
PAT-00280,2024-01-10 09:02:13,100.0,55,36.8,189/117,96,80.7,"Reports chest pain, severe headache. immediate attention may be needed.",0
PAT-00280,2024-01-11 10:51:42,98.0,81,38.5,141/89,119,80.7,"Observes severe discomfort, fever. immediate attention may be needed.",0
PAT-00280,2024-01-12 09:24:19,95.6,77,36.7,125/82,100,80.7,Vitals remain within acceptable limits. No issues noted.,0
PAT-00280,2024-01-13 09:19:27,96.0,85,36.7,130/88,97,80.7,Patient is feeling well with all parameters stable.,0
PAT-00280,2024-01-14 10:10:56,98.5,99,36.5,114/83,112,80.7,Patient is feeling well with all parameters stable.,0
PAT-00280,2024-01-15 09:06:58,99.7,59,37.0,130/74,102,80.7,Patient is feeling well with all parameters stable.,0
PAT-00280,2024-01-16 09:24:47,92.2,100,36.5,123/83,84,80.7,Patient denies any symptoms or discomfort.,0
PAT-00280,2024-01-17 08:24:58,93.9,81,37.2,111/85,98,80.7,Vitals remain within acceptable limits. No issues noted.,0
PAT-00280,2024-01-18 10:31:48,99.1,95,36.9,116/83,81,80.7,Vitals remain within acceptable limits. No issues noted.,0
PAT-00280,2024-01-19 08:16:29,96.4,82,37.3,123/83,81,80.7,No symptoms reported. Vitals are within expected range.,0
PAT-00280,2024-01-20 09:16:01,97.0,88,38.0,115/75,151,80.7,"Today, patient states fever, chills, severe blurred vision, dry mouth, frequent urination. immediate attention may be needed.",1
PAT-00280,2024-01-21 10:45:16,95.7,55,36.9,124/75,78,80.7,Patient denies any symptoms or discomfort.,0
PAT-00280,2024-01-22 08:29:27,90.6,68,36.3,127/75,113,80.7,Notes shortness of breath.,0
PAT-00280,2024-01-23 10:04:01,95.2,108,36.7,179/110,167,80.7,"Reports restlessness, vision issues, severe blurred vision, dry mouth, frequent urination. worsening symptoms present.",1
PAT-00280,2024-01-24 08:13:33,93.0,60,35.6,110/85,100,80.7,"Today, patient states mild coldness.",0
PAT-00280,2024-01-25 09:25:48,100.0,73,36.6,125/70,80,80.7,Patient is feeling well with all parameters stable.,0
PAT-00280,2024-01-26 10:53:42,99.1,61,37.2,147/90,72,80.7,Patient denies any symptoms or discomfort.,0
PAT-00280,2024-01-27 10:24:03,92.1,102,39.0,128/82,170,80.7,"Observes palpitations, muscle aches, severe discomfort, severe blurred vision, dry mouth, frequent urination. worsening symptoms present.",0
PAT-00280,2024-01-28 08:04:02,97.6,86,36.9,116/70,87,80.7,No significant complaints today.,0
PAT-00280,2024-01-29 10:24:13,99.9,77,36.6,130/70,99,80.7,No symptoms reported. Vitals are within expected range.,0
PAT-00280,2024-01-30 09:49:17,92.3,93,38.5,122/72,112,80.7,"Today, patient states headache, fever.",0
PAT-00281,2024-01-01 09:12:20,96.5,54,35.5,126/81,106,88.7,"Reports slow pulse, lowered energy.",0
PAT-00281,2024-01-02 08:18:50,97.0,76,37.1,110/70,80,88.7,No significant complaints today.,0
PAT-00281,2024-01-03 10:37:33,97.1,82,37.0,125/81,86,88.7,No symptoms reported. Vitals are within expected range.,0
PAT-00281,2024-01-04 08:19:48,96.1,59,36.2,117/84,102,88.7,Patient denies any symptoms or discomfort.,0
PAT-00281,2024-01-05 10:38:48,97.4,94,38.4,124/77,80,88.7,"Notes muscle aches, severe discomfort. immediate attention may be needed.",1
PAT-00281,2024-01-06 10:57:47,95.3,88,37.2,184/119,70,88.7,"Patient notes that chest pain, severe headache. worsening symptoms present.",0
PAT-00281,2024-01-07 09:58:51,93.3,96,36.5,150/85,73,88.7,Patient is feeling well with all parameters stable.,0
PAT-00281,2024-01-08 09:04:49,93.9,68,38.2,182/111,95,88.7,"Notes headache, chills, chest pain, severe headache. immediate attention may be needed.",0
PAT-00281,2024-01-09 10:25:27,96.7,97,38.6,123/76,71,88.7,"This morning, muscle aches, fever.",0
PAT-00281,2024-01-10 08:26:12,99.8,57,36.0,129/83,77,88.7,Vitals remain within acceptable limits. No issues noted.,0
PAT-00281,2024-01-11 08:12:48,96.1,89,36.6,116/81,82,88.7,Vitals remain within acceptable limits. No issues noted.,0
PAT-00281,2024-01-12 10:48:40,95.7,100,36.5,124/71,172,88.7,"Patient describes severe blurred vision, dry mouth, frequent urination. worsening symptoms present.",1
PAT-00281,2024-01-13 09:43:02,95.1,97,37.1,118/76,73,88.7,Patient is feeling well with all parameters stable.,0
PAT-00281,2024-01-14 10:11:12,94.3,55,36.8,122/75,73,88.7,No significant complaints today.,0
PAT-00281,2024-01-15 08:15:23,94.5,104,37.0,132/87,70,88.7,Indicates restlessness.,1
PAT-00281,2024-01-16 08:52:04,98.4,53,37.3,130/83,100,88.7,"This morning, fatigue.",1
PAT-00281,2024-01-17 09:49:08,96.9,85,38.2,146/92,71,88.7,"Patient notes that chills, muscle aches.",0
PAT-00281,2024-01-18 10:20:56,95.7,97,36.2,113/71,85,88.7,Patient denies any symptoms or discomfort.,0
PAT-00281,2024-01-19 10:03:30,92.8,60,36.7,110/82,71,88.7,Vitals remain within acceptable limits. No issues noted.,0
PAT-00281,2024-01-20 09:16:14,95.3,80,37.6,140/94,124,88.7,Notes mild fever.,0
PAT-00281,2024-01-21 10:59:31,95.4,92,36.8,143/95,133,88.7,Observes dry mouth.,0
PAT-00281,2024-01-22 09:01:26,97.9,81,36.6,132/85,94,88.7,Patient is feeling well with all parameters stable.,0
PAT-00281,2024-01-23 10:10:13,94.6,62,38.7,165/106,70,88.7,"This morning, chills, headache, headaches.",0
PAT-00281,2024-01-24 09:28:14,97.6,91,36.6,147/86,113,88.7,Patient is feeling well with all parameters stable.,0
PAT-00281,2024-01-25 09:01:13,96.3,54,37.2,114/71,82,88.7,Patient notes that lightheadedness.,0
PAT-00281,2024-01-26 10:00:17,99.0,64,37.6,119/80,178,88.7,"Reports mild fever, severe blurred vision, dry mouth, frequent urination. worsening symptoms present.",0
PAT-00281,2024-01-27 10:46:35,91.3,83,36.5,117/75,72,88.7,Notes shortness of breath.,1
PAT-00281,2024-01-28 10:24:31,96.7,77,37.9,121/84,77,88.7,Notes mild fever.,0
PAT-00281,2024-01-29 09:27:59,94.1,102,38.2,176/104,89,88.7,"Indicates palpitations, fever, severe discomfort, vision issues. immediate attention may be needed.",0
PAT-00281,2024-01-30 08:15:57,95.3,106,37.3,124/85,79,88.7,Notes restlessness.,0
PAT-00282,2024-01-01 10:21:01,97.9,76,37.2,126/75,81,69.7,No symptoms reported. Vitals are within expected range.,0
PAT-00282,2024-01-02 09:17:57,97.8,100,35.8,121/78,75,69.7,Patient notes that mild coldness.,0
PAT-00282,2024-01-03 10:30:40,96.7,98,37.1,115/73,129,69.7,Notes frequent urination.,0
PAT-00282,2024-01-04 10:02:22,99.2,99,37.4,144/94,120,69.7,Patient denies any symptoms or discomfort.,0
PAT-00282,2024-01-05 10:32:14,95.5,90,37.3,133/93,174,69.7,"Observes severe blurred vision, dry mouth, frequent urination. worsening symptoms present.",0
PAT-00282,2024-01-06 10:01:49,96.9,104,38.9,121/77,162,69.7,"Observes palpitations, severe discomfort, muscle aches, severe blurred vision, dry mouth, frequent urination. immediate attention may be needed.",0
PAT-00282,2024-01-07 09:50:00,100.0,90,35.5,118/75,85,69.7,"Today, patient states mild coldness.",0
PAT-00282,2024-01-08 09:48:21,99.9,54,37.1,126/79,120,69.7,"Today, patient states lightheadedness.",0
PAT-00282,2024-01-09 10:41:00,95.5,89,36.7,121/76,99,69.7,Patient is feeling well with all parameters stable.,0
PAT-00282,2024-01-10 09:28:50,97.4,89,37.3,130/72,99,69.7,Vitals remain within acceptable limits. No issues noted.,0
PAT-00282,2024-01-11 10:02:16,98.4,84,36.6,124/71,148,69.7,Notes frequent urination.,0
PAT-00282,2024-01-12 08:37:10,93.9,55,36.9,126/75,78,69.7,No significant complaints today.,0
PAT-00282,2024-01-13 10:00:35,96.5,104,37.0,138/90,88,69.7,Reports palpitations.,1
PAT-00282,2024-01-14 10:12:06,99.1,84,36.9,182/101,81,69.7,"Indicates chest pain, severe headache. immediate attention may be needed.",1
PAT-00282,2024-01-15 10:25:51,95.7,79,36.8,183/108,95,69.7,"Observes chest pain, severe headache. immediate attention may be needed.",0
PAT-00282,2024-01-16 09:54:05,96.5,72,37.8,170/115,72,69.7,"Indicates night sweats, chest tightness.",0
PAT-00282,2024-01-17 10:28:48,96.5,69,37.2,113/70,80,69.7,Vitals remain within acceptable limits. No issues noted.,0
PAT-00282,2024-01-18 08:56:08,97.3,103,36.5,188/105,108,69.7,"Today, patient states restlessness, chest pain, severe headache. worsening symptoms present.",1
PAT-00282,2024-01-19 08:11:49,97.8,70,36.0,189/120,85,69.7,"Observes chest pain, severe headache. immediate attention may be needed.",1
PAT-00282,2024-01-20 08:21:30,96.9,77,36.8,172/113,82,69.7,"Today, patient states headaches.",1
PAT-00282,2024-01-21 08:14:58,94.3,94,37.9,113/73,90,69.7,"This morning, body aches.",0
PAT-00282,2024-01-22 10:27:05,98.5,55,37.0,138/92,165,69.7,"Notes severe blurred vision, dry mouth, frequent urination. worsening symptoms present.",0
PAT-00282,2024-01-23 10:45:06,95.4,77,38.6,181/111,72,69.7,"Today, patient states severe discomfort, headache, chest pain, severe headache. worsening symptoms present.",1
PAT-00282,2024-01-24 09:47:26,98.2,90,37.2,114/71,116,69.7,Patient is feeling well with all parameters stable.,0
PAT-00282,2024-01-25 09:07:01,98.4,71,37.1,178/113,70,69.7,"Today, patient states chest tightness.",0
PAT-00282,2024-01-26 10:32:01,93.8,68,37.2,124/77,74,69.7,Patient is feeling well with all parameters stable.,0
PAT-00282,2024-01-27 08:17:12,96.0,105,38.4,140/93,123,69.7,"Observes anxiety, fever, severe discomfort. immediate attention may be needed.",1
PAT-00282,2024-01-28 10:24:58,99.1,59,35.5,124/72,86,69.7,Reports lowered energy.,0
PAT-00282,2024-01-29 10:58:28,98.0,104,37.1,124/73,82,69.7,Reports palpitations.,0
PAT-00282,2024-01-30 10:12:33,93.8,50,37.2,129/82,135,69.7,"Indicates slow pulse, frequent urination.",0
PAT-00283,2024-01-01 09:56:49,97.0,51,36.5,162/116,93,60.3,"This morning, slow pulse, chest tightness.",1
PAT-00283,2024-01-02 10:45:17,98.9,84,36.7,118/71,96,60.3,Vitals remain within acceptable limits. No issues noted.,0
PAT-00283,2024-01-03 10:45:52,95.5,61,37.0,126/77,80,60.3,No significant complaints today.,0
PAT-00283,2024-01-04 10:40:13,94.4,71,35.6,130/79,71,60.3,Notes lowered energy.,0
PAT-00283,2024-01-05 08:19:39,95.0,84,36.5,121/78,99,60.3,Patient denies any symptoms or discomfort.,0
PAT-00283,2024-01-06 09:24:59,98.3,104,36.5,120/83,84,60.3,"Today, patient states restlessness.",0
PAT-00283,2024-01-07 09:26:35,94.8,76,35.7,112/79,110,60.3,"This morning, mild coldness.",0
PAT-00283,2024-01-08 08:55:50,94.0,53,35.7,116/85,76,60.3,"Observes lightheadedness, mild coldness.",0
PAT-00283,2024-01-09 08:33:06,94.6,109,38.8,130/79,79,60.3,"This morning, restlessness, severe discomfort, fever. immediate attention may be needed.",0
PAT-00283,2024-01-10 09:08:50,91.6,74,36.6,117/81,165,60.3,"Reports low energy, severe blurred vision, dry mouth, frequent urination. worsening symptoms present.",1
PAT-00283,2024-01-11 08:05:20,100.0,105,38.5,126/83,96,60.3,"Observes restlessness, muscle aches, chills.",0
PAT-00283,2024-01-12 08:00:50,96.6,90,36.8,120/74,121,60.3,No symptoms reported. Vitals are within expected range.,0
PAT-00283,2024-01-13 08:07:36,92.1,50,38.3,122/75,79,60.3,"Reports fatigue, muscle aches, chills.",0
PAT-00283,2024-01-14 08:55:09,99.1,71,37.2,122/74,142,60.3,"Today, patient states dry mouth.",0
PAT-00283,2024-01-15 08:53:39,94.7,90,36.2,164/101,113,60.3,Patient notes that headaches.,0
PAT-00283,2024-01-16 09:56:41,96.6,89,36.7,130/83,125,60.3,No symptoms reported. Vitals are within expected range.,0
PAT-00283,2024-01-17 08:28:03,96.5,74,36.8,161/102,96,60.3,Patient notes that chest tightness.,1
PAT-00283,2024-01-18 09:30:49,94.6,71,37.2,137/93,98,60.3,No significant complaints today.,0
PAT-00283,2024-01-19 10:28:35,92.6,68,36.5,116/84,72,60.3,Vitals remain within acceptable limits. No issues noted.,0
PAT-00283,2024-01-20 10:49:04,96.8,86,37.1,127/81,122,60.3,Patient denies any symptoms or discomfort.,0
PAT-00283,2024-01-21 08:44:04,98.2,82,38.7,125/72,86,60.3,"Patient notes that severe discomfort, headache. worsening symptoms present.",1
PAT-00283,2024-01-22 10:48:05,96.7,101,36.8,127/73,86,60.3,Observes anxiety.,1
PAT-00283,2024-01-23 10:13:29,96.7,106,36.8,138/85,86,60.3,Indicates anxiety.,0
PAT-00283,2024-01-24 09:30:05,98.9,55,36.6,187/112,105,60.3,"Reports chest pain, severe headache. immediate attention may be needed.",0
PAT-00283,2024-01-25 08:53:01,100.0,68,35.5,125/72,95,60.3,Patient describes lowered energy.,0
PAT-00283,2024-01-26 09:57:27,95.2,76,37.1,120/71,177,60.3,"Patient describes severe blurred vision, dry mouth, frequent urination. immediate attention may be needed.",1
PAT-00283,2024-01-27 09:58:00,94.7,88,35.6,127/83,102,60.3,Observes lowered energy.,0
PAT-00283,2024-01-28 10:05:03,99.4,64,36.6,124/79,75,60.3,Vitals remain within acceptable limits. No issues noted.,0
PAT-00283,2024-01-29 10:12:28,94.7,80,36.5,123/74,98,60.3,No symptoms reported. Vitals are within expected range.,0
PAT-00283,2024-01-30 10:55:57,95.4,98,36.6,175/100,131,60.3,"Patient describes chest tightness, dry mouth.",1
PAT-00284,2024-01-01 09:57:45,98.4,52,38.0,129/74,82,65.0,"Today, patient states fatigue, severe discomfort, chills. immediate attention may be needed.",1
PAT-00284,2024-01-02 08:06:14,96.2,69,36.7,114/73,108,65.0,Vitals remain within acceptable limits. No issues noted.,0
PAT-00284,2024-01-03 08:01:09,98.1,82,36.6,178/116,82,65.0,Reports chest tightness.,0
PAT-00284,2024-01-04 08:12:07,92.7,59,38.4,142/93,87,65.0,"Patient notes that muscle aches, chills.",1
PAT-00284,2024-01-05 08:47:22,95.0,89,36.3,176/105,121,65.0,"Today, patient states headaches.",1
PAT-00284,2024-01-06 10:18:28,97.4,76,35.9,146/93,104,65.0,Patient notes that lowered energy.,0
PAT-00284,2024-01-07 08:38:33,98.4,75,38.2,127/73,123,65.0,"Reports chills, severe discomfort. worsening symptoms present.",0
PAT-00284,2024-01-08 08:12:48,96.2,52,36.9,147/93,136,65.0,"This morning, slow pulse, blurred vision.",0
PAT-00284,2024-01-09 09:20:19,95.9,62,38.3,116/85,71,65.0,"Notes muscle aches, severe discomfort. worsening symptoms present.",1
PAT-00284,2024-01-10 08:51:59,96.2,70,35.6,139/92,80,65.0,"Today, patient states lowered energy.",0
PAT-00284,2024-01-11 08:58:12,95.4,73,38.3,129/71,177,65.0,"This morning, headache, fever, severe blurred vision, dry mouth, frequent urination. worsening symptoms present.",0
PAT-00284,2024-01-12 09:37:39,96.8,90,37.3,113/78,91,65.0,No symptoms reported. Vitals are within expected range.,0
PAT-00284,2024-01-13 10:30:55,95.1,51,35.8,125/84,116,65.0,"Indicates slow pulse, lowered energy.",0
PAT-00284,2024-01-14 10:13:44,98.4,102,36.3,189/100,70,65.0,"Patient notes that restlessness, chest pain, severe headache. worsening symptoms present.",0
PAT-00284,2024-01-15 09:21:31,92.0,59,37.2,169/104,85,65.0,"Today, patient states headaches.",1
PAT-00284,2024-01-16 09:13:10,90.0,102,37.3,128/81,138,65.0,"Notes dizziness, palpitations, dry mouth.",0
PAT-00284,2024-01-17 09:46:07,95.5,65,36.5,115/82,99,65.0,No symptoms reported. Vitals are within expected range.,0
PAT-00284,2024-01-18 09:41:56,97.6,60,37.7,137/91,119,65.0,Patient describes mild fever.,0
PAT-00284,2024-01-19 08:49:09,97.6,101,36.6,182/116,81,65.0,"Notes palpitations, chest pain, severe headache. worsening symptoms present.",0
PAT-00284,2024-01-20 08:08:38,98.1,57,37.0,130/93,118,65.0,Patient is feeling well with all parameters stable.,0
PAT-00284,2024-01-21 10:50:45,94.5,109,38.7,125/70,83,65.0,"Reports anxiety, muscle aches, fever.",0
PAT-00284,2024-01-22 09:17:35,94.1,78,36.9,172/115,117,65.0,Observes chest tightness.,1
PAT-00284,2024-01-23 09:24:38,95.3,64,37.2,118/82,72,65.0,No significant complaints today.,0
PAT-00284,2024-01-24 10:58:36,94.7,80,36.7,149/95,141,65.0,Patient describes blurred vision.,0
PAT-00284,2024-01-25 09:49:31,96.2,79,37.1,169/100,80,65.0,Patient notes that chest tightness.,1
PAT-00284,2024-01-26 09:37:17,95.1,79,37.2,110/83,94,65.0,Patient is feeling well with all parameters stable.,0
PAT-00284,2024-01-27 09:26:40,96.7,85,37.0,115/84,70,65.0,No symptoms reported. Vitals are within expected range.,0
PAT-00284,2024-01-28 08:42:23,95.4,50,35.9,111/73,115,65.0,"Today, patient states lightheadedness, lowered energy.",0
PAT-00284,2024-01-29 10:56:06,96.7,104,37.9,145/89,100,65.0,"Notes anxiety, body aches.",1
PAT-00284,2024-01-30 09:23:42,93.9,96,35.7,162/103,81,65.0,"Reports lowered energy, headaches.",0
PAT-00285,2024-01-01 08:47:15,95.2,60,37.0,178/116,104,59.4,"Today, patient states vision issues.",0
PAT-00285,2024-01-02 09:00:02,95.8,108,36.6,124/78,103,59.4,Observes anxiety.,0
PAT-00285,2024-01-03 08:49:35,94.6,60,37.9,145/90,115,59.4,Indicates mild fever.,0
PAT-00285,2024-01-04 10:49:43,96.9,53,36.1,131/95,84,59.4,Patient notes that fatigue.,0
PAT-00285,2024-01-05 10:26:52,96.8,80,36.2,163/112,110,59.4,Notes vision issues.,0
PAT-00285,2024-01-06 08:53:00,92.8,61,35.9,183/119,106,59.4,"This morning, mild coldness, chest pain, severe headache. immediate attention may be needed.",0
PAT-00285,2024-01-07 09:25:11,96.1,60,35.7,143/95,83,59.4,"This morning, lowered energy.",0
PAT-00285,2024-01-08 10:15:26,93.7,84,36.9,112/79,92,59.4,No symptoms reported. Vitals are within expected range.,0
PAT-00285,2024-01-09 08:54:32,93.3,95,38.2,129/82,76,59.4,"This morning, severe discomfort, fever. immediate attention may be needed.",0
PAT-00285,2024-01-10 10:55:41,94.9,83,36.9,114/71,77,59.4,No significant complaints today.,0
PAT-00285,2024-01-11 08:40:56,94.7,65,37.3,115/83,146,59.4,Reports frequent urination.,0
PAT-00285,2024-01-12 09:29:11,96.1,78,37.9,130/75,81,59.4,"Today, patient states night sweats.",0
PAT-00285,2024-01-13 09:33:06,97.2,64,36.2,117/70,146,59.4,"Today, patient states frequent urination.",0
PAT-00285,2024-01-14 09:08:27,97.3,61,37.3,111/72,90,59.4,Patient denies any symptoms or discomfort.,0
PAT-00285,2024-01-15 10:06:56,94.0,52,36.6,117/70,115,59.4,Patient describes lightheadedness.,1
PAT-00285,2024-01-16 08:40:09,100.0,65,35.8,132/87,108,59.4,Observes mild coldness.,0
PAT-00285,2024-01-17 08:52:06,96.4,91,37.3,162/101,114,59.4,Notes vision issues.,0
PAT-00285,2024-01-18 08:46:22,96.3,91,37.1,111/72,72,59.4,No symptoms reported. Vitals are within expected range.,0
PAT-00285,2024-01-19 09:32:01,94.6,76,38.4,141/95,73,59.4,"Patient notes that fever, severe discomfort. immediate attention may be needed.",0
PAT-00285,2024-01-20 10:19:06,97.6,65,37.0,115/80,71,59.4,No symptoms reported. Vitals are within expected range.,0
PAT-00285,2024-01-21 08:57:32,99.0,104,38.1,120/71,159,59.4,"Patient describes palpitations, headache, severe discomfort, severe blurred vision, dry mouth, frequent urination. immediate attention may be needed.",1
PAT-00285,2024-01-22 08:37:31,95.3,97,38.1,147/85,84,59.4,"Notes severe discomfort, fever. worsening symptoms present.",1
PAT-00285,2024-01-23 08:31:58,93.6,93,36.8,179/102,101,59.4,Patient notes that headaches.,0
PAT-00285,2024-01-24 08:16:24,95.1,82,37.0,147/93,125,59.4,Vitals remain within acceptable limits. No issues noted.,0
PAT-00285,2024-01-25 09:48:26,97.7,51,36.1,131/94,81,59.4,"Today, patient states slow pulse.",0
PAT-00285,2024-01-26 09:34:46,97.8,67,35.8,170/119,102,59.4,"Patient notes that mild coldness, headaches.",0
PAT-00285,2024-01-27 09:47:11,96.6,99,36.7,125/71,81,59.4,Patient is feeling well with all parameters stable.,0
PAT-00285,2024-01-28 10:12:46,95.1,81,38.3,119/85,80,59.4,"Indicates fever, severe discomfort. worsening symptoms present.",0
PAT-00285,2024-01-29 09:46:26,95.9,96,36.2,130/82,99,59.4,No symptoms reported. Vitals are within expected range.,0
PAT-00285,2024-01-30 10:59:40,100.0,81,36.3,121/80,116,59.4,No symptoms reported. Vitals are within expected range.,0
PAT-00286,2024-01-01 10:23:22,94.6,74,36.3,145/86,85,57.3,Vitals remain within acceptable limits. No issues noted.,0
PAT-00286,2024-01-02 09:23:30,98.3,73,37.2,123/74,99,57.3,No symptoms reported. Vitals are within expected range.,0
PAT-00286,2024-01-03 08:54:51,94.3,102,37.0,113/71,79,57.3,Patient describes palpitations.,0
PAT-00286,2024-01-04 09:13:58,93.5,101,35.6,117/82,86,57.3,"Patient notes that palpitations, mild coldness.",0
PAT-00286,2024-01-05 09:34:01,94.7,60,36.0,144/95,117,57.3,No symptoms reported. Vitals are within expected range.,0
PAT-00286,2024-01-06 09:38:00,97.3,91,37.2,126/80,77,57.3,Vitals remain within acceptable limits. No issues noted.,0
PAT-00286,2024-01-07 09:20:03,96.4,57,35.8,119/73,78,57.3,Notes lowered energy.,0
PAT-00286,2024-01-08 10:16:17,97.2,103,37.1,129/75,112,57.3,"This morning, restlessness.",0
PAT-00286,2024-01-09 08:38:57,94.7,101,36.6,133/94,92,57.3,Reports anxiety.,0
PAT-00286,2024-01-10 08:34:56,91.3,89,37.8,117/76,78,57.3,"Notes low energy, body aches.",1
PAT-00286,2024-01-11 09:58:21,94.5,95,36.0,128/75,84,57.3,Vitals remain within acceptable limits. No issues noted.,0
PAT-00286,2024-01-12 10:29:05,97.3,66,37.7,171/117,89,57.3,"Observes body aches, vision issues.",0
PAT-00286,2024-01-13 09:01:03,97.4,62,37.9,136/86,133,57.3,"Indicates mild fever, frequent urination.",0
PAT-00286,2024-01-14 08:51:34,96.0,75,35.6,181/119,95,57.3,"This morning, lowered energy, chest pain, severe headache. worsening symptoms present.",0
PAT-00286,2024-01-15 08:03:36,98.8,50,37.3,124/85,104,57.3,Notes fatigue.,1
PAT-00286,2024-01-16 08:38:41,96.3,90,36.2,123/75,90,57.3,No symptoms reported. Vitals are within expected range.,0
PAT-00286,2024-01-17 10:49:17,98.0,103,37.0,182/112,91,57.3,"Patient describes restlessness, chest pain, severe headache. immediate attention may be needed.",0
PAT-00286,2024-01-18 08:26:33,99.4,78,36.4,110/75,96,57.3,No significant complaints today.,0
PAT-00286,2024-01-19 10:10:55,93.3,106,37.3,126/84,106,57.3,Notes restlessness.,0
PAT-00286,2024-01-20 10:00:16,96.0,88,37.0,113/70,75,57.3,No symptoms reported. Vitals are within expected range.,0
PAT-00286,2024-01-21 09:43:49,95.9,90,36.8,113/85,84,57.3,Patient is feeling well with all parameters stable.,0
PAT-00286,2024-01-22 09:36:40,98.3,57,35.9,117/71,88,57.3,Patient notes that mild coldness.,0
PAT-00286,2024-01-23 08:48:03,94.3,63,35.9,128/75,110,57.3,Observes mild coldness.,0
PAT-00286,2024-01-24 08:16:33,97.7,101,36.2,183/110,71,57.3,"Today, patient states palpitations, chest pain, severe headache. immediate attention may be needed.",1
PAT-00286,2024-01-25 09:58:48,97.9,84,38.1,119/78,96,57.3,"Patient notes that headache, fever.",0
PAT-00286,2024-01-26 09:03:13,94.2,86,37.2,175/103,80,57.3,Patient describes vision issues.,0
PAT-00286,2024-01-27 09:35:32,97.5,53,37.0,126/74,83,57.3,"This morning, slow pulse.",1
PAT-00286,2024-01-28 08:09:02,97.1,94,37.1,113/80,95,57.3,Vitals remain within acceptable limits. No issues noted.,0
PAT-00286,2024-01-29 08:03:30,99.1,81,37.1,123/85,88,57.3,Vitals remain within acceptable limits. No issues noted.,0
PAT-00286,2024-01-30 09:43:29,95.0,93,36.1,183/116,83,57.3,"Indicates chest pain, severe headache. immediate attention may be needed.",0
PAT-00287,2024-01-01 08:51:01,97.5,73,37.7,149/92,77,91.0,Patient notes that night sweats.,0
PAT-00287,2024-01-02 10:28:51,95.6,82,36.7,150/94,78,91.0,Patient is feeling well with all parameters stable.,0
PAT-00287,2024-01-03 08:40:22,88.7,63,38.8,113/70,120,91.0,"Indicates severe shortness of breath, dizziness, severe discomfort, fever. worsening symptoms present.",0
PAT-00287,2024-01-04 08:14:21,92.9,87,36.9,144/86,165,91.0,"Patient describes severe blurred vision, dry mouth, frequent urination. worsening symptoms present.",0
PAT-00287,2024-01-05 08:44:49,97.5,73,37.4,123/73,85,91.0,No significant complaints today.,0
PAT-00287,2024-01-06 10:32:05,95.4,106,37.3,126/77,125,91.0,Observes restlessness.,0
PAT-00287,2024-01-07 09:04:41,96.7,82,36.5,174/102,134,91.0,"Patient describes headaches, dry mouth.",0
PAT-00287,2024-01-08 09:34:16,97.8,59,37.3,166/119,73,91.0,Indicates vision issues.,0
PAT-00287,2024-01-09 08:53:53,95.6,103,36.9,118/71,95,91.0,"Today, patient states anxiety.",1
PAT-00287,2024-01-10 10:17:19,99.0,96,36.6,118/71,75,91.0,No significant complaints today.,0
PAT-00287,2024-01-11 10:38:05,94.0,61,37.7,126/84,114,91.0,Indicates mild fever.,0
PAT-00287,2024-01-12 09:24:46,97.8,97,35.8,120/85,88,91.0,"Today, patient states mild coldness.",0
PAT-00287,2024-01-13 10:04:34,96.0,103,37.8,126/76,136,91.0,"Today, patient states palpitations, mild fever, dry mouth.",0
PAT-00287,2024-01-14 10:25:21,95.9,88,37.1,139/88,114,91.0,No symptoms reported. Vitals are within expected range.,0
PAT-00287,2024-01-15 08:08:25,100.0,85,35.5,149/94,75,91.0,"This morning, lowered energy.",0
PAT-00287,2024-01-16 10:58:28,96.2,73,37.1,132/94,124,91.0,No significant complaints today.,0
PAT-00287,2024-01-17 10:31:30,98.1,80,38.8,122/71,103,91.0,"Patient describes chills, fever.",0
PAT-00287,2024-01-18 10:59:27,96.5,64,36.6,118/81,106,91.0,No symptoms reported. Vitals are within expected range.,0
PAT-00287,2024-01-19 09:48:31,97.7,63,35.8,127/74,175,91.0,"Patient notes that lowered energy, severe blurred vision, dry mouth, frequent urination. immediate attention may be needed.",0
PAT-00287,2024-01-20 09:07:44,100.0,90,37.3,142/93,78,91.0,Vitals remain within acceptable limits. No issues noted.,0
PAT-00287,2024-01-21 09:22:54,96.5,56,35.6,121/78,71,91.0,"This morning, lowered energy.",0
PAT-00287,2024-01-22 10:05:41,97.1,61,37.8,166/114,78,91.0,"Today, patient states body aches, headaches.",1
PAT-00287,2024-01-23 09:26:31,92.9,62,36.0,165/102,122,91.0,Notes chest tightness.,0
PAT-00287,2024-01-24 10:54:28,95.3,73,36.2,130/79,72,91.0,No significant complaints today.,0
PAT-00287,2024-01-25 09:53:55,92.9,94,36.2,113/77,99,91.0,Patient denies any symptoms or discomfort.,0
PAT-00287,2024-01-26 08:15:37,94.2,72,37.4,146/88,177,91.0,"Patient describes severe blurred vision, dry mouth, frequent urination. immediate attention may be needed.",0
PAT-00287,2024-01-27 10:10:36,98.2,74,36.7,143/92,93,91.0,Patient is feeling well with all parameters stable.,0
PAT-00287,2024-01-28 08:31:51,97.1,92,37.2,150/86,76,91.0,No symptoms reported. Vitals are within expected range.,0
PAT-00287,2024-01-29 10:45:14,95.7,66,35.9,123/83,159,91.0,"Notes lowered energy, severe blurred vision, dry mouth, frequent urination. worsening symptoms present.",1
PAT-00287,2024-01-30 09:35:13,97.1,73,36.8,125/85,108,91.0,Vitals remain within acceptable limits. No issues noted.,0
PAT-00288,2024-01-01 08:10:18,98.1,100,37.2,144/86,118,89.0,No significant complaints today.,0
PAT-00288,2024-01-02 09:36:48,96.5,90,36.7,123/78,85,89.0,Vitals remain within acceptable limits. No issues noted.,0
PAT-00288,2024-01-03 10:25:02,98.0,68,37.1,112/75,98,89.0,Vitals remain within acceptable limits. No issues noted.,0
PAT-00288,2024-01-04 09:07:31,93.8,62,37.0,122/79,108,89.0,Patient is feeling well with all parameters stable.,0
PAT-00288,2024-01-05 10:35:12,95.0,78,36.6,122/76,96,89.0,No significant complaints today.,0
PAT-00288,2024-01-06 09:02:57,95.1,60,36.7,169/105,88,89.0,Patient notes that vision issues.,1
PAT-00288,2024-01-07 10:45:17,96.6,105,36.8,190/103,136,89.0,"Indicates palpitations, chest pain, severe headache, blurred vision. immediate attention may be needed.",1
PAT-00288,2024-01-08 08:24:35,95.9,61,36.8,177/101,82,89.0,"This morning, vision issues.",0
PAT-00288,2024-01-09 08:39:40,97.7,109,36.8,125/84,82,89.0,Indicates anxiety.,0
PAT-00288,2024-01-10 08:08:39,94.6,78,37.1,178/117,107,89.0,Reports vision issues.,1
PAT-00288,2024-01-11 10:21:38,94.2,108,35.9,131/90,116,89.0,"Reports anxiety, lowered energy.",0
PAT-00288,2024-01-12 10:48:45,99.2,54,37.0,176/105,78,89.0,"Reports fatigue, headaches.",1
PAT-00288,2024-01-13 10:33:00,97.6,86,37.3,117/78,82,89.0,No symptoms reported. Vitals are within expected range.,0
PAT-00288,2024-01-14 10:01:27,95.9,51,37.7,123/76,87,89.0,"Today, patient states fatigue, night sweats.",0
PAT-00288,2024-01-15 08:48:44,95.1,72,36.9,167/115,180,89.0,"Indicates chest tightness, severe blurred vision, dry mouth, frequent urination. immediate attention may be needed.",0
PAT-00288,2024-01-16 10:23:02,97.5,107,36.4,114/74,112,89.0,Observes palpitations.,0
PAT-00288,2024-01-17 08:21:18,94.5,102,35.9,139/94,86,89.0,"Reports restlessness, mild coldness.",0
PAT-00288,2024-01-18 08:52:19,95.9,91,37.3,110/72,84,89.0,No significant complaints today.,0
PAT-00288,2024-01-19 08:18:37,95.9,81,37.0,167/110,114,89.0,Reports vision issues.,1
PAT-00288,2024-01-20 08:30:31,95.8,60,36.6,132/90,77,89.0,Patient denies any symptoms or discomfort.,0
PAT-00288,2024-01-21 09:38:59,97.3,52,38.6,127/77,96,89.0,"This morning, slow pulse, chills, fever.",0
PAT-00288,2024-01-22 10:43:07,93.3,92,36.0,180/117,115,89.0,Patient describes headaches.,1
PAT-00288,2024-01-23 09:16:14,96.1,84,38.6,114/82,75,89.0,"Today, patient states severe discomfort, muscle aches. immediate attention may be needed.",0
PAT-00288,2024-01-24 08:42:31,98.9,102,37.8,111/76,110,89.0,"This morning, restlessness, night sweats.",1
PAT-00288,2024-01-25 09:57:09,95.4,99,36.9,125/75,180,89.0,"This morning, severe blurred vision, dry mouth, frequent urination. immediate attention may be needed.",1
PAT-00288,2024-01-26 09:18:59,96.4,75,37.1,114/77,167,89.0,"Today, patient states severe blurred vision, dry mouth, frequent urination. immediate attention may be needed.",0
PAT-00288,2024-01-27 10:15:10,98.5,80,36.9,122/71,94,89.0,Patient is feeling well with all parameters stable.,0
PAT-00288,2024-01-28 08:09:42,98.0,74,37.2,120/82,73,89.0,No significant complaints today.,0
PAT-00288,2024-01-29 10:13:19,95.8,81,37.0,138/95,99,89.0,Vitals remain within acceptable limits. No issues noted.,0
PAT-00288,2024-01-30 08:01:39,93.6,86,36.0,146/86,93,89.0,Patient denies any symptoms or discomfort.,0
PAT-00289,2024-01-01 10:59:09,94.8,99,37.4,114/78,133,56.0,Observes blurred vision.,0
PAT-00289,2024-01-02 09:51:38,97.8,105,38.9,171/105,104,56.0,"Patient describes anxiety, severe discomfort, chills, chest tightness. worsening symptoms present.",1
PAT-00289,2024-01-03 08:37:31,96.8,98,37.3,129/71,96,56.0,Patient denies any symptoms or discomfort.,0
PAT-00289,2024-01-04 08:39:14,96.3,73,38.8,124/84,117,56.0,"Notes muscle aches, fever.",1
PAT-00289,2024-01-05 09:17:49,95.0,83,36.2,129/79,79,56.0,No significant complaints today.,0
PAT-00289,2024-01-06 08:50:38,96.4,88,37.3,130/84,99,56.0,Vitals remain within acceptable limits. No issues noted.,0
PAT-00289,2024-01-07 08:27:35,95.0,66,38.7,165/107,76,56.0,"Indicates muscle aches, chills, chest tightness.",0
PAT-00289,2024-01-08 09:44:28,95.3,60,36.7,130/77,85,56.0,No symptoms reported. Vitals are within expected range.,0
PAT-00289,2024-01-09 08:38:12,95.6,88,36.0,132/86,112,56.0,Patient is feeling well with all parameters stable.,0
PAT-00289,2024-01-10 08:09:55,94.9,103,37.2,118/81,112,56.0,Observes anxiety.,0
PAT-00289,2024-01-11 09:53:28,97.5,61,35.9,121/85,73,56.0,Reports lowered energy.,0
PAT-00289,2024-01-12 10:05:41,95.4,58,35.7,167/107,95,56.0,"Patient notes that mild coldness, chest tightness.",0
PAT-00289,2024-01-13 10:41:51,95.3,71,38.3,120/70,73,56.0,"Notes chills, muscle aches.",0
PAT-00289,2024-01-14 08:45:46,97.1,97,36.7,118/72,72,56.0,Vitals remain within acceptable limits. No issues noted.,0
PAT-00289,2024-01-15 08:52:42,96.7,52,38.5,160/120,90,56.0,"Indicates lightheadedness, chills, fever, chest tightness.",0
PAT-00289,2024-01-16 10:11:54,97.1,94,36.9,150/91,175,56.0,"Patient describes severe blurred vision, dry mouth, frequent urination. worsening symptoms present.",0
PAT-00289,2024-01-17 09:34:25,98.0,80,36.7,147/95,113,56.0,Patient is feeling well with all parameters stable.,0
PAT-00289,2024-01-18 08:48:30,98.9,60,37.7,129/83,95,56.0,Observes night sweats.,0
PAT-00289,2024-01-19 10:47:39,96.1,106,36.9,144/90,83,56.0,Reports anxiety.,0
PAT-00289,2024-01-20 10:36:48,97.6,70,35.6,128/72,72,56.0,"This morning, mild coldness.",0
PAT-00289,2024-01-21 10:19:37,96.2,80,36.6,116/76,80,56.0,Patient denies any symptoms or discomfort.,0
PAT-00289,2024-01-22 08:09:59,97.8,57,36.9,141/88,104,56.0,Patient denies any symptoms or discomfort.,0
PAT-00289,2024-01-23 09:54:32,96.4,83,36.9,172/106,97,56.0,"This morning, vision issues.",0
PAT-00289,2024-01-24 08:54:15,91.8,83,35.8,130/91,110,56.0,"This morning, shortness of breath, mild coldness.",0
PAT-00289,2024-01-25 10:25:58,93.7,86,37.2,149/86,178,56.0,"Reports severe blurred vision, dry mouth, frequent urination. worsening symptoms present.",0
PAT-00289,2024-01-26 09:24:19,94.7,88,35.8,113/72,147,56.0,"Observes mild coldness, frequent urination.",0
PAT-00289,2024-01-27 10:49:42,96.9,98,36.6,189/113,95,56.0,"Patient notes that chest pain, severe headache. worsening symptoms present.",0
PAT-00289,2024-01-28 08:12:39,97.9,73,38.4,121/85,87,56.0,"Patient describes chills, headache.",0
PAT-00289,2024-01-29 08:00:18,98.7,57,35.8,130/88,75,56.0,Observes mild coldness.,0
PAT-00289,2024-01-30 08:52:33,93.6,106,37.2,127/79,97,56.0,"Today, patient states anxiety.",0
PAT-00290,2024-01-01 08:12:44,96.7,98,36.6,149/92,77,80.7,No symptoms reported. Vitals are within expected range.,0
PAT-00290,2024-01-02 09:13:35,97.3,106,37.3,146/95,121,80.7,"Today, patient states anxiety.",0
PAT-00290,2024-01-03 08:39:45,95.0,50,35.9,139/89,75,80.7,"Today, patient states slow pulse, mild coldness.",0
PAT-00290,2024-01-04 08:27:02,100.0,84,37.8,112/70,121,80.7,Indicates body aches.,0
PAT-00290,2024-01-05 10:39:40,93.1,96,36.2,147/87,72,80.7,No symptoms reported. Vitals are within expected range.,0
PAT-00290,2024-01-06 08:06:23,92.6,84,36.7,133/85,99,80.7,No symptoms reported. Vitals are within expected range.,0
PAT-00290,2024-01-07 10:38:31,95.3,58,37.2,139/94,85,80.7,No significant complaints today.,0
PAT-00290,2024-01-08 10:40:09,97.4,82,36.9,111/84,91,80.7,Vitals remain within acceptable limits. No issues noted.,0
PAT-00290,2024-01-09 09:42:52,97.0,97,38.5,113/71,71,80.7,"Patient notes that severe discomfort, muscle aches. immediate attention may be needed.",1
PAT-00290,2024-01-10 10:46:54,92.2,85,36.0,130/78,104,80.7,Patient is feeling well with all parameters stable.,0
PAT-00290,2024-01-11 09:20:47,99.4,97,35.7,115/85,72,80.7,Indicates lowered energy.,0
PAT-00290,2024-01-12 08:41:43,94.0,101,37.1,110/85,150,80.7,"Today, patient states palpitations, severe blurred vision, dry mouth, frequent urination. immediate attention may be needed.",0
PAT-00290,2024-01-13 08:49:29,92.2,89,37.0,190/111,71,80.7,"Notes chest pain, severe headache. worsening symptoms present.",0
PAT-00290,2024-01-14 09:32:14,94.5,62,37.2,125/79,93,80.7,Vitals remain within acceptable limits. No issues noted.,0
PAT-00290,2024-01-15 08:51:04,95.9,72,38.8,112/83,92,80.7,"Observes severe discomfort, headache. immediate attention may be needed.",0
PAT-00290,2024-01-16 08:59:31,96.3,66,36.7,174/105,74,80.7,Patient notes that vision issues.,0
PAT-00290,2024-01-17 10:16:33,97.6,67,38.3,142/88,119,80.7,"Patient describes fever, headache.",0
PAT-00290,2024-01-18 08:50:32,97.9,59,37.3,127/73,70,80.7,Patient denies any symptoms or discomfort.,0
PAT-00290,2024-01-19 09:52:28,95.7,107,36.3,126/74,75,80.7,"Today, patient states anxiety.",0
PAT-00290,2024-01-20 08:43:54,95.7,55,35.8,126/83,74,80.7,Notes mild coldness.,0
PAT-00290,2024-01-21 08:42:08,96.8,67,37.8,119/74,74,80.7,Notes night sweats.,0
PAT-00290,2024-01-22 08:16:40,95.0,98,36.6,114/76,100,80.7,Vitals remain within acceptable limits. No issues noted.,0
PAT-00290,2024-01-23 09:50:21,95.2,57,37.1,174/113,70,80.7,Observes vision issues.,0
PAT-00290,2024-01-24 10:09:22,94.8,93,35.9,125/78,77,80.7,"This morning, lowered energy.",0
PAT-00290,2024-01-25 10:19:15,96.4,109,37.2,177/116,99,80.7,"Patient describes anxiety, chest tightness.",1
PAT-00290,2024-01-26 08:27:38,96.0,103,37.1,118/82,83,80.7,Patient describes anxiety.,1
PAT-00290,2024-01-27 08:52:53,95.9,72,38.7,127/85,109,80.7,"Reports severe discomfort, muscle aches. worsening symptoms present.",1
PAT-00290,2024-01-28 08:28:52,95.5,103,36.5,143/86,74,80.7,Indicates restlessness.,0
PAT-00290,2024-01-29 10:24:58,94.1,110,37.4,127/80,95,80.7,Indicates anxiety.,0
PAT-00290,2024-01-30 09:50:27,93.1,78,36.8,115/83,111,80.7,Patient is feeling well with all parameters stable.,0
PAT-00291,2024-01-01 10:10:30,96.2,86,36.7,124/79,83,97.3,Patient denies any symptoms or discomfort.,0
PAT-00291,2024-01-02 08:21:45,96.0,54,36.5,185/110,84,97.3,"Today, patient states fatigue, chest pain, severe headache. immediate attention may be needed.",0
PAT-00291,2024-01-03 09:42:35,95.3,65,37.9,131/85,73,97.3,Indicates mild fever.,0
PAT-00291,2024-01-04 10:15:23,97.7,89,36.9,115/72,77,97.3,Patient is feeling well with all parameters stable.,0
PAT-00291,2024-01-05 10:16:11,95.2,91,36.7,119/83,93,97.3,Patient is feeling well with all parameters stable.,0
PAT-00291,2024-01-06 09:10:04,97.8,110,36.9,145/95,101,97.3,Indicates restlessness.,0
PAT-00291,2024-01-07 09:29:36,93.7,58,36.4,116/71,125,97.3,Patient is feeling well with all parameters stable.,0
PAT-00291,2024-01-08 10:47:03,90.9,66,37.3,111/78,106,97.3,Patient describes shortness of breath.,0
PAT-00291,2024-01-09 09:29:36,94.4,50,36.9,183/100,90,97.3,"This morning, lightheadedness, chest pain, severe headache. worsening symptoms present.",1
PAT-00291,2024-01-10 09:56:12,98.1,95,36.7,137/93,87,97.3,No symptoms reported. Vitals are within expected range.,0
PAT-00291,2024-01-11 10:39:21,95.7,71,36.5,170/100,99,97.3,"This morning, headaches.",0
PAT-00291,2024-01-12 10:07:03,93.7,72,37.3,116/72,89,97.3,No significant complaints today.,0
PAT-00291,2024-01-13 09:47:34,94.8,61,37.1,143/91,84,97.3,No significant complaints today.,0
PAT-00291,2024-01-14 10:27:08,97.1,80,36.9,129/71,91,97.3,No significant complaints today.,0
PAT-00291,2024-01-15 08:25:22,94.5,62,36.6,134/91,110,97.3,Vitals remain within acceptable limits. No issues noted.,0
PAT-00291,2024-01-16 08:30:02,92.3,98,35.6,115/72,125,97.3,Reports lowered energy.,0
PAT-00291,2024-01-17 08:35:28,98.2,57,35.6,190/116,115,97.3,"Patient describes mild coldness, chest pain, severe headache. immediate attention may be needed.",0
PAT-00291,2024-01-18 10:21:17,99.7,89,36.9,121/71,83,97.3,No significant complaints today.,0
PAT-00291,2024-01-19 10:30:25,97.6,97,36.8,116/73,75,97.3,No significant complaints today.,0
PAT-00291,2024-01-20 09:41:12,95.1,60,37.8,116/83,101,97.3,"This morning, night sweats.",0
PAT-00291,2024-01-21 09:26:03,98.9,64,38.4,150/85,120,97.3,"Indicates headache, fever.",1
PAT-00291,2024-01-22 08:57:25,96.4,103,36.6,127/71,107,97.3,Observes palpitations.,1
PAT-00291,2024-01-23 10:28:27,94.0,90,36.5,124/70,143,97.3,Observes dry mouth.,0
PAT-00291,2024-01-24 09:21:37,94.6,84,35.9,117/72,118,97.3,"Today, patient states lowered energy.",0
PAT-00291,2024-01-25 09:39:45,94.2,59,36.9,112/82,72,97.3,Patient denies any symptoms or discomfort.,0
PAT-00291,2024-01-26 08:11:50,96.9,107,36.7,144/94,122,97.3,"This morning, anxiety.",0
PAT-00291,2024-01-27 08:08:20,98.2,70,35.8,140/92,98,97.3,Reports lowered energy.,0
PAT-00291,2024-01-28 09:46:22,94.2,80,37.3,131/93,90,97.3,Vitals remain within acceptable limits. No issues noted.,0
PAT-00291,2024-01-29 09:01:14,95.1,73,36.5,167/108,70,97.3,Reports vision issues.,1
PAT-00291,2024-01-30 09:56:05,95.0,103,37.1,148/88,73,97.3,"Today, patient states palpitations.",1
PAT-00292,2024-01-01 08:18:20,98.4,95,37.4,147/85,78,50.7,Patient is feeling well with all parameters stable.,0
PAT-00292,2024-01-02 08:47:48,96.4,102,37.8,118/78,78,50.7,"Reports restlessness, body aches.",0
PAT-00292,2024-01-03 10:17:26,92.8,89,37.0,113/80,98,50.7,Patient denies any symptoms or discomfort.,0
PAT-00292,2024-01-04 09:35:07,95.9,70,38.8,129/73,81,50.7,"Notes headache, severe discomfort. worsening symptoms present.",0
PAT-00292,2024-01-05 08:40:31,97.2,82,38.0,148/89,88,50.7,"Patient describes fever, headache.",1
PAT-00292,2024-01-06 10:46:34,99.6,51,36.9,134/90,114,50.7,Observes lightheadedness.,0
PAT-00292,2024-01-07 10:39:33,97.3,95,37.7,114/78,99,50.7,Indicates body aches.,0
PAT-00292,2024-01-08 09:03:26,96.2,105,36.4,171/119,82,50.7,"Patient describes restlessness, chest tightness.",1
PAT-00292,2024-01-09 10:01:11,97.3,86,36.5,133/95,88,50.7,Patient denies any symptoms or discomfort.,0
PAT-00292,2024-01-10 09:58:49,95.2,56,37.2,139/95,84,50.7,No significant complaints today.,0
PAT-00292,2024-01-11 10:35:26,97.4,90,36.7,132/91,80,50.7,No symptoms reported. Vitals are within expected range.,0
PAT-00292,2024-01-12 08:19:27,99.1,73,38.3,114/80,83,50.7,"Reports severe discomfort, muscle aches. immediate attention may be needed.",0
PAT-00292,2024-01-13 09:04:27,97.3,94,36.3,176/120,100,50.7,Observes chest tightness.,0
PAT-00292,2024-01-14 09:11:58,93.4,94,38.3,126/79,85,50.7,"Indicates muscle aches, headache.",0
PAT-00292,2024-01-15 08:13:27,94.9,90,37.3,126/72,89,50.7,Patient denies any symptoms or discomfort.,0
PAT-00292,2024-01-16 08:41:17,97.5,98,37.3,183/112,77,50.7,"Patient notes that chest pain, severe headache. worsening symptoms present.",0
PAT-00292,2024-01-17 08:52:02,96.0,83,36.8,130/74,99,50.7,Patient is feeling well with all parameters stable.,0
PAT-00292,2024-01-18 10:05:28,95.7,63,36.8,138/86,103,50.7,No symptoms reported. Vitals are within expected range.,0
PAT-00292,2024-01-19 08:39:02,95.3,55,37.1,126/79,72,50.7,Vitals remain within acceptable limits. No issues noted.,0
PAT-00292,2024-01-20 10:40:46,93.5,95,36.8,172/120,97,50.7,"Today, patient states vision issues.",1
PAT-00292,2024-01-21 08:44:19,98.9,78,37.2,118/83,70,50.7,Patient denies any symptoms or discomfort.,0
PAT-00292,2024-01-22 08:46:32,98.0,52,37.1,149/90,104,50.7,"Today, patient states lightheadedness.",0
PAT-00292,2024-01-23 09:10:08,96.7,65,38.2,189/119,106,50.7,"Notes fever, severe discomfort, chest pain, severe headache. worsening symptoms present.",1
PAT-00292,2024-01-24 08:05:05,96.0,71,36.0,119/85,118,50.7,No symptoms reported. Vitals are within expected range.,0
PAT-00292,2024-01-25 09:55:39,94.1,83,37.2,130/77,72,50.7,No symptoms reported. Vitals are within expected range.,0
PAT-00292,2024-01-26 09:42:02,96.3,70,37.4,117/80,125,50.7,Patient is feeling well with all parameters stable.,0
PAT-00292,2024-01-27 10:10:57,96.9,76,36.5,168/111,179,50.7,"Reports vision issues, severe blurred vision, dry mouth, frequent urination. worsening symptoms present.",0
PAT-00292,2024-01-28 10:42:48,95.1,78,37.3,116/84,92,50.7,Patient is feeling well with all parameters stable.,0
PAT-00292,2024-01-29 08:00:28,99.3,69,36.9,178/102,142,50.7,"Observes vision issues, dry mouth.",0
PAT-00292,2024-01-30 08:28:13,98.3,60,37.2,110/75,101,50.7,Patient denies any symptoms or discomfort.,0
PAT-00293,2024-01-01 10:56:31,93.2,61,37.4,123/76,104,68.2,No significant complaints today.,0
PAT-00293,2024-01-02 08:05:07,94.5,72,37.2,115/70,72,68.2,Patient denies any symptoms or discomfort.,0
PAT-00293,2024-01-03 08:59:56,96.6,74,37.3,117/75,99,68.2,Patient denies any symptoms or discomfort.,0
PAT-00293,2024-01-04 09:56:23,96.3,80,35.7,130/71,84,68.2,"This morning, lowered energy.",0
PAT-00293,2024-01-05 10:39:01,99.8,73,37.1,173/111,120,68.2,Patient notes that chest tightness.,0
PAT-00293,2024-01-06 09:14:17,94.7,90,37.1,131/87,153,68.2,"Indicates severe blurred vision, dry mouth, frequent urination. immediate attention may be needed.",1
PAT-00293,2024-01-07 08:29:08,97.3,85,37.2,124/84,110,68.2,Patient denies any symptoms or discomfort.,0
PAT-00293,2024-01-08 10:59:21,94.0,98,38.4,116/72,92,68.2,"Reports headache, fever.",0
PAT-00293,2024-01-09 10:33:07,95.2,88,35.6,138/87,120,68.2,Patient notes that mild coldness.,0
PAT-00293,2024-01-10 10:59:15,95.3,61,36.3,189/100,144,68.2,"Notes chest pain, severe headache, frequent urination. worsening symptoms present.",0
PAT-00293,2024-01-11 08:57:37,97.4,98,38.5,123/84,82,68.2,"Observes fever, headache.",1
PAT-00293,2024-01-12 08:34:23,98.0,57,36.9,131/85,102,68.2,Patient denies any symptoms or discomfort.,0
PAT-00293,2024-01-13 08:03:59,97.2,105,36.7,117/84,87,68.2,Observes anxiety.,0
PAT-00293,2024-01-14 09:42:57,94.3,57,37.4,113/80,110,68.2,Patient is feeling well with all parameters stable.,0
PAT-00293,2024-01-15 10:02:12,96.4,54,36.5,132/95,77,68.2,Observes slow pulse.,0
PAT-00293,2024-01-16 08:29:24,95.8,105,35.7,130/77,90,68.2,"Indicates restlessness, mild coldness.",1
PAT-00293,2024-01-17 10:51:45,99.3,90,38.3,122/76,111,68.2,"Reports severe discomfort, chills. immediate attention may be needed.",1
PAT-00293,2024-01-18 08:44:23,96.3,62,38.0,111/70,89,68.2,"This morning, severe discomfort, fever. worsening symptoms present.",0
PAT-00293,2024-01-19 10:33:11,95.3,98,38.6,176/113,73,68.2,"Patient describes chills, fever, chest tightness.",0
PAT-00293,2024-01-20 09:58:33,94.7,90,37.3,144/92,97,68.2,No symptoms reported. Vitals are within expected range.,0
PAT-00293,2024-01-21 10:05:10,98.0,61,36.2,118/80,179,68.2,"Today, patient states severe blurred vision, dry mouth, frequent urination. worsening symptoms present.",1
PAT-00293,2024-01-22 10:23:38,99.0,56,36.7,117/79,80,68.2,No significant complaints today.,0
PAT-00293,2024-01-23 10:17:55,99.4,72,36.0,127/73,165,68.2,"Observes severe blurred vision, dry mouth, frequent urination. immediate attention may be needed.",1
PAT-00293,2024-01-24 08:57:52,97.3,91,37.3,110/76,154,68.2,"Today, patient states severe blurred vision, dry mouth, frequent urination. immediate attention may be needed.",1
PAT-00293,2024-01-25 09:49:55,96.7,81,36.8,121/85,174,68.2,"Patient describes severe blurred vision, dry mouth, frequent urination. worsening symptoms present.",1
PAT-00293,2024-01-26 09:04:44,96.3,77,36.7,130/92,85,68.2,Patient is feeling well with all parameters stable.,0
PAT-00293,2024-01-27 09:33:11,92.5,73,37.6,112/79,92,68.2,Notes body aches.,0
PAT-00293,2024-01-28 09:23:28,95.8,101,36.9,137/86,129,68.2,"Observes palpitations, blurred vision.",1
PAT-00293,2024-01-29 10:38:45,93.2,74,36.7,139/87,156,68.2,"Patient notes that severe blurred vision, dry mouth, frequent urination. immediate attention may be needed.",0
PAT-00293,2024-01-30 08:17:33,94.6,59,36.5,132/87,81,68.2,Patient is feeling well with all parameters stable.,0
PAT-00294,2024-01-01 10:06:43,97.3,102,36.8,141/88,95,61.7,Indicates anxiety.,1
PAT-00294,2024-01-02 09:28:16,97.0,50,38.3,112/80,87,61.7,"Notes slow pulse, headache, severe discomfort. worsening symptoms present.",0
PAT-00294,2024-01-03 08:28:51,95.4,52,35.7,121/78,147,61.7,"This morning, lightheadedness, mild coldness, frequent urination.",1
PAT-00294,2024-01-04 08:12:02,95.0,106,37.0,148/86,134,61.7,"Notes palpitations, frequent urination.",0
PAT-00294,2024-01-05 09:06:47,96.1,70,37.7,111/73,71,61.7,"Today, patient states mild fever.",0
PAT-00294,2024-01-06 08:19:42,95.1,52,38.2,128/71,71,61.7,"Reports slow pulse, muscle aches, fever.",0
PAT-00294,2024-01-07 09:52:46,96.2,54,36.8,179/120,103,61.7,"Today, patient states slow pulse, chest tightness.",1
PAT-00294,2024-01-08 10:23:52,96.1,63,36.8,133/85,163,61.7,"Observes severe blurred vision, dry mouth, frequent urination. worsening symptoms present.",0
PAT-00294,2024-01-09 10:28:01,97.5,81,37.7,135/89,89,61.7,Reports mild fever.,0
PAT-00294,2024-01-10 10:55:38,94.7,97,36.8,185/109,93,61.7,"Indicates chest pain, severe headache. worsening symptoms present.",0
PAT-00294,2024-01-11 09:29:26,95.1,64,36.3,129/85,108,61.7,Vitals remain within acceptable limits. No issues noted.,0
PAT-00294,2024-01-12 10:13:58,95.0,60,37.3,182/114,74,61.7,"Reports chest pain, severe headache. worsening symptoms present.",1
PAT-00294,2024-01-13 10:57:31,96.1,107,36.7,115/72,120,61.7,"This morning, anxiety.",1
PAT-00294,2024-01-14 08:45:51,97.9,91,36.3,122/78,97,61.7,No significant complaints today.,0
PAT-00294,2024-01-15 08:34:31,95.7,53,36.0,119/81,121,61.7,Observes fatigue.,1
PAT-00294,2024-01-16 09:32:54,95.2,104,36.4,116/73,72,61.7,"Today, patient states palpitations.",0
PAT-00294,2024-01-17 10:39:11,96.9,55,37.0,127/82,85,61.7,No significant complaints today.,0
PAT-00294,2024-01-18 09:50:58,95.3,69,36.7,169/107,103,61.7,"This morning, chest tightness.",0
PAT-00294,2024-01-19 08:55:47,92.8,71,37.5,122/72,76,61.7,"This morning, night sweats.",0
PAT-00294,2024-01-20 08:42:46,97.3,52,36.1,129/71,171,61.7,"Observes fatigue, severe blurred vision, dry mouth, frequent urination. immediate attention may be needed.",1
PAT-00294,2024-01-21 10:18:24,92.8,81,38.2,144/89,71,61.7,"Notes headache, chills.",0
PAT-00294,2024-01-22 10:59:55,95.8,50,35.7,113/85,89,61.7,"Reports slow pulse, lowered energy.",0
PAT-00294,2024-01-23 09:59:38,93.9,89,35.7,130/93,125,61.7,Reports lowered energy.,0
PAT-00294,2024-01-24 10:10:31,91.4,74,36.6,133/86,148,61.7,"Indicates low energy, blurred vision.",1
PAT-00294,2024-01-25 08:29:40,97.9,83,36.0,116/83,102,61.7,Patient is feeling well with all parameters stable.,0
PAT-00294,2024-01-26 08:19:03,94.6,85,38.2,122/77,94,61.7,"Today, patient states chills, severe discomfort. immediate attention may be needed.",1
PAT-00294,2024-01-27 10:32:06,97.9,60,36.3,148/92,118,61.7,No symptoms reported. Vitals are within expected range.,0
PAT-00294,2024-01-28 08:13:01,93.2,57,36.5,137/91,150,61.7,"Reports severe blurred vision, dry mouth, frequent urination. worsening symptoms present.",0
PAT-00294,2024-01-29 10:45:25,95.2,57,36.1,188/103,118,61.7,"Indicates chest pain, severe headache. worsening symptoms present.",0
PAT-00294,2024-01-30 09:50:38,94.3,104,37.4,126/72,82,61.7,Observes palpitations.,1
PAT-00295,2024-01-01 08:48:17,92.0,92,36.8,123/75,152,96.2,"Patient notes that severe blurred vision, dry mouth, frequent urination. worsening symptoms present.",0
PAT-00295,2024-01-02 08:03:28,96.1,66,37.0,115/73,177,96.2,"This morning, severe blurred vision, dry mouth, frequent urination. immediate attention may be needed.",0
PAT-00295,2024-01-03 10:46:59,95.6,64,37.3,112/81,133,96.2,Indicates frequent urination.,0
PAT-00295,2024-01-04 08:38:53,97.1,72,37.6,114/84,107,96.2,Observes mild fever.,0
PAT-00295,2024-01-05 09:36:39,98.6,52,36.4,147/89,74,96.2,Indicates fatigue.,0
PAT-00295,2024-01-06 10:05:52,98.1,57,36.2,176/108,70,96.2,Notes headaches.,1
PAT-00295,2024-01-07 10:07:08,99.6,90,37.6,123/73,74,96.2,Observes body aches.,0
PAT-00295,2024-01-08 09:56:15,96.0,75,38.9,110/73,78,96.2,"Indicates muscle aches, headache.",1
PAT-00295,2024-01-09 10:44:23,98.5,58,38.0,130/74,94,96.2,"This morning, headache, fever.",0
PAT-00295,2024-01-10 10:32:14,98.1,96,36.8,148/95,118,96.2,Patient denies any symptoms or discomfort.,0
PAT-00295,2024-01-11 09:56:46,96.9,81,37.1,128/76,83,96.2,No significant complaints today.,0
PAT-00295,2024-01-12 08:07:20,97.6,62,38.8,112/74,92,96.2,"Patient describes headache, fever.",0
PAT-00295,2024-01-13 08:46:08,100.0,76,37.0,114/85,115,96.2,Vitals remain within acceptable limits. No issues noted.,0
PAT-00295,2024-01-14 10:58:22,95.4,96,37.3,129/76,115,96.2,Vitals remain within acceptable limits. No issues noted.,0
PAT-00295,2024-01-15 08:51:10,94.9,103,36.9,119/75,113,96.2,Observes anxiety.,0
PAT-00295,2024-01-16 09:13:01,97.9,62,37.8,118/74,178,96.2,"Patient notes that mild fever, severe blurred vision, dry mouth, frequent urination. worsening symptoms present.",0
PAT-00295,2024-01-17 09:43:39,94.1,98,36.8,137/89,71,96.2,No symptoms reported. Vitals are within expected range.,0
PAT-00295,2024-01-18 10:47:57,95.8,83,37.4,142/87,94,96.2,Vitals remain within acceptable limits. No issues noted.,0
PAT-00295,2024-01-19 09:16:30,98.5,76,37.3,119/83,70,96.2,Vitals remain within acceptable limits. No issues noted.,0
PAT-00295,2024-01-20 09:07:14,99.2,92,37.1,110/82,82,96.2,No symptoms reported. Vitals are within expected range.,0
PAT-00295,2024-01-21 10:09:39,95.1,82,38.6,125/74,89,96.2,"Reports muscle aches, severe discomfort. immediate attention may be needed.",1
PAT-00295,2024-01-22 10:22:55,95.8,73,36.1,110/71,130,96.2,Notes frequent urination.,0
PAT-00295,2024-01-23 08:25:35,96.1,92,38.3,111/83,120,96.2,"Patient describes muscle aches, severe discomfort. worsening symptoms present.",0
PAT-00295,2024-01-24 10:25:53,95.4,96,38.0,181/104,113,96.2,"Indicates chills, severe discomfort, chest pain, severe headache. immediate attention may be needed.",0
PAT-00295,2024-01-25 09:47:53,98.8,80,35.9,119/76,74,96.2,Observes mild coldness.,0
PAT-00295,2024-01-26 08:30:35,95.2,98,36.5,142/87,109,96.2,Vitals remain within acceptable limits. No issues noted.,0
PAT-00295,2024-01-27 10:33:13,94.0,57,37.2,120/78,122,96.2,Patient denies any symptoms or discomfort.,0
PAT-00295,2024-01-28 09:54:44,99.0,91,35.6,114/76,94,96.2,Indicates mild coldness.,0
PAT-00295,2024-01-29 08:02:47,96.5,70,36.7,142/89,71,96.2,Vitals remain within acceptable limits. No issues noted.,0
PAT-00295,2024-01-30 09:19:06,97.7,101,38.8,126/82,157,96.2,"Notes anxiety, muscle aches, chills, severe blurred vision, dry mouth, frequent urination. worsening symptoms present.",1
PAT-00296,2024-01-01 10:34:31,92.3,98,36.6,113/80,94,65.2,No symptoms reported. Vitals are within expected range.,0
PAT-00296,2024-01-02 09:21:31,91.1,103,37.1,138/89,118,65.2,"Today, patient states dizziness, anxiety.",1
PAT-00296,2024-01-03 10:11:06,91.2,69,36.0,127/73,88,65.2,Notes dizziness.,1
PAT-00296,2024-01-04 09:45:57,95.2,91,35.8,119/76,151,65.2,"Notes lowered energy, severe blurred vision, dry mouth, frequent urination. worsening symptoms present.",0
PAT-00296,2024-01-05 08:37:04,96.3,56,36.7,131/85,90,65.2,Patient is feeling well with all parameters stable.,0
PAT-00296,2024-01-06 08:27:43,97.0,70,36.2,123/85,98,65.2,Vitals remain within acceptable limits. No issues noted.,0
PAT-00296,2024-01-07 09:08:19,96.8,67,36.5,118/73,98,65.2,Patient denies any symptoms or discomfort.,0
PAT-00296,2024-01-08 10:04:54,97.1,69,36.6,126/71,117,65.2,No significant complaints today.,0
PAT-00296,2024-01-09 10:41:59,93.7,58,36.8,122/73,79,65.2,Patient denies any symptoms or discomfort.,0
PAT-00296,2024-01-10 08:42:52,95.6,89,38.2,133/86,97,65.2,"Observes severe discomfort, chills. worsening symptoms present.",0
PAT-00296,2024-01-11 09:30:17,93.3,92,36.6,135/87,171,65.2,"Indicates severe blurred vision, dry mouth, frequent urination. immediate attention may be needed.",1
PAT-00296,2024-01-12 08:43:16,97.3,68,36.6,119/85,95,65.2,Patient denies any symptoms or discomfort.,0
PAT-00296,2024-01-13 09:36:18,98.8,81,36.1,162/107,98,65.2,Patient describes vision issues.,1
PAT-00296,2024-01-14 10:03:32,93.1,89,37.1,123/74,122,65.2,No significant complaints today.,0
PAT-00296,2024-01-15 10:44:20,91.3,80,38.7,175/103,79,65.2,"Today, patient states shortness of breath, headache, fever, vision issues.",0
PAT-00296,2024-01-16 10:05:46,98.0,95,36.4,132/87,80,65.2,Patient is feeling well with all parameters stable.,0
PAT-00296,2024-01-17 09:13:40,100.0,64,37.3,139/86,105,65.2,Vitals remain within acceptable limits. No issues noted.,0
PAT-00296,2024-01-18 09:44:11,94.8,90,36.8,111/83,117,65.2,Vitals remain within acceptable limits. No issues noted.,0
PAT-00296,2024-01-19 09:50:48,99.0,91,36.5,149/85,122,65.2,Patient denies any symptoms or discomfort.,0
PAT-00296,2024-01-20 10:21:50,94.1,69,36.9,112/72,96,65.2,No symptoms reported. Vitals are within expected range.,0
PAT-00296,2024-01-21 10:08:01,97.7,51,37.1,141/85,135,65.2,"Patient notes that fatigue, blurred vision.",1
PAT-00296,2024-01-22 09:46:09,94.1,74,36.5,124/72,90,65.2,No symptoms reported. Vitals are within expected range.,0
PAT-00296,2024-01-23 08:19:58,95.7,71,38.8,134/93,87,65.2,"Notes headache, severe discomfort. worsening symptoms present.",0
PAT-00296,2024-01-24 10:32:01,98.3,109,36.1,110/78,99,65.2,Patient notes that anxiety.,0
PAT-00296,2024-01-25 08:21:45,94.4,88,37.0,163/116,81,65.2,Observes headaches.,1
PAT-00296,2024-01-26 08:55:12,97.2,75,36.9,164/117,132,65.2,"This morning, chest tightness, blurred vision.",0
PAT-00296,2024-01-27 09:16:35,96.1,77,36.9,122/77,83,65.2,Patient denies any symptoms or discomfort.,0
PAT-00296,2024-01-28 08:11:38,96.9,70,36.2,141/89,117,65.2,Patient denies any symptoms or discomfort.,0
PAT-00296,2024-01-29 10:56:47,96.3,84,37.1,180/119,114,65.2,"This morning, headaches.",1
PAT-00296,2024-01-30 09:55:51,95.0,84,36.9,175/101,101,65.2,Observes headaches.,0
PAT-00297,2024-01-01 10:18:18,96.6,87,36.7,116/74,119,59.4,Patient denies any symptoms or discomfort.,0
PAT-00297,2024-01-02 08:45:05,96.8,103,36.4,111/83,75,59.4,"Today, patient states anxiety.",0
PAT-00297,2024-01-03 09:46:50,96.8,88,35.5,150/91,72,59.4,Observes mild coldness.,0
PAT-00297,2024-01-04 08:00:57,95.9,84,37.3,110/76,157,59.4,"Notes severe blurred vision, dry mouth, frequent urination. worsening symptoms present.",1
PAT-00297,2024-01-05 10:43:09,95.4,93,36.1,134/85,89,59.4,Patient denies any symptoms or discomfort.,0
PAT-00297,2024-01-06 10:49:24,97.8,50,38.5,131/92,114,59.4,"Reports slow pulse, muscle aches, headache.",1
PAT-00297,2024-01-07 09:24:08,94.7,82,38.7,136/94,91,59.4,"Observes muscle aches, headache.",0
PAT-00297,2024-01-08 09:54:45,97.9,79,35.8,162/109,110,59.4,"Patient notes that lowered energy, vision issues.",0
PAT-00297,2024-01-09 10:55:42,96.5,90,36.0,128/80,73,59.4,Patient denies any symptoms or discomfort.,0
PAT-00297,2024-01-10 09:38:39,96.2,84,38.0,111/81,82,59.4,"This morning, fever, chills.",1
PAT-00297,2024-01-11 09:48:52,96.8,52,36.1,120/73,101,59.4,Reports lightheadedness.,0
PAT-00297,2024-01-12 08:01:32,94.5,74,37.5,111/77,140,59.4,"Notes mild fever, blurred vision.",0
PAT-00297,2024-01-13 09:26:42,94.9,59,37.2,123/84,93,59.4,Vitals remain within acceptable limits. No issues noted.,0
PAT-00297,2024-01-14 09:05:03,96.0,76,36.5,111/72,70,59.4,Patient is feeling well with all parameters stable.,0
PAT-00297,2024-01-15 10:39:46,94.7,56,37.5,125/75,137,59.4,"Patient notes that night sweats, frequent urination.",0
PAT-00297,2024-01-16 09:54:40,97.4,74,36.5,131/88,142,59.4,Notes blurred vision.,0
PAT-00297,2024-01-17 08:28:51,91.5,88,38.9,112/71,71,59.4,"Patient describes shortness of breath, muscle aches, headache.",0
PAT-00297,2024-01-18 10:14:41,94.6,97,36.5,130/79,96,59.4,Patient is feeling well with all parameters stable.,0
PAT-00297,2024-01-19 10:31:18,96.9,57,37.3,171/101,153,59.4,"Observes chest tightness, severe blurred vision, dry mouth, frequent urination. worsening symptoms present.",1
PAT-00297,2024-01-20 09:13:36,93.5,79,36.4,115/82,93,59.4,Vitals remain within acceptable limits. No issues noted.,0
PAT-00297,2024-01-21 10:41:43,96.2,53,37.2,118/72,72,59.4,"This morning, fatigue.",1
PAT-00297,2024-01-22 09:50:06,96.0,60,36.4,122/81,101,59.4,No significant complaints today.,0
PAT-00297,2024-01-23 08:45:14,96.1,86,36.8,110/81,79,59.4,Vitals remain within acceptable limits. No issues noted.,0
PAT-00297,2024-01-24 10:27:23,98.7,63,36.7,118/74,150,59.4,"This morning, severe blurred vision, dry mouth, frequent urination. immediate attention may be needed.",1
PAT-00297,2024-01-25 09:26:48,97.2,86,36.6,117/77,71,59.4,Patient denies any symptoms or discomfort.,0
PAT-00297,2024-01-26 10:09:57,97.1,81,37.7,114/78,97,59.4,Reports mild fever.,0
PAT-00297,2024-01-27 08:23:22,98.3,82,38.8,116/83,115,59.4,"Indicates chills, fever.",1
PAT-00297,2024-01-28 08:50:04,96.5,93,37.2,140/87,73,59.4,Vitals remain within acceptable limits. No issues noted.,0
PAT-00297,2024-01-29 10:38:56,97.6,67,36.5,123/70,88,59.4,No symptoms reported. Vitals are within expected range.,0
PAT-00297,2024-01-30 09:12:55,94.7,59,36.9,129/81,81,59.4,Patient is feeling well with all parameters stable.,0
PAT-00298,2024-01-01 08:01:51,96.0,67,38.2,150/94,117,74.5,"Today, patient states headache, severe discomfort. immediate attention may be needed.",1
PAT-00298,2024-01-02 09:06:09,95.8,97,38.5,110/85,148,74.5,"Patient notes that headache, severe discomfort, dry mouth. immediate attention may be needed.",1
PAT-00298,2024-01-03 10:31:02,95.8,79,37.1,122/78,74,74.5,No significant complaints today.,0
PAT-00298,2024-01-04 09:13:32,93.4,101,36.2,132/91,70,74.5,Reports palpitations.,1
PAT-00298,2024-01-05 10:05:19,95.8,98,36.5,114/76,87,74.5,No significant complaints today.,0
PAT-00298,2024-01-06 09:53:17,94.2,50,35.6,167/104,85,74.5,"Patient notes that slow pulse, lowered energy, chest tightness.",0
PAT-00298,2024-01-07 09:11:09,97.6,71,36.7,141/94,104,74.5,Vitals remain within acceptable limits. No issues noted.,0
PAT-00298,2024-01-08 08:57:39,97.4,65,36.7,130/70,156,74.5,"Notes severe blurred vision, dry mouth, frequent urination. immediate attention may be needed.",1
PAT-00298,2024-01-09 10:06:18,95.2,81,36.8,126/82,75,74.5,Patient denies any symptoms or discomfort.,0
PAT-00298,2024-01-10 08:08:40,97.7,106,35.6,119/80,76,74.5,"This morning, anxiety, mild coldness.",0
PAT-00298,2024-01-11 10:07:57,94.9,110,36.9,173/113,95,74.5,"Patient describes palpitations, headaches.",1
PAT-00298,2024-01-12 08:47:37,94.5,107,37.2,128/77,93,74.5,Indicates restlessness.,0
PAT-00298,2024-01-13 09:09:04,95.5,55,38.5,112/78,90,74.5,"Notes headache, muscle aches.",0
PAT-00298,2024-01-14 08:03:20,97.0,68,36.9,117/72,91,74.5,Patient is feeling well with all parameters stable.,0
PAT-00298,2024-01-15 08:45:52,91.4,73,37.1,119/75,77,74.5,Indicates shortness of breath.,0
PAT-00298,2024-01-16 10:19:49,100.0,81,38.3,180/111,97,74.5,"Today, patient states fever, chills, vision issues.",0
PAT-00298,2024-01-17 09:41:17,97.7,109,38.1,148/90,75,74.5,"Patient notes that anxiety, chills, severe discomfort. immediate attention may be needed.",0
PAT-00298,2024-01-18 09:30:41,93.8,99,37.2,184/105,75,74.5,"Observes chest pain, severe headache. worsening symptoms present.",0
PAT-00298,2024-01-19 08:24:18,98.1,107,35.6,168/107,94,74.5,"Patient notes that restlessness, mild coldness, headaches.",0
PAT-00298,2024-01-20 10:43:25,96.0,64,36.6,172/101,80,74.5,"Today, patient states headaches.",0
PAT-00298,2024-01-21 09:57:22,93.1,71,36.7,127/80,88,74.5,Patient denies any symptoms or discomfort.,0
PAT-00298,2024-01-22 10:48:58,96.7,50,37.2,117/78,85,74.5,Notes fatigue.,0
PAT-00298,2024-01-23 10:36:22,97.3,58,36.9,120/76,92,74.5,No symptoms reported. Vitals are within expected range.,0
PAT-00298,2024-01-24 08:14:56,95.5,50,37.0,147/88,135,74.5,"This morning, slow pulse, blurred vision.",0
PAT-00298,2024-01-25 09:06:57,93.4,60,37.3,124/83,74,74.5,No symptoms reported. Vitals are within expected range.,0
PAT-00298,2024-01-26 10:29:13,92.2,86,37.3,113/70,135,74.5,"Today, patient states frequent urination.",0
PAT-00298,2024-01-27 08:09:27,95.7,100,37.0,114/73,70,74.5,Vitals remain within acceptable limits. No issues noted.,0
PAT-00298,2024-01-28 09:51:54,95.9,84,35.6,129/85,102,74.5,Patient notes that mild coldness.,0
PAT-00298,2024-01-29 09:02:17,96.5,53,36.7,147/85,101,74.5,Observes slow pulse.,0
PAT-00298,2024-01-30 09:33:41,97.3,62,36.4,120/76,89,74.5,Vitals remain within acceptable limits. No issues noted.,0
PAT-00299,2024-01-01 08:09:56,95.9,88,36.1,137/88,99,59.4,Vitals remain within acceptable limits. No issues noted.,0
PAT-00299,2024-01-02 09:49:27,94.8,78,35.8,121/78,118,59.4,Observes lowered energy.,0
PAT-00299,2024-01-03 10:59:57,97.6,78,37.8,134/85,81,59.4,Patient notes that night sweats.,0
PAT-00299,2024-01-04 08:09:23,100.0,104,36.2,129/72,83,59.4,Patient describes palpitations.,0
PAT-00299,2024-01-05 09:10:26,91.6,79,36.6,114/81,75,59.4,"This morning, shortness of breath.",1
PAT-00299,2024-01-06 10:41:25,93.1,73,35.8,114/84,104,59.4,Patient describes lowered energy.,0
PAT-00299,2024-01-07 08:08:49,95.5,91,36.4,110/79,71,59.4,No significant complaints today.,0
PAT-00299,2024-01-08 10:32:10,96.0,94,36.4,114/85,74,59.4,Patient denies any symptoms or discomfort.,0
PAT-00299,2024-01-09 09:37:39,97.6,67,37.2,112/85,116,59.4,Patient denies any symptoms or discomfort.,0
PAT-00299,2024-01-10 09:32:52,97.7,81,37.3,125/76,78,59.4,No significant complaints today.,0
PAT-00299,2024-01-11 08:34:25,94.5,89,36.2,125/82,114,59.4,No symptoms reported. Vitals are within expected range.,0
PAT-00299,2024-01-12 10:12:55,96.4,57,35.9,130/76,114,59.4,Indicates lowered energy.,0
PAT-00299,2024-01-13 10:53:02,96.7,96,36.5,123/84,98,59.4,Patient denies any symptoms or discomfort.,0
PAT-00299,2024-01-14 10:36:16,97.0,81,36.6,122/81,101,59.4,Patient is feeling well with all parameters stable.,0
PAT-00299,2024-01-15 08:21:30,96.2,106,36.5,114/75,106,59.4,Notes anxiety.,0
PAT-00299,2024-01-16 10:47:29,95.1,91,38.6,147/88,79,59.4,"This morning, fever, headache.",0
PAT-00299,2024-01-17 10:23:43,98.0,67,35.6,122/79,79,59.4,Notes mild coldness.,0
PAT-00299,2024-01-18 09:50:31,97.2,104,35.7,189/120,109,59.4,"Reports restlessness, lowered energy, chest pain, severe headache. worsening symptoms present.",1
PAT-00299,2024-01-19 08:24:32,96.6,84,37.9,110/71,88,59.4,"This morning, mild fever.",0
PAT-00299,2024-01-20 10:24:18,94.6,99,36.5,146/86,85,59.4,No significant complaints today.,0
PAT-00299,2024-01-21 08:52:21,97.6,86,38.6,117/72,90,59.4,"Patient notes that chills, muscle aches.",0
PAT-00299,2024-01-22 09:01:57,98.0,60,37.2,116/71,117,59.4,Patient is feeling well with all parameters stable.,0
PAT-00299,2024-01-23 10:30:55,94.8,103,36.1,111/75,115,59.4,Indicates anxiety.,0
PAT-00299,2024-01-24 08:55:15,97.8,52,37.3,113/80,97,59.4,"Today, patient states slow pulse.",0
PAT-00299,2024-01-25 08:02:12,98.5,82,37.9,149/87,86,59.4,Observes night sweats.,0
PAT-00299,2024-01-26 09:14:40,96.8,72,38.7,110/79,86,59.4,"Today, patient states severe discomfort, chills. immediate attention may be needed.",1
PAT-00299,2024-01-27 10:35:43,94.5,110,37.1,113/84,123,59.4,Patient describes restlessness.,0
PAT-00299,2024-01-28 08:44:37,94.1,54,38.3,124/72,160,59.4,"Observes slow pulse, severe discomfort, fever, severe blurred vision, dry mouth, frequent urination. worsening symptoms present.",0
PAT-00299,2024-01-29 10:44:22,95.8,62,36.1,117/72,88,59.4,No significant complaints today.,0
PAT-00299,2024-01-30 08:36:26,99.6,104,36.2,136/85,84,59.4,Observes restlessness.,1
PAT-00300,2024-01-01 10:46:24,95.7,53,38.2,127/82,144,84.9,"Indicates fatigue, fever, severe discomfort, frequent urination. worsening symptoms present.",0
PAT-00300,2024-01-02 08:10:28,92.6,74,36.5,149/89,89,84.9,Vitals remain within acceptable limits. No issues noted.,0
PAT-00300,2024-01-03 09:20:54,98.6,87,37.0,120/74,107,84.9,Vitals remain within acceptable limits. No issues noted.,0
PAT-00300,2024-01-04 10:09:30,99.9,91,36.9,139/94,103,84.9,No symptoms reported. Vitals are within expected range.,0
PAT-00300,2024-01-05 10:59:48,94.9,85,36.8,141/91,97,84.9,Patient is feeling well with all parameters stable.,0
PAT-00300,2024-01-06 08:57:13,96.6,77,38.6,137/86,112,84.9,"Patient describes headache, chills.",0
PAT-00300,2024-01-07 09:08:58,98.9,99,35.8,130/85,97,84.9,Notes mild coldness.,0
PAT-00300,2024-01-08 10:22:05,94.9,96,38.8,161/115,109,84.9,"Patient describes muscle aches, severe discomfort, chest tightness. worsening symptoms present.",0
PAT-00300,2024-01-09 08:22:39,95.7,87,37.0,135/95,70,84.9,Vitals remain within acceptable limits. No issues noted.,0
PAT-00300,2024-01-10 10:55:55,97.0,91,36.5,147/88,88,84.9,Patient is feeling well with all parameters stable.,0
PAT-00300,2024-01-11 09:15:51,96.2,50,36.3,116/71,157,84.9,"Today, patient states slow pulse, severe blurred vision, dry mouth, frequent urination. worsening symptoms present.",0
PAT-00300,2024-01-12 08:53:41,96.6,73,36.8,118/74,172,84.9,"Notes severe blurred vision, dry mouth, frequent urination. worsening symptoms present.",0
PAT-00300,2024-01-13 09:06:09,97.7,80,38.6,121/85,119,84.9,"This morning, severe discomfort, fever. immediate attention may be needed.",1
PAT-00300,2024-01-14 08:43:26,97.0,90,38.0,116/71,117,84.9,"Patient notes that severe discomfort, chills. immediate attention may be needed.",1
PAT-00300,2024-01-15 10:05:05,98.8,54,36.9,110/75,93,84.9,Patient notes that lightheadedness.,0
PAT-00300,2024-01-16 08:32:51,98.3,90,36.7,185/109,71,84.9,"This morning, chest pain, severe headache. immediate attention may be needed.",1
PAT-00300,2024-01-17 09:04:29,95.8,105,37.2,127/73,75,84.9,"Today, patient states anxiety.",0
PAT-00300,2024-01-18 08:17:59,92.3,101,37.1,118/74,91,84.9,"Today, patient states palpitations.",0
PAT-00300,2024-01-19 08:47:30,97.0,81,37.0,145/93,73,84.9,Patient is feeling well with all parameters stable.,0
PAT-00300,2024-01-20 08:46:17,95.8,90,37.8,165/115,83,84.9,"Observes night sweats, vision issues.",0
PAT-00300,2024-01-21 08:30:27,97.1,94,37.2,112/78,98,84.9,Vitals remain within acceptable limits. No issues noted.,0
PAT-00300,2024-01-22 08:55:20,96.0,61,36.0,134/86,79,84.9,No symptoms reported. Vitals are within expected range.,0
PAT-00300,2024-01-23 08:24:41,94.4,93,37.6,113/78,130,84.9,"Observes mild fever, frequent urination.",0
PAT-00300,2024-01-24 09:21:32,96.5,65,36.6,110/70,91,84.9,No symptoms reported. Vitals are within expected range.,0
PAT-00300,2024-01-25 10:08:50,96.8,68,35.8,118/81,73,84.9,Reports lowered energy.,0
PAT-00300,2024-01-26 09:52:26,96.2,70,36.7,167/114,70,84.9,"This morning, vision issues.",0
PAT-00300,2024-01-27 10:42:30,94.2,59,38.5,126/77,125,84.9,"This morning, chills, severe discomfort. worsening symptoms present.",0
PAT-00300,2024-01-28 08:45:24,94.1,57,36.2,144/85,89,84.9,Patient is feeling well with all parameters stable.,0
PAT-00300,2024-01-29 09:09:22,97.1,92,36.3,125/71,73,84.9,No significant complaints today.,0
PAT-00300,2024-01-30 10:34:54,92.5,92,37.1,115/73,81,84.9,No significant complaints today.,0
PAT-00301,2024-01-01 08:16:35,98.2,78,36.4,129/77,97,60.7,Patient denies any symptoms or discomfort.,0
PAT-00301,2024-01-02 09:07:13,94.8,60,35.6,133/91,72,60.7,Notes mild coldness.,0
PAT-00301,2024-01-03 08:06:44,93.3,95,37.1,112/74,82,60.7,No symptoms reported. Vitals are within expected range.,0
PAT-00301,2024-01-04 10:42:44,98.3,80,36.8,130/91,122,60.7,No symptoms reported. Vitals are within expected range.,0
PAT-00301,2024-01-05 10:50:08,95.0,83,39.0,128/82,115,60.7,"Indicates muscle aches, headache.",0
PAT-00301,2024-01-06 08:12:18,89.5,78,37.3,136/86,83,60.7,"Today, patient states shortness of breath.",1
PAT-00301,2024-01-07 09:34:15,96.2,71,36.7,121/84,109,60.7,Patient denies any symptoms or discomfort.,0
PAT-00301,2024-01-08 09:28:19,96.1,88,37.1,125/72,85,60.7,No symptoms reported. Vitals are within expected range.,0
PAT-00301,2024-01-09 09:21:26,95.2,99,36.7,176/118,92,60.7,Notes headaches.,0
PAT-00301,2024-01-10 08:45:16,97.1,84,35.7,142/94,82,60.7,Reports mild coldness.,0
PAT-00301,2024-01-11 10:06:20,95.9,58,37.1,129/83,126,60.7,"Today, patient states frequent urination.",0
PAT-00301,2024-01-12 10:40:10,99.5,56,37.5,116/78,76,60.7,"This morning, mild fever.",0
PAT-00301,2024-01-13 08:52:18,97.9,106,38.0,114/78,70,60.7,"Reports palpitations, muscle aches, chills.",1
PAT-00301,2024-01-14 08:34:07,98.9,61,36.6,132/95,86,60.7,Patient is feeling well with all parameters stable.,0
PAT-00301,2024-01-15 10:13:44,96.8,80,37.4,135/89,95,60.7,No symptoms reported. Vitals are within expected range.,0
PAT-00301,2024-01-16 09:42:10,95.2,70,37.0,127/82,124,60.7,Patient is feeling well with all parameters stable.,0
PAT-00301,2024-01-17 10:03:12,98.1,51,36.9,122/84,175,60.7,"Reports lightheadedness, severe blurred vision, dry mouth, frequent urination. worsening symptoms present.",1
PAT-00301,2024-01-18 10:23:41,95.7,87,36.5,127/78,71,60.7,Patient is feeling well with all parameters stable.,0
PAT-00301,2024-01-19 09:14:05,99.3,78,36.8,110/81,90,60.7,Patient is feeling well with all parameters stable.,0
PAT-00301,2024-01-20 09:25:39,94.1,106,37.2,123/84,80,60.7,Indicates anxiety.,1
PAT-00301,2024-01-21 09:45:44,99.9,99,37.2,114/74,91,60.7,No symptoms reported. Vitals are within expected range.,0
PAT-00301,2024-01-22 10:58:46,95.7,55,38.4,171/115,84,60.7,"Patient notes that chills, fever, chest tightness.",0
PAT-00301,2024-01-23 09:49:35,96.1,106,37.2,129/71,87,60.7,Observes anxiety.,0
PAT-00301,2024-01-24 09:58:45,96.8,97,36.6,127/75,71,60.7,Patient denies any symptoms or discomfort.,0
PAT-00301,2024-01-25 09:31:26,95.2,74,36.9,132/87,176,60.7,"Notes severe blurred vision, dry mouth, frequent urination. worsening symptoms present.",1
PAT-00301,2024-01-26 09:46:04,97.0,92,37.0,141/88,90,60.7,Patient denies any symptoms or discomfort.,0
PAT-00301,2024-01-27 08:09:44,92.1,75,37.9,111/84,76,60.7,Observes night sweats.,0
PAT-00301,2024-01-28 09:41:51,98.3,94,37.2,125/74,78,60.7,Vitals remain within acceptable limits. No issues noted.,0
PAT-00301,2024-01-29 08:52:36,96.4,59,35.7,190/113,85,60.7,"Patient notes that lowered energy, chest pain, severe headache. immediate attention may be needed.",1
PAT-00301,2024-01-30 08:27:09,94.9,53,36.9,128/74,98,60.7,"This morning, fatigue.",1
PAT-00302,2024-01-01 09:43:51,96.9,55,37.3,120/84,110,70.4,Vitals remain within acceptable limits. No issues noted.,0
PAT-00302,2024-01-02 10:32:07,96.5,63,36.2,115/70,71,70.4,Vitals remain within acceptable limits. No issues noted.,0
PAT-00302,2024-01-03 09:43:20,96.0,71,37.2,137/85,123,70.4,No symptoms reported. Vitals are within expected range.,0
PAT-00302,2024-01-04 09:51:46,95.2,98,37.2,136/95,119,70.4,Patient denies any symptoms or discomfort.,0
PAT-00302,2024-01-05 09:10:56,94.6,60,37.7,124/70,85,70.4,Patient notes that body aches.,0
PAT-00302,2024-01-06 08:14:22,93.8,79,37.0,180/105,144,70.4,"Notes chest tightness, blurred vision.",0
PAT-00302,2024-01-07 08:15:44,96.8,94,36.9,147/94,126,70.4,Indicates blurred vision.,0
PAT-00302,2024-01-08 09:12:31,97.4,76,36.7,112/73,87,70.4,Patient denies any symptoms or discomfort.,0
PAT-00302,2024-01-09 10:51:15,95.7,58,35.7,116/80,175,70.4,"Today, patient states lowered energy, severe blurred vision, dry mouth, frequent urination. immediate attention may be needed.",1
PAT-00302,2024-01-10 09:49:31,97.7,82,38.1,182/102,74,70.4,"Patient describes severe discomfort, muscle aches, chest pain, severe headache. worsening symptoms present.",0
PAT-00302,2024-01-11 10:16:48,92.4,91,36.7,141/93,116,70.4,No symptoms reported. Vitals are within expected range.,0
PAT-00302,2024-01-12 09:55:39,95.5,83,39.0,190/102,88,70.4,"Indicates chills, fever, chest pain, severe headache. immediate attention may be needed.",0
PAT-00302,2024-01-13 08:47:12,92.6,100,37.0,133/94,99,70.4,No symptoms reported. Vitals are within expected range.,0
PAT-00302,2024-01-14 10:26:08,94.4,96,36.8,117/79,78,70.4,No significant complaints today.,0
PAT-00302,2024-01-15 10:46:36,96.5,60,36.8,117/77,77,70.4,Patient is feeling well with all parameters stable.,0
PAT-00302,2024-01-16 09:43:33,93.8,75,36.4,116/77,80,70.4,No significant complaints today.,0
PAT-00302,2024-01-17 10:10:39,96.6,110,38.0,128/80,88,70.4,"Notes anxiety, severe discomfort, fever. worsening symptoms present.",0
PAT-00302,2024-01-18 10:00:20,97.6,90,35.5,149/90,130,70.4,"Observes lowered energy, dry mouth.",0
PAT-00302,2024-01-19 09:19:08,90.8,52,36.6,174/106,101,70.4,"Observes shortness of breath, fatigue, chest tightness.",1
PAT-00302,2024-01-20 08:17:51,95.0,106,37.2,125/71,79,70.4,Patient describes palpitations.,0
PAT-00302,2024-01-21 10:34:57,97.0,79,36.0,133/94,74,70.4,No significant complaints today.,0
PAT-00302,2024-01-22 09:27:13,93.6,66,36.8,180/114,85,70.4,"Today, patient states vision issues.",0
PAT-00302,2024-01-23 09:49:28,96.4,85,37.8,111/73,77,70.4,"Today, patient states mild fever.",0
PAT-00302,2024-01-24 09:55:00,95.0,54,37.2,128/73,88,70.4,Indicates lightheadedness.,1
PAT-00302,2024-01-25 09:01:50,95.4,100,38.4,174/118,98,70.4,"Patient describes headache, chills, chest tightness.",0
PAT-00302,2024-01-26 10:11:31,93.5,92,37.0,117/83,105,70.4,No significant complaints today.,0
PAT-00302,2024-01-27 09:31:33,96.7,69,37.0,112/70,141,70.4,"This morning, blurred vision.",0
PAT-00302,2024-01-28 08:14:52,93.7,82,36.9,126/83,89,70.4,Patient denies any symptoms or discomfort.,0
PAT-00302,2024-01-29 09:27:55,92.2,50,35.6,125/70,119,70.4,"Patient notes that fatigue, mild coldness.",0
PAT-00302,2024-01-30 09:10:49,93.8,98,36.7,132/91,87,70.4,Patient denies any symptoms or discomfort.,0
PAT-00303,2024-01-01 10:40:16,97.1,55,36.8,136/91,88,81.6,No symptoms reported. Vitals are within expected range.,0
PAT-00303,2024-01-02 09:12:46,94.0,87,38.8,119/70,81,81.6,"Indicates chills, muscle aches.",0
PAT-00303,2024-01-03 10:11:57,95.4,86,36.6,180/106,71,81.6,Reports vision issues.,0
PAT-00303,2024-01-04 09:46:39,94.5,59,35.8,188/107,78,81.6,"Observes lowered energy, chest pain, severe headache. immediate attention may be needed.",0
PAT-00303,2024-01-05 08:37:42,95.5,90,35.8,125/75,112,81.6,Notes lowered energy.,0
PAT-00303,2024-01-06 09:54:15,97.6,53,38.5,179/112,134,81.6,"Patient describes fatigue, severe discomfort, fever, headaches, frequent urination. worsening symptoms present.",0
PAT-00303,2024-01-07 08:30:06,94.0,70,37.3,135/87,84,81.6,Vitals remain within acceptable limits. No issues noted.,0
PAT-00303,2024-01-08 10:10:46,95.6,64,36.7,123/76,98,81.6,No symptoms reported. Vitals are within expected range.,0
PAT-00303,2024-01-09 09:07:24,97.2,77,37.1,112/76,174,81.6,"Today, patient states severe blurred vision, dry mouth, frequent urination. immediate attention may be needed.",1
PAT-00303,2024-01-10 08:50:31,98.0,76,37.5,113/70,124,81.6,"This morning, night sweats.",0
PAT-00303,2024-01-11 09:00:12,98.1,70,37.0,124/76,81,81.6,Patient is feeling well with all parameters stable.,0
PAT-00303,2024-01-12 08:48:07,92.2,89,36.7,136/95,124,81.6,Vitals remain within acceptable limits. No issues noted.,0
PAT-00303,2024-01-13 10:50:25,97.0,51,37.1,119/78,79,81.6,Patient describes lightheadedness.,1
PAT-00303,2024-01-14 10:36:31,95.2,79,36.2,127/79,107,81.6,No significant complaints today.,0
PAT-00303,2024-01-15 08:10:31,95.7,59,36.5,112/73,70,81.6,No significant complaints today.,0
PAT-00303,2024-01-16 09:22:21,96.5,89,37.0,131/91,81,81.6,No symptoms reported. Vitals are within expected range.,0
PAT-00303,2024-01-17 08:41:55,93.5,90,37.3,130/91,117,81.6,No significant complaints today.,0
PAT-00303,2024-01-18 10:10:12,99.8,95,36.9,111/79,134,81.6,Notes blurred vision.,0
PAT-00303,2024-01-19 09:29:57,98.1,50,36.3,118/75,86,81.6,Patient notes that fatigue.,0
PAT-00303,2024-01-20 08:12:25,95.8,57,37.3,134/89,80,81.6,Patient denies any symptoms or discomfort.,0
PAT-00303,2024-01-21 10:15:09,97.3,83,38.2,111/70,116,81.6,"Patient notes that muscle aches, headache.",0
PAT-00303,2024-01-22 10:14:10,96.9,102,37.1,129/79,78,81.6,Observes anxiety.,1
PAT-00303,2024-01-23 08:01:08,95.8,78,38.3,113/74,100,81.6,"Observes severe discomfort, headache. worsening symptoms present.",0
PAT-00303,2024-01-24 10:13:40,98.2,71,36.0,125/73,90,81.6,Patient denies any symptoms or discomfort.,0
PAT-00303,2024-01-25 09:08:00,100.0,106,37.2,129/75,84,81.6,Indicates anxiety.,1
PAT-00303,2024-01-26 09:35:13,100.0,95,36.5,128/78,159,81.6,"Patient describes severe blurred vision, dry mouth, frequent urination. immediate attention may be needed.",1
PAT-00303,2024-01-27 08:25:32,95.5,79,36.6,110/73,84,81.6,No symptoms reported. Vitals are within expected range.,0
PAT-00303,2024-01-28 08:29:30,96.9,71,35.9,138/92,97,81.6,Patient describes lowered energy.,0
PAT-00303,2024-01-29 08:26:56,100.0,110,37.2,126/73,81,81.6,"Today, patient states restlessness.",1
PAT-00303,2024-01-30 09:46:00,95.8,109,36.4,123/70,73,81.6,Patient describes palpitations.,0
PAT-00304,2024-01-01 10:01:55,97.5,76,36.5,150/86,92,83.2,No symptoms reported. Vitals are within expected range.,0
PAT-00304,2024-01-02 10:19:28,95.4,72,36.4,140/94,80,83.2,No significant complaints today.,0
PAT-00304,2024-01-03 08:35:34,95.3,77,37.0,126/80,98,83.2,Patient is feeling well with all parameters stable.,0
PAT-00304,2024-01-04 09:10:04,96.0,108,36.5,136/85,79,83.2,Patient describes palpitations.,0
PAT-00304,2024-01-05 09:35:08,95.8,108,35.8,184/113,70,83.2,"Observes anxiety, lowered energy, chest pain, severe headache. immediate attention may be needed.",1
PAT-00304,2024-01-06 10:31:14,97.3,87,37.2,177/109,140,83.2,"Reports chest tightness, blurred vision.",0
PAT-00304,2024-01-07 09:14:50,95.6,69,37.0,188/106,119,83.2,"Indicates chest pain, severe headache. immediate attention may be needed.",0
PAT-00304,2024-01-08 10:09:40,95.1,71,36.4,114/77,116,83.2,No significant complaints today.,0
PAT-00304,2024-01-09 09:30:19,97.1,96,38.5,115/81,80,83.2,"Patient notes that headache, muscle aches.",1
PAT-00304,2024-01-10 10:14:23,96.6,60,36.5,123/81,92,83.2,No symptoms reported. Vitals are within expected range.,0
PAT-00304,2024-01-11 08:50:36,94.5,86,37.3,110/85,120,83.2,No significant complaints today.,0
PAT-00304,2024-01-12 08:08:36,95.9,75,35.6,148/87,92,83.2,"This morning, mild coldness.",0
PAT-00304,2024-01-13 08:59:11,99.9,93,38.2,114/77,169,83.2,"Today, patient states headache, fever, severe blurred vision, dry mouth, frequent urination. immediate attention may be needed.",1
PAT-00304,2024-01-14 10:44:08,97.8,106,37.0,126/85,95,83.2,"This morning, palpitations.",0
PAT-00304,2024-01-15 10:27:01,100.0,61,38.0,130/81,74,83.2,"Reports fever, headache.",0
PAT-00304,2024-01-16 10:18:06,99.5,90,36.9,142/94,99,83.2,Vitals remain within acceptable limits. No issues noted.,0
PAT-00304,2024-01-17 10:41:29,97.4,70,37.3,116/74,77,83.2,Patient is feeling well with all parameters stable.,0
PAT-00304,2024-01-18 10:40:30,92.9,75,38.6,116/82,93,83.2,"Reports muscle aches, chills.",1
PAT-00304,2024-01-19 09:45:55,97.5,87,36.6,125/75,180,83.2,"This morning, severe blurred vision, dry mouth, frequent urination. worsening symptoms present.",0
PAT-00304,2024-01-20 10:01:52,97.9,54,36.8,117/82,89,83.2,Indicates lightheadedness.,1
PAT-00304,2024-01-21 09:53:11,94.2,83,37.0,166/117,129,83.2,"Observes vision issues, frequent urination.",0
PAT-00304,2024-01-22 08:37:05,98.5,76,36.3,111/73,99,83.2,No significant complaints today.,0
PAT-00304,2024-01-23 09:21:44,95.0,64,37.0,182/114,124,83.2,"Patient notes that chest pain, severe headache. worsening symptoms present.",0
PAT-00304,2024-01-24 09:55:00,97.1,90,36.3,118/73,99,83.2,Patient is feeling well with all parameters stable.,0
PAT-00304,2024-01-25 10:12:14,95.1,102,36.8,115/82,109,83.2,Reports palpitations.,0
PAT-00304,2024-01-26 10:08:31,96.2,57,36.9,150/85,107,83.2,No symptoms reported. Vitals are within expected range.,0
PAT-00304,2024-01-27 10:14:44,94.6,103,36.5,130/78,88,83.2,"Today, patient states palpitations.",1
PAT-00304,2024-01-28 09:28:04,98.1,73,37.3,146/93,89,83.2,Patient is feeling well with all parameters stable.,0
PAT-00304,2024-01-29 10:41:14,96.0,92,36.6,129/70,102,83.2,No symptoms reported. Vitals are within expected range.,0
PAT-00304,2024-01-30 10:22:22,98.1,68,36.6,110/81,174,83.2,"Indicates severe blurred vision, dry mouth, frequent urination. worsening symptoms present.",0
PAT-00305,2024-01-01 09:33:31,94.7,50,37.2,137/93,72,74.0,Indicates slow pulse.,0
PAT-00305,2024-01-02 09:30:18,94.7,79,36.5,110/85,119,74.0,Patient is feeling well with all parameters stable.,0
PAT-00305,2024-01-03 08:33:23,90.4,66,38.6,117/85,77,74.0,"Patient describes dizziness, chills, severe discomfort. worsening symptoms present.",1
PAT-00305,2024-01-04 09:25:09,97.4,50,37.2,124/75,82,74.0,"Today, patient states fatigue.",0
PAT-00305,2024-01-05 10:45:23,96.2,106,36.7,140/87,92,74.0,Reports anxiety.,0
PAT-00305,2024-01-06 09:09:23,96.5,67,37.4,129/81,112,74.0,Patient denies any symptoms or discomfort.,0
PAT-00305,2024-01-07 09:43:34,95.3,57,36.2,139/87,74,74.0,Patient is feeling well with all parameters stable.,0
PAT-00305,2024-01-08 10:18:37,97.6,61,36.6,128/76,95,74.0,Patient is feeling well with all parameters stable.,0
PAT-00305,2024-01-09 09:48:49,96.7,78,38.2,115/83,77,74.0,"Notes muscle aches, severe discomfort. worsening symptoms present.",0
PAT-00305,2024-01-10 08:16:07,93.5,50,37.3,121/79,80,74.0,Observes slow pulse.,0
PAT-00305,2024-01-11 10:14:40,96.6,74,38.7,125/75,117,74.0,"Patient notes that headache, severe discomfort. worsening symptoms present.",1
PAT-00305,2024-01-12 09:25:47,97.7,58,36.0,110/85,138,74.0,Patient notes that dry mouth.,0
PAT-00305,2024-01-13 10:58:29,94.2,93,35.5,110/84,103,74.0,Patient describes lowered energy.,0
PAT-00305,2024-01-14 09:20:54,96.7,50,35.5,165/113,109,74.0,"Today, patient states fatigue, mild coldness, chest tightness.",1
PAT-00305,2024-01-15 09:43:18,94.0,94,37.4,111/74,100,74.0,Vitals remain within acceptable limits. No issues noted.,0
PAT-00305,2024-01-16 09:31:36,94.9,56,35.7,122/84,111,74.0,"Today, patient states mild coldness.",0
PAT-00305,2024-01-17 09:44:17,93.1,104,36.7,124/82,93,74.0,"Today, patient states palpitations.",1
PAT-00305,2024-01-18 10:36:24,95.7,73,36.5,117/84,87,74.0,No symptoms reported. Vitals are within expected range.,0
PAT-00305,2024-01-19 08:00:53,96.6,98,37.3,121/85,115,74.0,Vitals remain within acceptable limits. No issues noted.,0
PAT-00305,2024-01-20 10:41:50,95.9,98,36.4,111/78,119,74.0,No symptoms reported. Vitals are within expected range.,0
PAT-00305,2024-01-21 09:50:59,93.8,110,36.7,129/75,111,74.0,Reports palpitations.,0
PAT-00305,2024-01-22 10:23:27,98.1,100,36.5,115/74,84,74.0,Patient is feeling well with all parameters stable.,0
PAT-00305,2024-01-23 09:09:16,94.9,107,36.5,130/89,83,74.0,Indicates restlessness.,0
PAT-00305,2024-01-24 08:57:12,97.9,107,36.4,117/80,95,74.0,Patient describes anxiety.,0
PAT-00305,2024-01-25 09:35:24,97.1,90,36.5,115/82,76,74.0,No significant complaints today.,0
PAT-00305,2024-01-26 08:14:20,97.9,83,37.2,111/76,92,74.0,Patient denies any symptoms or discomfort.,0
PAT-00305,2024-01-27 09:05:19,93.2,92,37.1,165/100,102,74.0,Patient describes chest tightness.,0
PAT-00305,2024-01-28 09:14:55,99.3,103,37.0,147/90,75,74.0,"Today, patient states anxiety.",0
PAT-00305,2024-01-29 10:19:59,95.2,74,37.1,143/86,133,74.0,Patient notes that dry mouth.,0
PAT-00305,2024-01-30 09:37:42,96.2,57,36.6,184/106,86,74.0,"Notes chest pain, severe headache. immediate attention may be needed.",1
PAT-00306,2024-01-01 10:07:04,95.8,86,38.6,131/90,97,49.4,"This morning, chills, fever.",0
PAT-00306,2024-01-02 10:57:30,94.0,73,37.1,123/85,86,49.4,No symptoms reported. Vitals are within expected range.,0
PAT-00306,2024-01-03 10:34:24,94.3,102,38.3,139/90,76,49.4,"Indicates palpitations, severe discomfort, chills. immediate attention may be needed.",0
PAT-00306,2024-01-04 08:02:51,91.8,74,37.8,130/79,84,49.4,"Today, patient states dizziness, mild fever.",0
PAT-00306,2024-01-05 09:28:29,98.8,66,36.9,130/81,141,49.4,Observes blurred vision.,0
PAT-00306,2024-01-06 09:57:19,92.7,92,36.5,165/115,176,49.4,"Indicates headaches, severe blurred vision, dry mouth, frequent urination. worsening symptoms present.",1
PAT-00306,2024-01-07 10:34:35,94.2,60,37.1,165/114,94,49.4,Patient describes chest tightness.,0
PAT-00306,2024-01-08 10:12:21,95.4,52,37.3,121/72,74,49.4,Indicates lightheadedness.,1
PAT-00306,2024-01-09 09:21:19,96.3,89,38.5,122/85,122,49.4,"Notes fever, severe discomfort. immediate attention may be needed.",1
PAT-00306,2024-01-10 10:35:29,98.0,91,37.0,186/103,104,49.4,"Patient describes chest pain, severe headache. worsening symptoms present.",1
PAT-00306,2024-01-11 09:02:12,98.0,54,36.6,113/73,82,49.4,Observes lightheadedness.,0
PAT-00306,2024-01-12 08:00:33,95.0,96,37.1,111/73,149,49.4,Patient notes that blurred vision.,0
PAT-00306,2024-01-13 10:40:08,95.4,87,37.6,124/70,101,49.4,Patient notes that body aches.,0
PAT-00306,2024-01-14 08:32:34,96.0,103,36.8,136/93,91,49.4,Reports restlessness.,0
PAT-00306,2024-01-15 09:08:55,95.6,77,38.4,139/86,95,49.4,"Notes severe discomfort, muscle aches. immediate attention may be needed.",1
PAT-00306,2024-01-16 09:39:01,94.5,83,35.5,121/85,118,49.4,"Today, patient states mild coldness.",0
PAT-00306,2024-01-17 10:04:49,91.2,58,37.0,166/118,80,49.4,"Patient notes that dizziness, headaches.",0
PAT-00306,2024-01-18 10:14:12,97.8,70,36.4,142/87,170,49.4,"Notes severe blurred vision, dry mouth, frequent urination. immediate attention may be needed.",1
PAT-00306,2024-01-19 09:05:29,96.3,88,38.9,127/82,107,49.4,"Indicates fever, chills.",0
PAT-00306,2024-01-20 10:49:35,90.3,80,35.9,121/83,158,49.4,"Indicates dizziness, lowered energy, severe blurred vision, dry mouth, frequent urination. worsening symptoms present.",0
PAT-00306,2024-01-21 09:44:38,96.8,59,37.1,171/112,87,49.4,Patient describes vision issues.,1
PAT-00306,2024-01-22 10:20:47,99.5,82,37.7,179/113,113,49.4,"Reports night sweats, chest tightness.",0
PAT-00306,2024-01-23 08:44:40,92.1,110,35.8,139/93,85,49.4,"Notes anxiety, lowered energy.",0
PAT-00306,2024-01-24 10:01:07,94.5,61,36.6,170/103,90,49.4,Notes chest tightness.,0
PAT-00306,2024-01-25 08:42:47,98.1,85,37.4,142/89,73,49.4,Patient is feeling well with all parameters stable.,0
PAT-00306,2024-01-26 08:51:56,94.5,50,35.9,141/93,141,49.4,"Indicates fatigue, lowered energy, frequent urination.",1
PAT-00306,2024-01-27 10:01:44,94.0,77,38.5,137/90,74,49.4,"Indicates headache, chills.",1
PAT-00306,2024-01-28 10:58:34,95.4,65,38.1,124/82,96,49.4,"Indicates fever, headache.",1
PAT-00306,2024-01-29 08:23:00,94.9,109,37.2,112/85,172,49.4,"This morning, anxiety, severe blurred vision, dry mouth, frequent urination. worsening symptoms present.",0
PAT-00306,2024-01-30 08:06:39,91.5,90,36.7,147/85,89,49.4,Observes dizziness.,0
PAT-00307,2024-01-01 09:41:36,93.3,59,36.0,117/75,77,73.9,Patient is feeling well with all parameters stable.,0
PAT-00307,2024-01-02 09:31:44,96.1,89,36.1,117/82,122,73.9,No significant complaints today.,0
PAT-00307,2024-01-03 10:03:05,95.3,84,36.9,178/115,139,73.9,"Reports chest tightness, blurred vision.",0
PAT-00307,2024-01-04 08:54:46,96.9,52,37.4,124/75,75,73.9,Observes lightheadedness.,0
PAT-00307,2024-01-05 08:31:18,96.5,60,37.0,181/120,73,73.9,"Today, patient states chest pain, severe headache. worsening symptoms present.",1
PAT-00307,2024-01-06 10:08:42,97.4,74,38.8,117/77,78,73.9,"Observes fever, muscle aches.",0
PAT-00307,2024-01-07 09:27:37,93.0,65,36.7,117/74,82,73.9,Patient is feeling well with all parameters stable.,0
PAT-00307,2024-01-08 09:09:37,96.4,59,36.4,123/82,96,73.9,Patient denies any symptoms or discomfort.,0
PAT-00307,2024-01-09 08:55:54,95.9,57,36.1,118/74,91,73.9,Vitals remain within acceptable limits. No issues noted.,0
PAT-00307,2024-01-10 08:13:32,97.5,89,38.0,130/72,105,73.9,"Patient describes chills, fever.",0
PAT-00307,2024-01-11 08:41:30,98.1,91,37.3,180/113,100,73.9,"Today, patient states vision issues.",0
PAT-00307,2024-01-12 08:29:42,96.5,97,37.2,137/91,73,73.9,Patient is feeling well with all parameters stable.,0
PAT-00307,2024-01-13 10:13:12,97.3,77,37.1,112/78,80,73.9,Patient denies any symptoms or discomfort.,0
PAT-00307,2024-01-14 09:22:52,95.6,92,36.6,140/87,107,73.9,Patient denies any symptoms or discomfort.,0
PAT-00307,2024-01-15 10:28:09,96.1,71,37.7,110/82,84,73.9,Reports body aches.,0
PAT-00307,2024-01-16 08:55:43,96.2,97,36.2,144/85,88,73.9,Patient is feeling well with all parameters stable.,0
PAT-00307,2024-01-17 08:15:19,99.0,56,37.8,119/79,99,73.9,Patient describes mild fever.,0
PAT-00307,2024-01-18 09:43:54,95.6,67,37.3,167/118,98,73.9,"Today, patient states headaches.",1
PAT-00307,2024-01-19 08:44:08,96.4,86,38.6,181/113,149,73.9,"This morning, fever, severe discomfort, chest pain, severe headache, blurred vision. worsening symptoms present.",1
PAT-00307,2024-01-20 08:32:19,94.3,80,36.7,127/77,166,73.9,"Observes severe blurred vision, dry mouth, frequent urination. immediate attention may be needed.",0
PAT-00307,2024-01-21 10:55:51,92.7,61,35.5,117/71,174,73.9,"Observes mild coldness, severe blurred vision, dry mouth, frequent urination. immediate attention may be needed.",0
PAT-00307,2024-01-22 10:37:04,96.1,80,36.5,116/79,113,73.9,Vitals remain within acceptable limits. No issues noted.,0
PAT-00307,2024-01-23 10:51:01,97.2,56,36.8,171/112,102,73.9,Reports chest tightness.,0
PAT-00307,2024-01-24 09:53:19,95.2,105,36.2,114/83,85,73.9,"Today, patient states palpitations.",0
PAT-00307,2024-01-25 08:27:34,98.3,77,36.8,124/85,74,73.9,No significant complaints today.,0
PAT-00307,2024-01-26 10:12:35,96.5,103,37.1,122/85,171,73.9,"Indicates palpitations, severe blurred vision, dry mouth, frequent urination. immediate attention may be needed.",1
PAT-00307,2024-01-27 10:19:41,94.9,64,37.8,113/70,93,73.9,"Today, patient states body aches.",0
PAT-00307,2024-01-28 10:32:08,97.5,88,37.3,116/85,88,73.9,Patient is feeling well with all parameters stable.,0
PAT-00307,2024-01-29 10:19:08,92.3,81,36.5,130/70,80,73.9,Vitals remain within acceptable limits. No issues noted.,0
PAT-00307,2024-01-30 10:01:29,96.1,67,36.8,121/75,82,73.9,No significant complaints today.,0
PAT-00308,2024-01-01 09:22:56,97.6,65,37.1,149/95,122,63.8,No significant complaints today.,0
PAT-00308,2024-01-02 08:41:59,93.2,61,36.5,136/91,73,63.8,No symptoms reported. Vitals are within expected range.,0
PAT-00308,2024-01-03 09:40:27,94.7,90,37.2,150/85,96,63.8,No symptoms reported. Vitals are within expected range.,0
PAT-00308,2024-01-04 08:01:06,98.4,108,38.1,129/80,70,63.8,"This morning, palpitations, severe discomfort, headache. immediate attention may be needed.",0
PAT-00308,2024-01-05 09:09:28,92.7,51,36.8,123/84,81,63.8,Patient describes lightheadedness.,1
PAT-00308,2024-01-06 08:59:48,96.7,55,35.5,118/72,111,63.8,"This morning, lowered energy.",0
PAT-00308,2024-01-07 09:16:11,94.9,98,36.2,144/89,74,63.8,Patient denies any symptoms or discomfort.,0
PAT-00308,2024-01-08 10:06:39,98.5,59,35.8,140/94,157,63.8,"Observes lowered energy, severe blurred vision, dry mouth, frequent urination. worsening symptoms present.",0
PAT-00308,2024-01-09 08:36:34,98.7,54,35.7,123/81,112,63.8,"Observes lightheadedness, mild coldness.",1
PAT-00308,2024-01-10 08:11:41,95.7,77,35.8,127/78,121,63.8,Notes lowered energy.,0
PAT-00308,2024-01-11 09:08:27,95.8,84,36.1,137/90,104,63.8,Patient denies any symptoms or discomfort.,0
PAT-00308,2024-01-12 08:43:43,96.1,106,37.2,135/88,132,63.8,"Patient describes restlessness, blurred vision.",0
PAT-00308,2024-01-13 08:22:09,94.7,61,36.7,110/74,124,63.8,No significant complaints today.,0
PAT-00308,2024-01-14 08:42:26,94.2,78,36.3,127/71,87,63.8,Patient denies any symptoms or discomfort.,0
PAT-00308,2024-01-15 08:56:20,98.8,67,37.3,118/82,85,63.8,Patient denies any symptoms or discomfort.,0
PAT-00308,2024-01-16 10:28:56,96.4,81,36.5,126/80,167,63.8,"Patient describes severe blurred vision, dry mouth, frequent urination. worsening symptoms present.",1
PAT-00308,2024-01-17 08:24:04,92.7,53,36.8,133/95,74,63.8,Indicates lightheadedness.,0
PAT-00308,2024-01-18 10:42:46,96.9,86,36.6,127/72,83,63.8,Vitals remain within acceptable limits. No issues noted.,0
PAT-00308,2024-01-19 09:59:25,91.1,109,38.5,126/85,143,63.8,"Notes shortness of breath, palpitations, chills, severe discomfort, frequent urination. immediate attention may be needed.",0
PAT-00308,2024-01-20 09:25:04,94.5,51,36.0,144/94,93,63.8,Notes fatigue.,1
PAT-00308,2024-01-21 09:59:47,95.2,104,38.7,112/72,114,63.8,"Notes palpitations, muscle aches, severe discomfort. worsening symptoms present.",0
PAT-00308,2024-01-22 08:23:59,94.8,96,36.7,122/73,78,63.8,No symptoms reported. Vitals are within expected range.,0
PAT-00308,2024-01-23 10:42:41,94.4,58,36.0,188/106,72,63.8,"Today, patient states chest pain, severe headache. immediate attention may be needed.",0
PAT-00308,2024-01-24 10:33:07,97.8,82,36.7,122/85,125,63.8,No significant complaints today.,0
PAT-00308,2024-01-25 10:06:58,93.8,71,38.0,142/86,126,63.8,"Observes fever, headache, blurred vision.",1
PAT-00308,2024-01-26 09:32:43,93.5,101,36.4,132/91,98,63.8,Patient describes restlessness.,0
PAT-00308,2024-01-27 09:18:02,98.5,88,37.1,161/110,161,63.8,"Notes vision issues, severe blurred vision, dry mouth, frequent urination. worsening symptoms present.",0
PAT-00308,2024-01-28 09:06:46,93.8,85,38.8,134/93,136,63.8,"Notes headache, chills, frequent urination.",0
PAT-00308,2024-01-29 10:39:34,96.0,62,35.5,133/91,99,63.8,Notes lowered energy.,0
PAT-00308,2024-01-30 10:30:10,98.7,81,38.2,118/77,125,63.8,"Patient notes that chills, muscle aches.",1
PAT-00309,2024-01-01 10:35:23,98.7,109,37.1,113/77,76,65.2,Patient notes that restlessness.,1
PAT-00309,2024-01-02 08:14:16,97.9,55,37.1,127/75,124,65.2,Patient denies any symptoms or discomfort.,0
PAT-00309,2024-01-03 10:05:32,95.0,75,36.6,163/112,88,65.2,Observes headaches.,0
PAT-00309,2024-01-04 09:27:35,97.0,59,36.6,181/104,94,65.2,"This morning, chest pain, severe headache. immediate attention may be needed.",0
PAT-00309,2024-01-05 09:26:33,92.5,91,37.1,145/87,110,65.2,Patient denies any symptoms or discomfort.,0
PAT-00309,2024-01-06 09:22:53,95.2,80,38.0,132/88,102,65.2,"Observes muscle aches, severe discomfort. immediate attention may be needed.",1
PAT-00309,2024-01-07 09:41:27,96.2,90,38.2,114/73,76,65.2,"Observes headache, fever.",0
PAT-00309,2024-01-08 09:52:45,95.5,59,36.7,118/78,114,65.2,Vitals remain within acceptable limits. No issues noted.,0
PAT-00309,2024-01-09 08:19:22,96.9,70,36.9,181/115,150,65.2,"Indicates chest pain, severe headache, severe blurred vision, dry mouth, frequent urination. immediate attention may be needed.",0
PAT-00309,2024-01-10 08:39:18,98.4,76,36.5,128/77,121,65.2,Patient is feeling well with all parameters stable.,0
PAT-00309,2024-01-11 09:48:56,93.7,96,36.6,179/118,178,65.2,"Patient describes headaches, severe blurred vision, dry mouth, frequent urination. worsening symptoms present.",1
PAT-00309,2024-01-12 09:17:31,97.0,63,36.9,121/84,157,65.2,"Reports severe blurred vision, dry mouth, frequent urination. worsening symptoms present.",0
PAT-00309,2024-01-13 10:17:21,94.7,79,36.5,171/119,82,65.2,Notes chest tightness.,0
PAT-00309,2024-01-14 10:57:54,95.9,104,37.3,124/79,72,65.2,Notes anxiety.,0
PAT-00309,2024-01-15 08:58:24,99.5,54,37.1,110/80,97,65.2,Patient notes that lightheadedness.,0
PAT-00309,2024-01-16 10:14:53,97.1,95,36.9,134/92,151,65.2,"Indicates severe blurred vision, dry mouth, frequent urination. immediate attention may be needed.",1
PAT-00309,2024-01-17 10:03:20,92.4,57,36.7,115/73,116,65.2,No significant complaints today.,0
PAT-00309,2024-01-18 09:52:56,94.4,60,36.0,117/74,91,65.2,No symptoms reported. Vitals are within expected range.,0
PAT-00309,2024-01-19 09:39:04,97.0,74,36.3,185/108,88,65.2,"Today, patient states chest pain, severe headache. worsening symptoms present.",0
PAT-00309,2024-01-20 10:17:22,94.9,110,36.9,115/75,84,65.2,Reports anxiety.,0
PAT-00309,2024-01-21 08:22:20,95.0,54,35.9,145/85,129,65.2,"Indicates slow pulse, lowered energy, frequent urination.",1
PAT-00309,2024-01-22 10:00:40,96.7,64,38.8,128/83,90,65.2,"Patient notes that chills, fever.",0
PAT-00309,2024-01-23 10:15:14,99.3,89,36.8,122/78,101,65.2,Vitals remain within acceptable limits. No issues noted.,0
PAT-00309,2024-01-24 08:48:34,92.5,52,37.0,174/102,121,65.2,"This morning, lightheadedness, vision issues.",1
PAT-00309,2024-01-25 09:15:07,93.1,60,36.0,183/118,112,65.2,"Indicates chest pain, severe headache. worsening symptoms present.",1
PAT-00309,2024-01-26 09:19:02,95.0,104,36.6,175/108,87,65.2,"Reports anxiety, vision issues.",0
PAT-00309,2024-01-27 09:55:32,100.0,64,36.9,130/89,76,65.2,Patient denies any symptoms or discomfort.,0
PAT-00309,2024-01-28 08:08:29,97.8,75,37.3,116/73,124,65.2,Vitals remain within acceptable limits. No issues noted.,0
PAT-00309,2024-01-29 09:43:56,99.0,86,36.9,115/85,160,65.2,"Notes severe blurred vision, dry mouth, frequent urination. immediate attention may be needed.",0
PAT-00309,2024-01-30 10:43:35,97.3,105,36.9,115/78,104,65.2,Patient notes that restlessness.,0
PAT-00310,2024-01-01 08:17:01,97.4,102,35.8,140/85,123,75.4,"Patient notes that restlessness, mild coldness.",0
PAT-00310,2024-01-02 09:56:19,96.7,57,37.4,111/81,119,75.4,Patient denies any symptoms or discomfort.,0
PAT-00310,2024-01-03 10:55:58,93.6,74,35.6,120/76,92,75.4,Patient describes lowered energy.,0
PAT-00310,2024-01-04 10:40:13,94.7,65,35.8,177/120,79,75.4,"Today, patient states lowered energy, headaches.",1
PAT-00310,2024-01-05 10:04:40,95.2,89,36.8,145/86,96,75.4,Patient denies any symptoms or discomfort.,0
PAT-00310,2024-01-06 08:09:59,94.4,86,35.6,127/73,88,75.4,Patient describes lowered energy.,0
PAT-00310,2024-01-07 09:36:44,95.0,75,36.7,124/81,166,75.4,"Today, patient states severe blurred vision, dry mouth, frequent urination. immediate attention may be needed.",1
PAT-00310,2024-01-08 09:49:34,98.2,97,37.3,121/79,110,75.4,Patient denies any symptoms or discomfort.,0
PAT-00310,2024-01-09 08:43:34,92.5,103,36.5,145/95,97,75.4,Reports anxiety.,1
PAT-00310,2024-01-10 10:51:57,97.9,64,37.2,117/73,97,75.4,Patient denies any symptoms or discomfort.,0
PAT-00310,2024-01-11 09:51:45,97.3,75,36.9,122/78,84,75.4,Patient denies any symptoms or discomfort.,0
PAT-00310,2024-01-12 10:54:15,96.1,88,37.1,117/81,82,75.4,Patient is feeling well with all parameters stable.,0
PAT-00310,2024-01-13 10:33:42,93.8,88,36.9,115/75,105,75.4,No symptoms reported. Vitals are within expected range.,0
PAT-00310,2024-01-14 09:59:43,99.1,60,37.3,128/85,85,75.4,Vitals remain within acceptable limits. No issues noted.,0
PAT-00310,2024-01-15 08:02:34,94.3,54,36.7,165/118,95,75.4,"Patient describes slow pulse, headaches.",0
PAT-00310,2024-01-16 09:02:40,93.3,64,36.9,116/83,87,75.4,No symptoms reported. Vitals are within expected range.,0
PAT-00310,2024-01-17 10:42:16,97.0,87,37.1,123/77,150,75.4,"Today, patient states severe blurred vision, dry mouth, frequent urination. immediate attention may be needed.",0
PAT-00310,2024-01-18 08:05:56,94.6,101,37.1,119/82,72,75.4,Reports palpitations.,0
PAT-00310,2024-01-19 10:54:54,95.3,87,39.0,112/75,90,75.4,"Indicates chills, headache.",0
PAT-00310,2024-01-20 10:37:16,97.6,83,36.0,113/78,96,75.4,Vitals remain within acceptable limits. No issues noted.,0
PAT-00310,2024-01-21 10:43:20,97.9,93,36.7,113/80,92,75.4,Patient is feeling well with all parameters stable.,0
PAT-00310,2024-01-22 08:11:41,96.8,66,38.6,112/80,120,75.4,"Patient describes chills, fever.",1
PAT-00310,2024-01-23 09:04:09,98.1,54,36.4,129/74,71,75.4,Notes lightheadedness.,0
PAT-00310,2024-01-24 09:46:46,94.4,79,36.4,125/77,126,75.4,Patient describes frequent urination.,0
PAT-00310,2024-01-25 09:09:30,91.7,96,36.7,176/101,73,75.4,"Patient notes that dizziness, vision issues.",1
PAT-00310,2024-01-26 09:26:12,94.3,95,36.2,118/81,109,75.4,No significant complaints today.,0
PAT-00310,2024-01-27 08:27:00,96.9,102,37.1,120/83,116,75.4,Patient notes that palpitations.,0
PAT-00310,2024-01-28 08:53:38,96.4,76,37.3,184/111,91,75.4,"This morning, chest pain, severe headache. immediate attention may be needed.",0
PAT-00310,2024-01-29 10:30:11,96.6,80,35.9,187/118,83,75.4,"This morning, mild coldness, chest pain, severe headache. worsening symptoms present.",0
PAT-00310,2024-01-30 08:46:43,90.7,54,36.0,123/85,73,75.4,"Notes low energy, fatigue.",0
PAT-00311,2024-01-01 10:28:12,100.0,94,36.1,124/79,77,109.4,Vitals remain within acceptable limits. No issues noted.,0
PAT-00311,2024-01-02 09:46:42,97.4,80,36.4,181/112,84,109.4,"Notes chest pain, severe headache. worsening symptoms present.",0
PAT-00311,2024-01-03 08:06:40,95.1,106,35.9,139/92,95,109.4,"Observes anxiety, lowered energy.",0
PAT-00311,2024-01-04 10:23:12,95.5,55,35.9,148/91,100,109.4,Reports lowered energy.,0
PAT-00311,2024-01-05 08:35:16,93.9,81,35.9,125/82,111,109.4,Patient describes mild coldness.,0
PAT-00311,2024-01-06 09:24:11,96.7,65,35.7,119/84,73,109.4,"Today, patient states mild coldness.",0
PAT-00311,2024-01-07 10:33:52,95.7,62,37.2,185/120,96,109.4,"Notes chest pain, severe headache. worsening symptoms present.",0
PAT-00311,2024-01-08 08:29:06,96.8,61,38.9,188/109,92,109.4,"Observes muscle aches, chills, chest pain, severe headache. immediate attention may be needed.",0
PAT-00311,2024-01-09 09:47:02,97.3,90,38.1,144/90,101,109.4,"Patient notes that headache, severe discomfort. worsening symptoms present.",1
PAT-00311,2024-01-10 08:10:52,98.2,62,37.2,124/70,83,109.4,Vitals remain within acceptable limits. No issues noted.,0
PAT-00311,2024-01-11 09:52:19,95.6,87,35.8,176/102,86,109.4,"Reports mild coldness, chest tightness.",0
PAT-00311,2024-01-12 10:42:50,95.5,85,36.5,187/113,86,109.4,"Notes chest pain, severe headache. immediate attention may be needed.",0
PAT-00311,2024-01-13 09:56:58,97.1,97,38.7,189/106,83,109.4,"Today, patient states fever, severe discomfort, chest pain, severe headache. immediate attention may be needed.",1
PAT-00311,2024-01-14 10:57:48,95.8,83,35.6,143/90,114,109.4,Indicates mild coldness.,0
PAT-00311,2024-01-15 09:53:35,94.2,93,37.9,181/116,176,109.4,"Reports night sweats, chest pain, severe headache, severe blurred vision, dry mouth, frequent urination. worsening symptoms present.",1
PAT-00311,2024-01-16 09:24:11,90.8,97,37.8,146/85,75,109.4,"Patient describes dizziness, night sweats.",0
PAT-00311,2024-01-17 10:18:26,95.4,92,38.8,127/83,84,109.4,"Observes headache, fever.",0
PAT-00311,2024-01-18 09:04:33,97.7,93,37.8,118/83,101,109.4,Reports night sweats.,0
PAT-00311,2024-01-19 10:58:14,95.4,103,37.7,188/106,175,109.4,"Patient describes palpitations, mild fever, chest pain, severe headache, severe blurred vision, dry mouth, frequent urination. worsening symptoms present.",0
PAT-00311,2024-01-20 10:10:38,95.4,74,37.4,129/70,95,109.4,Patient is feeling well with all parameters stable.,0
PAT-00311,2024-01-21 09:31:09,98.3,50,36.8,148/91,157,109.4,"Observes lightheadedness, severe blurred vision, dry mouth, frequent urination. immediate attention may be needed.",1
PAT-00311,2024-01-22 09:04:39,96.4,103,37.9,121/76,114,109.4,"Patient describes restlessness, night sweats.",0
PAT-00311,2024-01-23 10:55:46,95.8,89,36.8,135/92,79,109.4,No significant complaints today.,0
PAT-00311,2024-01-24 08:34:15,95.8,109,37.2,144/95,80,109.4,Patient notes that palpitations.,0
PAT-00311,2024-01-25 08:35:59,92.8,80,36.2,116/76,96,109.4,No symptoms reported. Vitals are within expected range.,0
PAT-00311,2024-01-26 08:18:27,98.0,86,35.8,145/86,81,109.4,Reports mild coldness.,0
PAT-00311,2024-01-27 10:43:35,93.4,76,36.5,127/75,115,109.4,Patient is feeling well with all parameters stable.,0
PAT-00311,2024-01-28 08:47:53,97.4,65,37.4,169/116,89,109.4,"Today, patient states chest tightness.",1
PAT-00311,2024-01-29 09:56:12,94.5,74,37.3,168/111,111,109.4,Observes headaches.,1
PAT-00311,2024-01-30 10:15:36,96.8,99,36.1,160/117,72,109.4,"This morning, vision issues.",0
PAT-00312,2024-01-01 10:50:54,98.1,68,36.7,126/75,115,61.2,No significant complaints today.,0
PAT-00312,2024-01-02 10:19:57,98.4,86,37.0,124/75,97,61.2,Vitals remain within acceptable limits. No issues noted.,0
PAT-00312,2024-01-03 10:56:51,97.2,61,37.2,132/94,74,61.2,Vitals remain within acceptable limits. No issues noted.,0
PAT-00312,2024-01-04 09:22:39,94.6,100,37.5,145/94,166,61.2,"Today, patient states night sweats, severe blurred vision, dry mouth, frequent urination. immediate attention may be needed.",0
PAT-00312,2024-01-05 08:59:44,95.0,92,36.9,129/76,110,61.2,Vitals remain within acceptable limits. No issues noted.,0
PAT-00312,2024-01-06 08:35:29,95.6,51,37.1,123/80,71,61.2,Reports slow pulse.,0
PAT-00312,2024-01-07 08:51:43,96.7,57,38.0,122/72,76,61.2,"Notes muscle aches, chills.",0
PAT-00312,2024-01-08 08:27:37,94.6,98,35.6,120/77,95,61.2,Patient notes that lowered energy.,0
PAT-00312,2024-01-09 08:40:40,96.2,85,38.1,130/84,74,61.2,"Indicates muscle aches, severe discomfort. immediate attention may be needed.",0
PAT-00312,2024-01-10 08:50:39,95.6,110,36.6,147/92,120,61.2,"This morning, anxiety.",0
PAT-00312,2024-01-11 08:18:56,97.7,76,37.1,114/75,76,61.2,Patient denies any symptoms or discomfort.,0
PAT-00312,2024-01-12 08:23:43,98.2,108,36.4,183/119,82,61.2,"Observes anxiety, chest pain, severe headache. worsening symptoms present.",1
PAT-00312,2024-01-13 09:00:24,95.8,56,36.7,110/73,97,61.2,Vitals remain within acceptable limits. No issues noted.,0
PAT-00312,2024-01-14 09:21:33,94.8,89,37.1,122/81,73,61.2,No significant complaints today.,0
PAT-00312,2024-01-15 08:15:20,98.0,71,36.5,121/73,125,61.2,No symptoms reported. Vitals are within expected range.,0
PAT-00312,2024-01-16 09:25:41,94.2,90,37.1,171/113,180,61.2,"Indicates vision issues, severe blurred vision, dry mouth, frequent urination. immediate attention may be needed.",1
PAT-00312,2024-01-17 08:40:06,95.3,53,37.3,123/70,71,61.2,Notes slow pulse.,1
PAT-00312,2024-01-18 08:34:02,97.9,89,38.1,160/113,77,61.2,"This morning, severe discomfort, chills, headaches. worsening symptoms present.",1
PAT-00312,2024-01-19 08:27:37,94.1,51,38.0,130/94,91,61.2,"This morning, slow pulse, headache, severe discomfort. worsening symptoms present.",0
PAT-00312,2024-01-20 08:36:06,100.0,85,35.7,122/76,91,61.2,Reports mild coldness.,0
PAT-00312,2024-01-21 08:26:34,95.9,61,35.6,110/78,96,61.2,"This morning, lowered energy.",0
PAT-00312,2024-01-22 08:21:30,93.8,88,36.2,111/70,89,61.2,No significant complaints today.,0
PAT-00312,2024-01-23 10:28:56,93.5,92,37.0,125/71,98,61.2,No symptoms reported. Vitals are within expected range.,0
PAT-00312,2024-01-24 08:42:46,95.2,101,36.8,140/95,111,61.2,Reports palpitations.,1
PAT-00312,2024-01-25 09:33:37,95.2,50,36.5,111/80,99,61.2,Notes lightheadedness.,1
PAT-00312,2024-01-26 08:22:22,96.1,81,35.9,138/88,120,61.2,Notes mild coldness.,0
PAT-00312,2024-01-27 10:49:13,93.4,95,38.5,130/72,99,61.2,"Today, patient states chills, muscle aches.",1
PAT-00312,2024-01-28 08:21:32,93.1,60,36.7,180/106,77,61.2,Patient describes vision issues.,0
PAT-00312,2024-01-29 10:04:15,97.4,52,36.3,114/85,98,61.2,Patient describes fatigue.,0
PAT-00312,2024-01-30 10:43:44,97.8,105,36.3,150/89,79,61.2,"Today, patient states restlessness.",0
PAT-00313,2024-01-01 10:46:32,93.1,63,36.9,133/85,96,63.3,Patient denies any symptoms or discomfort.,0
PAT-00313,2024-01-02 08:51:46,96.7,86,35.9,127/85,113,63.3,Indicates lowered energy.,0
PAT-00313,2024-01-03 09:13:59,96.7,66,37.3,119/76,123,63.3,No significant complaints today.,0
PAT-00313,2024-01-04 10:49:29,93.2,106,37.2,119/77,84,63.3,Reports palpitations.,1
PAT-00313,2024-01-05 10:48:43,98.1,61,38.8,136/88,173,63.3,"Today, patient states headache, fever, severe blurred vision, dry mouth, frequent urination. immediate attention may be needed.",0
PAT-00313,2024-01-06 09:45:20,94.3,60,37.3,123/70,110,63.3,Patient is feeling well with all parameters stable.,0
PAT-00313,2024-01-07 08:46:59,96.0,71,36.9,113/73,82,63.3,Vitals remain within acceptable limits. No issues noted.,0
PAT-00313,2024-01-08 10:48:57,98.7,99,37.1,121/84,120,63.3,Vitals remain within acceptable limits. No issues noted.,0
PAT-00313,2024-01-09 08:22:56,98.5,53,37.6,130/88,108,63.3,"This morning, slow pulse, body aches.",1
PAT-00313,2024-01-10 08:10:28,97.9,97,36.9,115/74,82,63.3,Vitals remain within acceptable limits. No issues noted.,0
PAT-00313,2024-01-11 08:40:33,91.5,74,36.9,130/87,75,63.3,Notes low energy.,1
PAT-00313,2024-01-12 08:37:45,93.5,105,38.4,120/72,102,63.3,"Notes palpitations, chills, severe discomfort. worsening symptoms present.",0
PAT-00313,2024-01-13 10:49:50,97.6,108,37.9,143/90,83,63.3,"Patient notes that restlessness, body aches.",0
PAT-00313,2024-01-14 09:57:47,97.7,101,35.9,129/72,124,63.3,"Today, patient states restlessness, mild coldness.",1
PAT-00313,2024-01-15 08:14:10,96.2,88,37.1,128/74,176,63.3,"Notes severe blurred vision, dry mouth, frequent urination. immediate attention may be needed.",1
PAT-00313,2024-01-16 10:10:06,98.4,96,36.4,127/79,93,63.3,Patient is feeling well with all parameters stable.,0
PAT-00313,2024-01-17 08:05:49,94.6,67,36.8,188/107,94,63.3,"Patient describes chest pain, severe headache. worsening symptoms present.",1
PAT-00313,2024-01-18 10:03:18,95.5,83,37.0,115/80,112,63.3,Patient is feeling well with all parameters stable.,0
PAT-00313,2024-01-19 08:48:08,98.9,59,36.5,116/70,88,63.3,Patient denies any symptoms or discomfort.,0
PAT-00313,2024-01-20 09:41:11,93.1,60,37.1,165/100,94,63.3,Patient notes that headaches.,0
PAT-00313,2024-01-21 08:53:44,94.1,95,37.1,120/81,82,63.3,No symptoms reported. Vitals are within expected range.,0
PAT-00313,2024-01-22 10:27:00,96.7,73,35.8,115/77,96,63.3,Notes mild coldness.,0
PAT-00313,2024-01-23 09:18:19,95.5,67,36.5,125/77,70,63.3,Patient is feeling well with all parameters stable.,0
PAT-00313,2024-01-24 09:39:26,95.9,94,36.9,190/115,113,63.3,"Today, patient states chest pain, severe headache. immediate attention may be needed.",0
PAT-00313,2024-01-25 10:37:31,94.3,102,36.8,117/75,80,63.3,Indicates palpitations.,0
PAT-00313,2024-01-26 10:28:57,96.1,72,37.4,125/78,161,63.3,"Reports severe blurred vision, dry mouth, frequent urination. immediate attention may be needed.",0
PAT-00313,2024-01-27 10:06:17,93.6,64,37.3,110/77,85,63.3,Vitals remain within acceptable limits. No issues noted.,0
PAT-00313,2024-01-28 10:19:04,94.6,54,37.4,117/72,96,63.3,Patient describes fatigue.,0
PAT-00313,2024-01-29 10:33:35,94.3,105,36.6,147/89,75,63.3,Patient notes that anxiety.,0
PAT-00313,2024-01-30 08:46:58,96.7,104,37.3,113/78,98,63.3,Notes palpitations.,1
PAT-00314,2024-01-01 10:44:40,94.1,77,35.8,126/81,83,74.9,Patient describes mild coldness.,0
PAT-00314,2024-01-02 10:49:21,95.1,94,37.3,112/74,94,74.9,No symptoms reported. Vitals are within expected range.,0
PAT-00314,2024-01-03 09:41:05,97.4,72,36.1,118/81,92,74.9,No significant complaints today.,0
PAT-00314,2024-01-04 09:36:54,95.2,102,36.0,118/85,101,74.9,"This morning, palpitations.",0
PAT-00314,2024-01-05 10:29:00,90.7,67,36.4,149/90,172,74.9,"Notes shortness of breath, severe blurred vision, dry mouth, frequent urination. immediate attention may be needed.",0
PAT-00314,2024-01-06 08:42:54,96.8,71,36.4,179/108,126,74.9,"Reports chest tightness, frequent urination.",1
PAT-00314,2024-01-07 10:44:02,96.1,56,37.2,177/102,77,74.9,Observes headaches.,1
PAT-00314,2024-01-08 10:24:55,90.1,64,35.9,114/78,169,74.9,"This morning, dizziness, lowered energy, severe blurred vision, dry mouth, frequent urination. worsening symptoms present.",1
PAT-00314,2024-01-09 09:23:26,92.0,63,36.5,121/85,91,74.9,Patient is feeling well with all parameters stable.,0
PAT-00314,2024-01-10 08:21:42,96.7,101,36.7,132/92,104,74.9,Notes restlessness.,1
PAT-00314,2024-01-11 10:18:29,94.7,109,38.2,115/84,128,74.9,"Observes restlessness, severe discomfort, muscle aches, dry mouth. immediate attention may be needed.",0
PAT-00314,2024-01-12 08:20:14,96.7,102,36.6,111/83,92,74.9,Notes anxiety.,1
PAT-00314,2024-01-13 09:46:43,95.8,60,38.4,123/85,109,74.9,"This morning, fever, severe discomfort. immediate attention may be needed.",0
PAT-00314,2024-01-14 08:40:32,95.0,74,36.6,150/85,70,74.9,No symptoms reported. Vitals are within expected range.,0
PAT-00314,2024-01-15 08:01:27,99.1,90,35.9,169/116,129,74.9,"Patient notes that mild coldness, chest tightness, blurred vision.",1
PAT-00314,2024-01-16 10:25:36,95.0,79,36.4,130/70,129,74.9,Reports frequent urination.,0
PAT-00314,2024-01-17 09:34:40,97.9,79,37.0,119/82,91,74.9,No significant complaints today.,0
PAT-00314,2024-01-18 08:44:04,98.0,52,37.2,138/87,104,74.9,Observes slow pulse.,0
PAT-00314,2024-01-19 08:27:49,97.7,59,35.8,162/107,95,74.9,"Reports mild coldness, vision issues.",0
PAT-00314,2024-01-20 08:47:49,95.1,59,37.3,120/74,92,74.9,Patient denies any symptoms or discomfort.,0
PAT-00314,2024-01-21 09:27:28,97.7,76,36.9,187/104,76,74.9,"Observes chest pain, severe headache. immediate attention may be needed.",1
PAT-00314,2024-01-22 09:46:29,95.4,73,36.0,121/79,91,74.9,Patient is feeling well with all parameters stable.,0
PAT-00314,2024-01-23 09:35:30,95.3,86,36.9,130/81,110,74.9,No symptoms reported. Vitals are within expected range.,0
PAT-00314,2024-01-24 08:49:33,98.1,79,36.5,125/74,144,74.9,Reports frequent urination.,0
PAT-00314,2024-01-25 09:01:59,93.5,103,37.9,166/106,85,74.9,"Notes anxiety, body aches, headaches.",1
PAT-00314,2024-01-26 08:45:26,95.1,84,36.5,124/76,105,74.9,Patient denies any symptoms or discomfort.,0
PAT-00314,2024-01-27 08:14:26,96.3,51,36.6,120/77,82,74.9,Patient describes fatigue.,1
PAT-00314,2024-01-28 09:08:02,99.4,110,36.9,135/95,117,74.9,Patient describes palpitations.,1
PAT-00314,2024-01-29 10:37:56,94.6,70,36.2,129/83,105,74.9,No symptoms reported. Vitals are within expected range.,0
PAT-00314,2024-01-30 10:15:58,92.9,52,36.6,118/80,89,74.9,Reports slow pulse.,1
PAT-00315,2024-01-01 08:43:52,98.2,62,36.7,119/72,78,70.8,No symptoms reported. Vitals are within expected range.,0
PAT-00315,2024-01-02 09:33:09,95.8,100,36.8,118/80,93,70.8,No significant complaints today.,0
PAT-00315,2024-01-03 08:19:13,95.2,107,37.0,189/104,81,70.8,"Patient describes palpitations, chest pain, severe headache. worsening symptoms present.",0
PAT-00315,2024-01-04 10:24:43,98.1,109,36.9,148/87,71,70.8,Reports restlessness.,1
PAT-00315,2024-01-05 09:44:49,94.6,62,36.9,121/79,124,70.8,Patient denies any symptoms or discomfort.,0
PAT-00315,2024-01-06 08:18:37,94.8,99,38.5,134/93,141,70.8,"Patient describes muscle aches, chills, dry mouth.",0
PAT-00315,2024-01-07 09:30:41,95.7,83,37.1,130/72,143,70.8,Indicates frequent urination.,0
PAT-00315,2024-01-08 08:14:25,93.0,109,37.9,113/85,98,70.8,"Today, patient states anxiety, mild fever.",0
PAT-00315,2024-01-09 08:19:11,96.5,52,37.2,137/89,130,70.8,"Indicates fatigue, frequent urination.",0
PAT-00315,2024-01-10 10:49:09,99.3,92,35.9,113/84,71,70.8,Patient notes that mild coldness.,0
PAT-00315,2024-01-11 09:55:39,97.5,102,36.2,130/94,100,70.8,"This morning, palpitations.",0
PAT-00315,2024-01-12 08:30:10,92.9,86,37.0,111/79,99,70.8,Patient is feeling well with all parameters stable.,0
PAT-00315,2024-01-13 09:49:02,92.6,80,37.2,148/89,76,70.8,No significant complaints today.,0
PAT-00315,2024-01-14 08:07:05,96.8,59,36.7,129/85,103,70.8,Patient denies any symptoms or discomfort.,0
PAT-00315,2024-01-15 09:46:11,95.9,71,37.2,150/91,92,70.8,No significant complaints today.,0
PAT-00315,2024-01-16 09:15:27,97.2,77,37.7,177/112,78,70.8,"Patient notes that body aches, headaches.",1
PAT-00315,2024-01-17 09:48:20,95.1,102,37.3,128/82,70,70.8,Observes anxiety.,0
PAT-00315,2024-01-18 08:33:22,98.4,97,35.5,122/85,96,70.8,"This morning, lowered energy.",0
PAT-00315,2024-01-19 08:33:30,96.5,90,37.1,132/86,96,70.8,Vitals remain within acceptable limits. No issues noted.,0
PAT-00315,2024-01-20 08:22:49,97.0,54,36.6,136/86,77,70.8,Reports lightheadedness.,1
PAT-00315,2024-01-21 08:43:59,99.2,57,37.2,131/91,93,70.8,No significant complaints today.,0
PAT-00315,2024-01-22 09:30:56,100.0,106,37.2,116/70,78,70.8,Indicates anxiety.,0
PAT-00315,2024-01-23 08:01:15,95.0,50,35.7,116/77,115,70.8,"Observes slow pulse, mild coldness.",0
PAT-00315,2024-01-24 10:21:45,95.7,60,35.9,165/119,84,70.8,"Patient describes lowered energy, headaches.",0
PAT-00315,2024-01-25 09:18:54,97.0,90,36.8,129/76,174,70.8,"Patient describes severe blurred vision, dry mouth, frequent urination. worsening symptoms present.",0
PAT-00315,2024-01-26 09:30:28,92.7,56,36.2,130/72,79,70.8,Vitals remain within acceptable limits. No issues noted.,0
PAT-00315,2024-01-27 10:47:09,98.2,72,37.1,110/71,81,70.8,Patient is feeling well with all parameters stable.,0
PAT-00315,2024-01-28 10:26:13,97.5,71,36.9,145/89,71,70.8,No symptoms reported. Vitals are within expected range.,0
PAT-00315,2024-01-29 09:19:16,96.6,69,36.7,139/86,107,70.8,No significant complaints today.,0
PAT-00315,2024-01-30 10:41:11,95.9,83,35.9,117/81,80,70.8,Observes mild coldness.,0
PAT-00316,2024-01-01 08:15:34,95.7,84,36.1,111/82,94,68.6,Vitals remain within acceptable limits. No issues noted.,0
PAT-00316,2024-01-02 09:39:38,98.8,106,37.1,148/85,79,68.6,Reports palpitations.,0
PAT-00316,2024-01-03 08:25:13,98.5,93,36.5,130/90,89,68.6,No symptoms reported. Vitals are within expected range.,0
PAT-00316,2024-01-04 09:50:25,98.2,93,35.9,118/70,121,68.6,Observes lowered energy.,0
PAT-00316,2024-01-05 08:55:42,97.4,56,35.7,129/71,85,68.6,"Today, patient states mild coldness.",0
PAT-00316,2024-01-06 08:03:38,96.5,65,37.0,161/101,89,68.6,Reports chest tightness.,0
PAT-00316,2024-01-07 10:33:38,94.1,64,37.4,163/112,117,68.6,Patient describes headaches.,1
PAT-00316,2024-01-08 10:53:38,99.9,68,37.2,124/76,89,68.6,Vitals remain within acceptable limits. No issues noted.,0
PAT-00316,2024-01-09 09:57:25,100.0,109,37.0,110/83,90,68.6,Patient describes palpitations.,0
PAT-00316,2024-01-10 08:14:57,96.1,67,37.7,126/74,99,68.6,"Today, patient states mild fever.",0
PAT-00316,2024-01-11 10:10:11,94.0,67,37.3,121/76,155,68.6,"Patient notes that severe blurred vision, dry mouth, frequent urination. immediate attention may be needed.",1
PAT-00316,2024-01-12 09:08:29,96.6,91,37.3,140/94,104,68.6,No symptoms reported. Vitals are within expected range.,0
PAT-00316,2024-01-13 10:04:34,96.0,110,37.0,147/92,74,68.6,Observes palpitations.,1
PAT-00316,2024-01-14 09:55:49,97.8,57,38.6,145/91,85,68.6,"Reports headache, severe discomfort. immediate attention may be needed.",0
PAT-00316,2024-01-15 08:32:40,96.9,68,38.3,126/76,119,68.6,"Patient describes headache, chills.",0
PAT-00316,2024-01-16 09:45:27,95.9,66,36.8,114/80,83,68.6,No significant complaints today.,0
PAT-00316,2024-01-17 09:19:32,95.2,59,38.4,117/82,84,68.6,"Reports fever, headache.",1
PAT-00316,2024-01-18 10:31:58,93.3,71,36.6,110/70,76,68.6,No significant complaints today.,0
PAT-00316,2024-01-19 10:03:16,94.6,53,36.5,127/70,72,68.6,"Today, patient states fatigue.",1
PAT-00316,2024-01-20 08:00:48,94.4,101,36.8,127/76,81,68.6,"Today, patient states anxiety.",1
PAT-00316,2024-01-21 10:20:41,97.7,88,38.5,127/79,95,68.6,"Patient notes that chills, muscle aches.",0
PAT-00316,2024-01-22 09:58:58,95.2,89,37.6,112/84,86,68.6,"Today, patient states night sweats.",0
PAT-00316,2024-01-23 09:24:01,96.9,51,36.2,126/76,75,68.6,Indicates fatigue.,0
PAT-00316,2024-01-24 10:07:44,98.4,102,35.6,129/81,122,68.6,"Patient notes that anxiety, mild coldness.",1
PAT-00316,2024-01-25 10:46:26,96.3,108,35.9,136/95,113,68.6,"This morning, palpitations, lowered energy.",1
PAT-00316,2024-01-26 10:01:16,97.8,83,35.8,110/72,89,68.6,Patient notes that mild coldness.,0
PAT-00316,2024-01-27 10:36:32,96.0,62,37.0,126/79,77,68.6,No significant complaints today.,0
PAT-00316,2024-01-28 09:56:50,97.3,71,36.7,125/79,107,68.6,Patient is feeling well with all parameters stable.,0
PAT-00316,2024-01-29 09:37:22,93.5,80,37.3,112/75,74,68.6,Patient denies any symptoms or discomfort.,0
PAT-00316,2024-01-30 09:09:37,95.0,53,37.1,130/75,103,68.6,Observes lightheadedness.,1
PAT-00317,2024-01-01 09:35:50,95.5,71,37.0,114/73,91,92.9,No symptoms reported. Vitals are within expected range.,0
PAT-00317,2024-01-02 10:29:14,94.2,70,36.9,129/71,72,92.9,Patient is feeling well with all parameters stable.,0
PAT-00317,2024-01-03 10:52:40,93.5,71,36.7,124/70,90,92.9,No significant complaints today.,0
PAT-00317,2024-01-04 08:50:16,96.5,106,39.0,134/87,78,92.9,"Patient notes that palpitations, fever, chills.",0
PAT-00317,2024-01-05 10:33:35,95.5,71,38.6,120/84,76,92.9,"Indicates severe discomfort, chills. immediate attention may be needed.",1
PAT-00317,2024-01-06 10:25:00,95.0,107,36.9,141/90,71,92.9,Observes palpitations.,0
PAT-00317,2024-01-07 09:50:54,95.0,108,36.9,149/86,78,92.9,"Today, patient states anxiety.",0
PAT-00317,2024-01-08 09:13:50,97.6,78,36.2,121/80,83,92.9,Vitals remain within acceptable limits. No issues noted.,0
PAT-00317,2024-01-09 08:00:30,98.2,61,36.4,137/91,92,92.9,Patient denies any symptoms or discomfort.,0
PAT-00317,2024-01-10 10:52:50,97.6,106,36.8,129/76,85,92.9,Observes palpitations.,1
PAT-00317,2024-01-11 08:06:22,97.6,88,37.4,130/75,85,92.9,Patient is feeling well with all parameters stable.,0
PAT-00317,2024-01-12 09:18:45,95.8,77,37.8,112/73,87,92.9,Notes night sweats.,0
PAT-00317,2024-01-13 10:37:54,96.0,90,37.3,121/74,118,92.9,Patient denies any symptoms or discomfort.,0
PAT-00317,2024-01-14 09:18:03,96.8,108,36.5,110/71,180,92.9,"Patient notes that palpitations, severe blurred vision, dry mouth, frequent urination. worsening symptoms present.",0
PAT-00317,2024-01-15 10:29:32,94.3,64,37.3,120/84,138,92.9,"Today, patient states blurred vision.",0
PAT-00317,2024-01-16 08:55:51,97.3,50,35.7,117/84,174,92.9,"Notes lightheadedness, lowered energy, severe blurred vision, dry mouth, frequent urination. immediate attention may be needed.",1
PAT-00317,2024-01-17 09:40:14,99.4,96,37.7,138/85,125,92.9,Observes mild fever.,0
PAT-00317,2024-01-18 10:29:34,95.6,83,39.0,121/71,122,92.9,"Today, patient states headache, fever.",1
PAT-00317,2024-01-19 08:39:34,97.0,102,37.2,141/93,99,92.9,Reports restlessness.,1
PAT-00317,2024-01-20 10:56:44,96.6,90,38.2,112/79,82,92.9,"Reports muscle aches, severe discomfort. worsening symptoms present.",0
PAT-00317,2024-01-21 10:13:11,93.7,90,37.1,115/70,95,92.9,No symptoms reported. Vitals are within expected range.,0
PAT-00317,2024-01-22 09:10:43,94.1,55,37.2,110/72,164,92.9,"Reports severe blurred vision, dry mouth, frequent urination. immediate attention may be needed.",0
PAT-00317,2024-01-23 10:59:32,91.5,82,37.1,124/80,70,92.9,Indicates dizziness.,1
PAT-00317,2024-01-24 08:00:55,99.4,102,36.7,135/87,146,92.9,"Indicates palpitations, blurred vision.",0
PAT-00317,2024-01-25 09:39:04,93.3,104,36.0,119/71,119,92.9,"Today, patient states palpitations.",1
PAT-00317,2024-01-26 08:26:56,96.8,60,37.1,139/95,78,92.9,No symptoms reported. Vitals are within expected range.,0
PAT-00317,2024-01-27 09:46:48,92.4,80,36.1,110/83,83,92.9,No significant complaints today.,0
PAT-00317,2024-01-28 09:39:24,95.8,88,38.5,120/74,85,92.9,"Reports chills, severe discomfort. worsening symptoms present.",1
PAT-00317,2024-01-29 08:46:54,97.3,55,36.2,148/93,97,92.9,Patient is feeling well with all parameters stable.,0
PAT-00317,2024-01-30 08:32:45,94.3,79,37.1,147/92,176,92.9,"Patient describes severe blurred vision, dry mouth, frequent urination. immediate attention may be needed.",1
PAT-00318,2024-01-01 08:43:18,98.4,81,37.1,138/89,148,77.8,Observes blurred vision.,0
PAT-00318,2024-01-02 09:05:13,95.7,75,37.9,160/107,78,77.8,"Notes mild fever, vision issues.",1
PAT-00318,2024-01-03 10:20:14,98.9,51,36.9,170/101,125,77.8,"Indicates lightheadedness, vision issues.",0
PAT-00318,2024-01-04 08:36:15,97.5,59,37.1,113/73,91,77.8,No significant complaints today.,0
PAT-00318,2024-01-05 09:20:37,95.0,68,38.3,127/70,83,77.8,"Patient notes that chills, fever.",1
PAT-00318,2024-01-06 10:48:31,98.8,79,38.6,120/82,71,77.8,"Patient notes that headache, chills.",0
PAT-00318,2024-01-07 10:12:12,96.5,80,36.7,181/107,125,77.8,"Patient describes chest pain, severe headache. immediate attention may be needed.",1
PAT-00318,2024-01-08 09:49:35,97.3,65,35.6,114/70,80,77.8,Notes mild coldness.,0
PAT-00318,2024-01-09 08:35:07,98.2,53,36.7,138/94,84,77.8,Patient notes that slow pulse.,0
PAT-00318,2024-01-10 09:59:20,95.5,94,35.7,117/74,150,77.8,"Reports lowered energy, severe blurred vision, dry mouth, frequent urination. worsening symptoms present.",0
PAT-00318,2024-01-11 08:35:09,94.4,93,37.0,133/93,83,77.8,No symptoms reported. Vitals are within expected range.,0
PAT-00318,2024-01-12 09:50:48,95.7,50,37.2,114/81,95,77.8,Reports fatigue.,0
PAT-00318,2024-01-13 10:48:40,91.5,108,38.8,129/82,178,77.8,"Observes shortness of breath, anxiety, muscle aches, chills, severe blurred vision, dry mouth, frequent urination. immediate attention may be needed.",1
PAT-00318,2024-01-14 10:31:48,99.6,75,35.8,110/85,70,77.8,Notes mild coldness.,0
PAT-00318,2024-01-15 08:04:22,95.9,71,35.8,120/74,85,77.8,"This morning, lowered energy.",0
PAT-00318,2024-01-16 08:25:36,93.3,93,36.4,128/81,174,77.8,"Indicates severe blurred vision, dry mouth, frequent urination. immediate attention may be needed.",0
PAT-00318,2024-01-17 10:50:55,93.0,99,37.3,113/70,78,77.8,No significant complaints today.,0
PAT-00318,2024-01-18 10:03:27,91.9,70,36.3,119/85,86,77.8,"This morning, low energy.",0
PAT-00318,2024-01-19 09:03:41,93.7,79,36.7,126/82,95,77.8,Vitals remain within acceptable limits. No issues noted.,0
PAT-00318,2024-01-20 08:59:55,93.0,81,36.4,113/84,97,77.8,No symptoms reported. Vitals are within expected range.,0
PAT-00318,2024-01-21 09:17:39,95.9,107,37.9,149/85,100,77.8,"Patient describes restlessness, mild fever.",0
PAT-00318,2024-01-22 08:58:12,97.8,63,37.3,121/81,83,77.8,Vitals remain within acceptable limits. No issues noted.,0
PAT-00318,2024-01-23 09:11:07,93.3,88,35.6,123/76,81,77.8,Notes mild coldness.,0
PAT-00318,2024-01-24 09:49:22,94.3,90,35.6,124/83,80,77.8,Indicates lowered energy.,0
PAT-00318,2024-01-25 10:36:06,97.2,100,36.3,121/77,89,77.8,Vitals remain within acceptable limits. No issues noted.,0
PAT-00318,2024-01-26 09:43:57,94.5,60,37.3,113/79,104,77.8,Patient denies any symptoms or discomfort.,0
PAT-00318,2024-01-27 08:31:47,93.4,54,37.1,134/87,103,77.8,Patient describes lightheadedness.,0
PAT-00318,2024-01-28 09:47:13,96.6,85,38.3,123/70,70,77.8,"Patient notes that fever, muscle aches.",1
PAT-00318,2024-01-29 08:11:15,97.3,64,36.6,129/73,94,77.8,Patient is feeling well with all parameters stable.,0
PAT-00318,2024-01-30 10:57:02,96.9,68,36.7,113/85,88,77.8,Patient denies any symptoms or discomfort.,0
PAT-00319,2024-01-01 09:14:32,97.8,54,38.2,166/100,98,81.6,"Observes fatigue, fever, muscle aches, headaches.",1
PAT-00319,2024-01-02 08:15:45,95.5,70,37.4,113/78,119,81.6,Patient is feeling well with all parameters stable.,0
PAT-00319,2024-01-03 08:59:14,95.7,51,36.6,137/94,76,81.6,Patient describes fatigue.,1
PAT-00319,2024-01-04 09:44:30,97.5,94,35.7,111/84,106,81.6,Reports mild coldness.,0
PAT-00319,2024-01-05 10:48:45,98.4,73,35.8,125/83,91,81.6,"Today, patient states mild coldness.",0
PAT-00319,2024-01-06 09:22:34,95.8,64,38.9,122/77,70,81.6,"Reports fever, headache.",0
PAT-00319,2024-01-07 08:02:50,95.1,81,36.7,116/84,95,81.6,Patient is feeling well with all parameters stable.,0
PAT-00319,2024-01-08 09:13:43,97.0,99,36.0,130/90,79,81.6,No significant complaints today.,0
PAT-00319,2024-01-09 09:04:21,93.8,86,36.8,184/112,89,81.6,"Today, patient states chest pain, severe headache. worsening symptoms present.",0
PAT-00319,2024-01-10 08:11:38,93.6,86,36.0,128/72,170,81.6,"Reports severe blurred vision, dry mouth, frequent urination. immediate attention may be needed.",0
PAT-00319,2024-01-11 10:00:38,96.3,62,37.9,128/72,84,81.6,Patient describes night sweats.,0
PAT-00319,2024-01-12 10:33:11,95.1,57,36.2,124/73,84,81.6,Vitals remain within acceptable limits. No issues noted.,0
PAT-00319,2024-01-13 09:33:21,97.0,60,38.9,127/84,178,81.6,"Reports headache, severe discomfort, severe blurred vision, dry mouth, frequent urination. immediate attention may be needed.",1
PAT-00319,2024-01-14 10:28:31,97.9,82,37.0,139/89,79,81.6,No significant complaints today.,0
PAT-00319,2024-01-15 09:23:28,97.1,69,37.0,116/85,147,81.6,"This morning, frequent urination.",0
PAT-00319,2024-01-16 10:04:13,97.9,64,37.6,189/117,125,81.6,"Patient describes mild fever, chest pain, severe headache. worsening symptoms present.",0
PAT-00319,2024-01-17 08:39:43,99.4,101,38.0,121/78,91,81.6,"Today, patient states restlessness, muscle aches, headache.",0
PAT-00319,2024-01-18 09:16:02,95.5,104,36.9,133/89,97,81.6,Reports anxiety.,0
PAT-00319,2024-01-19 08:16:27,97.0,89,35.9,121/74,157,81.6,"Patient describes lowered energy, severe blurred vision, dry mouth, frequent urination. worsening symptoms present.",1
PAT-00319,2024-01-20 09:22:27,95.6,68,37.3,170/108,95,81.6,Reports chest tightness.,1
PAT-00319,2024-01-21 10:03:15,95.6,58,36.2,115/83,110,81.6,Patient is feeling well with all parameters stable.,0
PAT-00319,2024-01-22 10:16:28,98.0,65,37.7,178/118,134,81.6,"Indicates night sweats, chest tightness, blurred vision.",0
PAT-00319,2024-01-23 10:59:02,96.6,79,37.8,141/86,72,81.6,Reports mild fever.,0
PAT-00319,2024-01-24 08:53:09,100.0,64,36.7,174/113,73,81.6,Notes headaches.,1
PAT-00319,2024-01-25 09:44:05,96.4,62,38.8,147/92,92,81.6,"This morning, muscle aches, chills.",0
PAT-00319,2024-01-26 10:21:32,91.7,66,37.1,112/76,105,81.6,Indicates low energy.,1
PAT-00319,2024-01-27 08:12:18,92.3,89,36.2,188/100,89,81.6,"Indicates chest pain, severe headache. worsening symptoms present.",0
PAT-00319,2024-01-28 10:55:34,96.1,92,36.5,138/93,81,81.6,Patient is feeling well with all parameters stable.,0
PAT-00319,2024-01-29 09:09:40,99.0,104,36.6,150/89,116,81.6,Reports anxiety.,1
PAT-00319,2024-01-30 08:07:30,96.8,83,36.5,147/90,74,81.6,Vitals remain within acceptable limits. No issues noted.,0
PAT-00320,2024-01-01 09:10:52,96.9,89,37.0,126/78,90,64.8,Patient denies any symptoms or discomfort.,0
PAT-00320,2024-01-02 09:07:37,99.6,94,36.5,172/102,157,64.8,"Patient notes that vision issues, severe blurred vision, dry mouth, frequent urination. worsening symptoms present.",0
PAT-00320,2024-01-03 09:53:38,95.7,94,36.9,174/109,136,64.8,"Patient describes vision issues, frequent urination.",1
PAT-00320,2024-01-04 08:14:39,94.1,93,36.9,122/73,71,64.8,Patient denies any symptoms or discomfort.,0
PAT-00320,2024-01-05 08:06:57,95.3,63,37.0,190/103,85,64.8,"Patient describes chest pain, severe headache. immediate attention may be needed.",0
PAT-00320,2024-01-06 09:45:57,94.3,75,38.5,147/95,91,64.8,"Indicates headache, chills.",1
PAT-00320,2024-01-07 08:23:08,94.7,63,37.3,124/70,74,64.8,Vitals remain within acceptable limits. No issues noted.,0
PAT-00320,2024-01-08 08:36:54,93.3,105,37.4,184/101,120,64.8,"Observes palpitations, chest pain, severe headache. worsening symptoms present.",0
PAT-00320,2024-01-09 08:27:08,96.8,108,36.5,120/72,129,64.8,"Reports restlessness, dry mouth.",1
PAT-00320,2024-01-10 10:58:31,97.8,103,36.6,175/108,72,64.8,"Observes anxiety, headaches.",0
PAT-00320,2024-01-11 08:25:17,93.2,58,35.8,120/79,125,64.8,Notes lowered energy.,0
PAT-00320,2024-01-12 09:21:03,97.4,88,36.1,138/94,93,64.8,No significant complaints today.,0
PAT-00320,2024-01-13 09:14:32,99.0,73,36.7,177/109,80,64.8,"This morning, chest tightness.",0
PAT-00320,2024-01-14 08:31:57,93.3,73,37.3,143/92,107,64.8,No significant complaints today.,0
PAT-00320,2024-01-15 09:11:20,100.0,86,37.1,118/72,122,64.8,Patient denies any symptoms or discomfort.,0
PAT-00320,2024-01-16 08:58:11,98.4,62,37.3,112/74,82,64.8,Patient denies any symptoms or discomfort.,0
PAT-00320,2024-01-17 09:33:23,94.0,90,36.0,122/76,79,64.8,Patient denies any symptoms or discomfort.,0
PAT-00320,2024-01-18 10:21:26,99.0,59,37.2,125/85,72,64.8,No significant complaints today.,0
PAT-00320,2024-01-19 09:41:24,92.6,76,35.5,127/75,83,64.8,Notes mild coldness.,0
PAT-00320,2024-01-20 09:11:13,95.6,71,36.7,129/75,86,64.8,No symptoms reported. Vitals are within expected range.,0
PAT-00320,2024-01-21 08:21:08,94.2,101,36.9,162/106,82,64.8,"This morning, palpitations, headaches.",1
PAT-00320,2024-01-22 09:07:32,96.8,95,35.8,113/72,90,64.8,Patient describes lowered energy.,0
PAT-00320,2024-01-23 09:46:32,94.2,104,37.1,118/74,83,64.8,Patient notes that palpitations.,1
PAT-00320,2024-01-24 09:29:07,97.3,85,36.2,115/72,175,64.8,"Observes severe blurred vision, dry mouth, frequent urination. worsening symptoms present.",0
PAT-00320,2024-01-25 09:23:29,97.5,110,37.6,136/88,98,64.8,"Patient describes anxiety, mild fever.",1
PAT-00320,2024-01-26 08:07:55,92.0,80,37.1,129/77,83,64.8,Patient is feeling well with all parameters stable.,0
PAT-00320,2024-01-27 10:44:42,92.7,85,38.9,125/79,177,64.8,"This morning, severe discomfort, fever, severe blurred vision, dry mouth, frequent urination. worsening symptoms present.",1
PAT-00320,2024-01-28 08:14:40,94.9,55,37.0,165/107,80,64.8,Notes vision issues.,0
PAT-00320,2024-01-29 10:27:15,98.9,107,36.2,116/79,112,64.8,Indicates palpitations.,0
PAT-00320,2024-01-30 08:25:47,93.5,109,36.9,146/86,146,64.8,"Observes restlessness, dry mouth.",1
PAT-00321,2024-01-01 10:27:48,96.1,91,36.7,119/85,90,88.3,No symptoms reported. Vitals are within expected range.,0
PAT-00321,2024-01-02 10:00:18,94.5,95,36.6,118/74,80,88.3,Vitals remain within acceptable limits. No issues noted.,0
PAT-00321,2024-01-03 09:33:37,95.7,78,37.7,136/88,77,88.3,Indicates night sweats.,0
PAT-00321,2024-01-04 09:35:50,95.5,82,37.2,141/88,86,88.3,Patient denies any symptoms or discomfort.,0
PAT-00321,2024-01-05 10:50:17,94.1,90,36.7,146/89,173,88.3,"Indicates severe blurred vision, dry mouth, frequent urination. immediate attention may be needed.",1
PAT-00321,2024-01-06 08:30:39,97.1,90,36.7,124/74,86,88.3,Patient denies any symptoms or discomfort.,0
PAT-00321,2024-01-07 08:31:29,94.7,83,38.5,112/79,126,88.3,"Notes fever, muscle aches, dry mouth.",0
PAT-00321,2024-01-08 09:38:34,93.9,63,37.3,125/77,83,88.3,Patient denies any symptoms or discomfort.,0
PAT-00321,2024-01-09 10:21:28,95.2,100,36.8,114/78,111,88.3,No symptoms reported. Vitals are within expected range.,0
PAT-00321,2024-01-10 09:18:57,95.0,65,36.2,130/71,92,88.3,No symptoms reported. Vitals are within expected range.,0
PAT-00321,2024-01-11 10:33:03,95.2,106,37.2,115/80,78,88.3,Patient notes that anxiety.,0
PAT-00321,2024-01-12 10:58:05,94.4,80,36.7,114/73,125,88.3,Patient denies any symptoms or discomfort.,0
PAT-00321,2024-01-13 09:50:27,94.6,67,36.8,166/107,117,88.3,Indicates chest tightness.,0
PAT-00321,2024-01-14 10:34:16,95.3,52,37.1,124/83,118,88.3,Reports lightheadedness.,1
PAT-00321,2024-01-15 08:56:24,93.8,79,35.8,130/71,122,88.3,"Today, patient states lowered energy.",0
PAT-00321,2024-01-16 09:03:43,95.9,63,36.4,129/77,82,88.3,Patient denies any symptoms or discomfort.,0
PAT-00321,2024-01-17 10:39:33,99.4,103,37.9,120/72,142,88.3,"Notes anxiety, mild fever, dry mouth.",1
PAT-00321,2024-01-18 10:24:45,97.6,108,36.9,111/81,79,88.3,Patient notes that anxiety.,0
PAT-00321,2024-01-19 10:02:50,91.0,78,37.7,115/82,85,88.3,"Patient notes that shortness of breath, mild fever.",0
PAT-00321,2024-01-20 09:00:18,98.0,105,38.4,123/71,86,88.3,"Indicates anxiety, chills, fever.",1
PAT-00321,2024-01-21 09:26:03,97.3,60,38.9,145/94,84,88.3,"Indicates muscle aches, fever.",0
PAT-00321,2024-01-22 09:33:22,94.7,56,36.6,138/89,96,88.3,No significant complaints today.,0
PAT-00321,2024-01-23 09:36:14,98.8,67,36.5,118/82,88,88.3,No significant complaints today.,0
PAT-00321,2024-01-24 09:34:03,96.1,60,37.9,114/75,126,88.3,"Indicates body aches, frequent urination.",0
PAT-00321,2024-01-25 09:23:12,92.7,92,36.6,182/115,98,88.3,"Patient notes that chest pain, severe headache. worsening symptoms present.",0
PAT-00321,2024-01-26 10:21:36,98.3,73,35.7,114/85,78,88.3,"Today, patient states mild coldness.",0
PAT-00321,2024-01-27 10:07:57,98.2,86,36.1,114/77,79,88.3,Vitals remain within acceptable limits. No issues noted.,0
PAT-00321,2024-01-28 08:15:29,95.5,70,37.0,165/112,97,88.3,Observes vision issues.,1
PAT-00321,2024-01-29 09:22:14,95.6,90,36.5,179/102,150,88.3,"Reports vision issues, severe blurred vision, dry mouth, frequent urination. immediate attention may be needed.",0
PAT-00321,2024-01-30 09:24:35,93.1,59,37.2,117/77,74,88.3,Vitals remain within acceptable limits. No issues noted.,0
PAT-00322,2024-01-01 09:59:52,97.6,62,36.1,122/76,165,57.4,"Notes severe blurred vision, dry mouth, frequent urination. worsening symptoms present.",1
PAT-00322,2024-01-02 08:29:09,100.0,84,37.4,114/80,73,57.4,No significant complaints today.,0
PAT-00322,2024-01-03 09:19:33,100.0,63,37.3,141/88,75,57.4,Vitals remain within acceptable limits. No issues noted.,0
PAT-00322,2024-01-04 10:03:40,92.9,102,38.1,117/73,90,57.4,"Patient notes that anxiety, fever, muscle aches.",0
PAT-00322,2024-01-05 08:49:25,95.0,60,37.4,129/77,119,57.4,No symptoms reported. Vitals are within expected range.,0
PAT-00322,2024-01-06 08:45:31,93.0,77,38.9,128/78,88,57.4,"Patient describes chills, muscle aches.",1
PAT-00322,2024-01-07 09:29:11,97.0,53,36.8,126/74,71,57.4,Patient notes that fatigue.,0
PAT-00322,2024-01-08 08:19:35,94.4,84,35.7,173/110,84,57.4,"Reports lowered energy, vision issues.",0
PAT-00322,2024-01-09 08:03:08,94.5,52,36.6,138/85,103,57.4,"Today, patient states fatigue.",0
PAT-00322,2024-01-10 10:05:20,93.1,59,37.6,130/80,124,57.4,Notes body aches.,0
PAT-00322,2024-01-11 08:09:16,95.7,80,36.8,173/115,108,57.4,Patient describes chest tightness.,1
PAT-00322,2024-01-12 09:00:19,91.4,67,37.3,124/73,97,57.4,Reports dizziness.,0
PAT-00322,2024-01-13 09:33:29,96.2,97,39.0,173/101,98,57.4,"Patient describes headache, chills, headaches.",1
PAT-00322,2024-01-14 08:56:12,97.2,91,37.0,161/111,155,57.4,"Today, patient states chest tightness, severe blurred vision, dry mouth, frequent urination. worsening symptoms present.",1
PAT-00322,2024-01-15 08:11:28,97.0,78,37.1,113/75,140,57.4,Reports blurred vision.,0
PAT-00322,2024-01-16 08:26:08,96.7,109,37.4,188/118,113,57.4,"Reports anxiety, chest pain, severe headache. worsening symptoms present.",0
PAT-00322,2024-01-17 09:19:35,96.4,62,36.9,169/109,104,57.4,"Today, patient states vision issues.",0
PAT-00322,2024-01-18 08:42:06,97.3,55,36.0,122/71,74,57.4,Patient is feeling well with all parameters stable.,0
PAT-00322,2024-01-19 09:56:51,98.1,105,36.2,169/112,99,57.4,"This morning, anxiety, headaches.",0
PAT-00322,2024-01-20 08:35:22,96.7,71,36.1,132/88,84,57.4,Patient is feeling well with all parameters stable.,0
PAT-00322,2024-01-21 10:22:45,96.8,108,37.2,174/119,155,57.4,"Patient describes anxiety, vision issues, severe blurred vision, dry mouth, frequent urination. worsening symptoms present.",0
PAT-00322,2024-01-22 10:40:56,99.8,69,35.5,133/92,86,57.4,Indicates lowered energy.,0
PAT-00322,2024-01-23 08:39:49,94.4,53,36.5,173/119,107,57.4,"Patient notes that slow pulse, headaches.",0
PAT-00322,2024-01-24 08:01:08,95.2,91,37.7,136/90,105,57.4,Patient describes mild fever.,0
PAT-00322,2024-01-25 08:07:53,97.1,86,37.3,118/83,86,57.4,Patient is feeling well with all parameters stable.,0
PAT-00322,2024-01-26 10:54:59,94.6,59,37.0,117/77,72,57.4,Patient denies any symptoms or discomfort.,0
PAT-00322,2024-01-27 09:12:43,92.6,99,36.6,128/74,106,57.4,Patient is feeling well with all parameters stable.,0
PAT-00322,2024-01-28 10:17:38,96.0,96,36.8,175/103,128,57.4,"Indicates headaches, blurred vision.",1
PAT-00322,2024-01-29 10:58:21,94.8,51,38.2,130/88,90,57.4,"Notes lightheadedness, fever, headache.",0
PAT-00322,2024-01-30 10:17:01,98.2,97,37.0,129/84,94,57.4,Patient is feeling well with all parameters stable.,0
PAT-00323,2024-01-01 08:07:33,100.0,107,36.7,130/91,89,77.5,Notes palpitations.,1
PAT-00323,2024-01-02 10:37:05,95.0,63,36.7,119/74,72,77.5,Patient is feeling well with all parameters stable.,0
PAT-00323,2024-01-03 08:24:09,92.5,86,36.2,190/108,144,77.5,"Patient notes that chest pain, severe headache, blurred vision. worsening symptoms present.",0
PAT-00323,2024-01-04 08:42:57,95.2,73,35.6,123/79,121,77.5,Patient notes that mild coldness.,0
PAT-00323,2024-01-05 08:38:39,97.0,71,38.2,145/90,82,77.5,"Reports severe discomfort, fever. worsening symptoms present.",0
PAT-00323,2024-01-06 09:14:04,94.4,100,36.7,137/87,119,77.5,No symptoms reported. Vitals are within expected range.,0
PAT-00323,2024-01-07 09:37:14,95.7,79,38.6,134/93,90,77.5,"Today, patient states chills, severe discomfort. immediate attention may be needed.",1
PAT-00323,2024-01-08 10:54:25,100.0,53,37.0,118/85,96,77.5,Observes lightheadedness.,1
PAT-00323,2024-01-09 09:53:28,96.8,63,35.5,129/77,118,77.5,Observes mild coldness.,0
PAT-00323,2024-01-10 08:28:43,96.5,104,35.8,116/70,87,77.5,"Notes restlessness, mild coldness.",1
PAT-00323,2024-01-11 08:25:18,96.6,76,35.8,111/70,98,77.5,Patient notes that mild coldness.,0
PAT-00323,2024-01-12 10:18:00,93.9,103,36.5,118/82,91,77.5,Observes restlessness.,0
PAT-00323,2024-01-13 08:31:09,97.1,75,36.7,125/80,94,77.5,Patient is feeling well with all parameters stable.,0
PAT-00323,2024-01-14 10:07:08,94.2,96,36.5,150/91,110,77.5,Vitals remain within acceptable limits. No issues noted.,0
PAT-00323,2024-01-15 09:16:06,99.1,68,37.2,178/106,70,77.5,Reports chest tightness.,1
PAT-00323,2024-01-16 09:39:00,97.8,66,37.3,127/75,78,77.5,Patient is feeling well with all parameters stable.,0
PAT-00323,2024-01-17 08:37:10,93.9,94,35.5,126/77,95,77.5,"Today, patient states lowered energy.",0
PAT-00323,2024-01-18 09:23:24,92.9,103,36.0,136/85,118,77.5,Patient describes anxiety.,1
PAT-00323,2024-01-19 10:20:35,95.9,91,38.1,139/94,78,77.5,"Observes fever, headache.",1
PAT-00323,2024-01-20 09:19:26,99.8,87,36.8,121/72,147,77.5,Reports dry mouth.,0
PAT-00323,2024-01-21 10:09:44,90.8,97,35.7,111/70,74,77.5,"Notes low energy, mild coldness.",0
PAT-00323,2024-01-22 10:08:58,97.7,77,38.5,138/89,80,77.5,"Indicates muscle aches, fever.",1
PAT-00323,2024-01-23 10:52:10,99.0,86,36.1,179/116,74,77.5,Patient describes vision issues.,0
PAT-00323,2024-01-24 09:37:43,96.3,98,37.5,118/70,129,77.5,"Patient describes mild fever, blurred vision.",0
PAT-00323,2024-01-25 09:27:33,98.9,88,37.1,128/85,85,77.5,Patient is feeling well with all parameters stable.,0
PAT-00323,2024-01-26 10:27:53,92.3,54,37.7,149/91,109,77.5,"This morning, fatigue, mild fever.",0
PAT-00323,2024-01-27 08:52:25,96.7,59,36.6,123/75,122,77.5,Patient denies any symptoms or discomfort.,0
PAT-00323,2024-01-28 09:37:51,96.0,104,36.3,128/77,109,77.5,Patient notes that anxiety.,1
PAT-00323,2024-01-29 08:54:23,96.3,75,37.9,114/74,177,77.5,"Today, patient states body aches, severe blurred vision, dry mouth, frequent urination. worsening symptoms present.",0
PAT-00323,2024-01-30 09:08:49,94.6,102,37.4,111/81,170,77.5,"Notes restlessness, severe blurred vision, dry mouth, frequent urination. worsening symptoms present.",0
PAT-00324,2024-01-01 09:29:20,96.4,106,38.0,113/70,71,57.4,"Notes palpitations, muscle aches, severe discomfort. immediate attention may be needed.",0
PAT-00324,2024-01-02 08:11:16,92.9,101,36.5,145/88,115,57.4,Notes anxiety.,0
PAT-00324,2024-01-03 08:45:03,96.2,52,37.4,110/77,75,57.4,Indicates slow pulse.,0
PAT-00324,2024-01-04 08:28:33,95.2,108,37.9,122/72,115,57.4,"Today, patient states anxiety, body aches.",1
PAT-00324,2024-01-05 10:56:52,99.9,64,36.7,141/95,71,57.4,No significant complaints today.,0
PAT-00324,2024-01-06 10:52:23,97.4,57,36.0,117/75,75,57.4,Patient is feeling well with all parameters stable.,0
PAT-00324,2024-01-07 08:44:08,95.4,72,36.7,188/101,131,57.4,"Patient notes that chest pain, severe headache, dry mouth. immediate attention may be needed.",1
PAT-00324,2024-01-08 09:39:46,94.2,106,36.5,126/76,136,57.4,"Reports palpitations, frequent urination.",0
PAT-00324,2024-01-09 08:13:19,95.1,58,36.6,116/71,123,57.4,No symptoms reported. Vitals are within expected range.,0
PAT-00324,2024-01-10 10:33:17,100.0,100,36.2,122/85,104,57.4,Patient denies any symptoms or discomfort.,0
PAT-00324,2024-01-11 09:30:12,97.9,50,37.6,114/76,91,57.4,"Notes slow pulse, body aches.",0
PAT-00324,2024-01-12 09:44:28,94.9,51,36.5,118/82,85,57.4,"Today, patient states lightheadedness.",0
PAT-00324,2024-01-13 10:46:03,98.3,109,37.1,114/73,77,57.4,Indicates anxiety.,1
PAT-00324,2024-01-14 10:13:52,98.2,65,37.3,125/78,126,57.4,Reports blurred vision.,0
PAT-00324,2024-01-15 09:40:55,97.6,105,37.9,138/88,142,57.4,"Reports palpitations, body aches, frequent urination.",1
PAT-00324,2024-01-16 09:55:40,98.5,104,38.4,150/91,179,57.4,"Patient notes that anxiety, muscle aches, fever, severe blurred vision, dry mouth, frequent urination. worsening symptoms present.",1
PAT-00324,2024-01-17 08:06:32,90.8,72,36.5,118/80,89,57.4,"This morning, low energy.",0
PAT-00324,2024-01-18 09:07:23,98.3,92,36.4,125/83,94,57.4,Patient denies any symptoms or discomfort.,0
PAT-00324,2024-01-19 09:05:35,95.6,80,36.5,129/70,87,57.4,No significant complaints today.,0
PAT-00324,2024-01-20 08:40:50,96.9,97,36.9,131/88,74,57.4,Patient is feeling well with all parameters stable.,0
PAT-00324,2024-01-21 09:20:21,93.6,78,37.0,179/111,76,57.4,Indicates vision issues.,0
PAT-00324,2024-01-22 10:48:44,96.7,100,38.0,143/85,70,57.4,"This morning, headache, muscle aches.",0
PAT-00324,2024-01-23 08:54:09,97.9,101,38.1,128/85,95,57.4,"Indicates palpitations, severe discomfort, headache. worsening symptoms present.",0
PAT-00324,2024-01-24 09:51:57,93.3,87,38.4,112/71,82,57.4,"Reports fever, severe discomfort. worsening symptoms present.",1
PAT-00324,2024-01-25 10:51:00,95.0,67,37.3,114/75,76,57.4,Patient is feeling well with all parameters stable.,0
PAT-00324,2024-01-26 09:45:19,97.8,97,36.3,136/92,123,57.4,No significant complaints today.,0
PAT-00324,2024-01-27 08:52:27,100.0,100,37.2,122/71,95,57.4,Vitals remain within acceptable limits. No issues noted.,0
PAT-00324,2024-01-28 09:45:19,95.9,93,37.2,115/72,112,57.4,Patient denies any symptoms or discomfort.,0
PAT-00324,2024-01-29 08:16:20,97.3,59,36.7,122/75,75,57.4,Patient denies any symptoms or discomfort.,0
PAT-00324,2024-01-30 10:31:09,97.1,98,38.2,182/117,108,57.4,"Patient describes chills, headache, chest pain, severe headache. worsening symptoms present.",1
PAT-00325,2024-01-01 10:24:44,97.5,50,36.4,185/114,88,102.4,"Reports lightheadedness, chest pain, severe headache. immediate attention may be needed.",0
PAT-00325,2024-01-02 08:22:40,99.6,50,38.3,124/72,90,102.4,"Observes lightheadedness, severe discomfort, fever. worsening symptoms present.",0
PAT-00325,2024-01-03 09:12:44,93.3,87,36.0,120/81,123,102.4,No significant complaints today.,0
PAT-00325,2024-01-04 10:12:40,95.6,94,36.9,111/75,87,102.4,No significant complaints today.,0
PAT-00325,2024-01-05 08:17:09,94.4,80,36.6,118/80,70,102.4,No significant complaints today.,0
PAT-00325,2024-01-06 08:45:46,94.4,107,36.7,190/100,71,102.4,"Observes anxiety, chest pain, severe headache. immediate attention may be needed.",0
PAT-00325,2024-01-07 10:58:26,94.4,63,37.4,130/80,114,102.4,Patient denies any symptoms or discomfort.,0
PAT-00325,2024-01-08 10:13:57,94.3,60,35.9,115/78,112,102.4,Notes lowered energy.,0
PAT-00325,2024-01-09 08:33:58,98.4,108,36.5,123/76,94,102.4,Observes anxiety.,0
PAT-00325,2024-01-10 08:11:45,98.7,56,39.0,122/76,96,102.4,"Patient notes that fever, severe discomfort. immediate attention may be needed.",0
PAT-00325,2024-01-11 09:17:57,98.1,85,36.8,135/89,89,102.4,No significant complaints today.,0
PAT-00325,2024-01-12 08:47:35,96.6,95,38.3,147/86,98,102.4,"This morning, severe discomfort, chills. immediate attention may be needed.",0
PAT-00325,2024-01-13 08:52:10,96.8,72,37.4,122/72,115,102.4,Vitals remain within acceptable limits. No issues noted.,0
PAT-00325,2024-01-14 08:38:29,94.4,87,37.1,115/73,141,102.4,Patient describes dry mouth.,0
PAT-00325,2024-01-15 09:01:10,96.4,64,36.1,178/112,107,102.4,Observes chest tightness.,1
PAT-00325,2024-01-16 08:07:45,98.6,95,36.9,118/71,79,102.4,Patient is feeling well with all parameters stable.,0
PAT-00325,2024-01-17 09:57:06,92.5,105,36.6,143/85,121,102.4,Indicates anxiety.,0
PAT-00325,2024-01-18 09:30:30,94.5,109,37.2,136/93,82,102.4,Patient describes restlessness.,1
PAT-00325,2024-01-19 08:17:52,98.7,94,36.1,111/83,95,102.4,No significant complaints today.,0
PAT-00325,2024-01-20 09:47:33,97.2,56,35.9,136/90,122,102.4,"Today, patient states lowered energy.",0
PAT-00325,2024-01-21 10:04:50,92.6,64,38.3,114/82,119,102.4,"Patient notes that muscle aches, fever.",0
PAT-00325,2024-01-22 09:16:52,96.2,66,37.0,133/93,115,102.4,No significant complaints today.,0
PAT-00325,2024-01-23 08:39:35,97.8,86,36.0,115/74,72,102.4,Patient is feeling well with all parameters stable.,0
PAT-00325,2024-01-24 10:23:58,95.9,79,36.2,117/75,137,102.4,Patient describes dry mouth.,0
PAT-00325,2024-01-25 10:53:18,95.8,110,38.8,110/85,109,102.4,"Notes anxiety, chills, severe discomfort. worsening symptoms present.",0
PAT-00325,2024-01-26 09:08:56,97.3,53,37.1,134/90,167,102.4,"Indicates lightheadedness, severe blurred vision, dry mouth, frequent urination. immediate attention may be needed.",1
PAT-00325,2024-01-27 08:08:36,91.6,63,37.5,116/76,134,102.4,"Patient describes shortness of breath, night sweats, dry mouth.",1
PAT-00325,2024-01-28 10:11:50,94.7,51,37.6,148/86,113,102.4,"Patient describes fatigue, body aches.",1
PAT-00325,2024-01-29 08:57:40,97.7,106,37.4,141/90,123,102.4,"This morning, palpitations.",0
PAT-00325,2024-01-30 10:27:25,96.6,97,35.9,133/93,91,102.4,Patient notes that mild coldness.,0
PAT-00326,2024-01-01 08:51:54,94.8,50,36.9,129/84,82,89.4,Patient describes slow pulse.,1
PAT-00326,2024-01-02 09:24:12,96.9,86,36.1,170/100,115,89.4,"Today, patient states headaches.",0
PAT-00326,2024-01-03 08:35:52,96.0,77,38.4,170/119,77,89.4,"Today, patient states headache, severe discomfort, headaches. immediate attention may be needed.",0
PAT-00326,2024-01-04 10:42:44,94.9,68,36.7,150/85,118,89.4,Patient is feeling well with all parameters stable.,0
PAT-00326,2024-01-05 08:58:10,94.3,80,36.0,118/77,76,89.4,No symptoms reported. Vitals are within expected range.,0
PAT-00326,2024-01-06 09:36:48,95.4,76,37.0,119/79,77,89.4,Patient denies any symptoms or discomfort.,0
PAT-00326,2024-01-07 10:01:10,95.7,70,37.8,138/92,93,89.4,"This morning, mild fever.",0
PAT-00326,2024-01-08 10:00:52,98.6,56,36.7,122/78,174,89.4,"Notes severe blurred vision, dry mouth, frequent urination. worsening symptoms present.",0
PAT-00326,2024-01-09 10:26:51,95.2,75,35.6,127/82,86,89.4,Observes mild coldness.,0
PAT-00326,2024-01-10 10:22:45,96.4,55,37.4,163/104,85,89.4,Reports chest tightness.,0
PAT-00326,2024-01-11 10:13:26,96.2,50,36.2,122/77,95,89.4,Indicates slow pulse.,0
PAT-00326,2024-01-12 10:41:59,96.1,83,38.1,120/80,109,89.4,"Patient notes that muscle aches, headache.",0
PAT-00326,2024-01-13 09:40:05,96.1,86,36.5,118/75,99,89.4,Patient denies any symptoms or discomfort.,0
PAT-00326,2024-01-14 09:04:19,95.4,55,36.8,110/79,103,89.4,Patient denies any symptoms or discomfort.,0
PAT-00326,2024-01-15 08:09:51,95.6,71,37.3,126/72,108,89.4,No symptoms reported. Vitals are within expected range.,0
PAT-00326,2024-01-16 10:00:06,95.8,93,36.4,178/100,111,89.4,Notes chest tightness.,0
PAT-00326,2024-01-17 10:10:42,93.2,77,35.6,133/91,79,89.4,Patient describes lowered energy.,0
PAT-00326,2024-01-18 10:06:02,93.0,80,36.5,183/112,170,89.4,"Today, patient states chest pain, severe headache, severe blurred vision, dry mouth, frequent urination. worsening symptoms present.",1
PAT-00326,2024-01-19 09:06:37,94.3,75,37.2,134/91,106,89.4,No significant complaints today.,0
PAT-00326,2024-01-20 09:20:26,100.0,71,37.7,127/75,109,89.4,Observes night sweats.,0
PAT-00326,2024-01-21 10:46:53,96.2,70,36.4,189/117,97,89.4,"Notes chest pain, severe headache. immediate attention may be needed.",0
PAT-00326,2024-01-22 09:08:09,94.1,50,36.1,171/101,133,89.4,"Patient describes slow pulse, chest tightness, dry mouth.",1
PAT-00326,2024-01-23 08:27:33,100.0,69,38.8,148/91,115,89.4,"Observes headache, severe discomfort. worsening symptoms present.",1
PAT-00326,2024-01-24 10:11:03,97.0,64,37.8,128/84,151,89.4,"Indicates mild fever, severe blurred vision, dry mouth, frequent urination. immediate attention may be needed.",0
PAT-00326,2024-01-25 09:53:23,94.2,60,37.8,124/79,123,89.4,Reports mild fever.,0
PAT-00326,2024-01-26 10:12:54,100.0,72,37.2,122/84,98,89.4,No symptoms reported. Vitals are within expected range.,0
PAT-00326,2024-01-27 09:10:51,96.0,101,36.7,166/110,75,89.4,"Today, patient states palpitations, vision issues.",1
PAT-00326,2024-01-28 10:25:10,96.7,87,36.7,148/95,72,89.4,Patient denies any symptoms or discomfort.,0
PAT-00326,2024-01-29 08:56:42,98.8,60,36.8,144/90,119,89.4,Vitals remain within acceptable limits. No issues noted.,0
PAT-00326,2024-01-30 10:08:30,94.4,71,37.3,113/76,72,89.4,Patient denies any symptoms or discomfort.,0
PAT-00327,2024-01-01 10:24:09,97.0,50,38.6,145/86,106,76.6,"Indicates slow pulse, severe discomfort, muscle aches. worsening symptoms present.",0
PAT-00327,2024-01-02 10:35:21,96.5,99,37.2,130/71,84,76.6,No significant complaints today.,0
PAT-00327,2024-01-03 08:39:13,96.6,68,36.8,112/73,75,76.6,Vitals remain within acceptable limits. No issues noted.,0
PAT-00327,2024-01-04 09:52:26,95.1,82,36.4,165/120,178,76.6,"Patient notes that vision issues, severe blurred vision, dry mouth, frequent urination. immediate attention may be needed.",1
PAT-00327,2024-01-05 10:25:29,95.4,52,38.6,130/91,174,76.6,"Patient describes fatigue, headache, muscle aches, severe blurred vision, dry mouth, frequent urination. worsening symptoms present.",0
PAT-00327,2024-01-06 09:45:01,97.8,67,37.4,125/80,100,76.6,Vitals remain within acceptable limits. No issues noted.,0
PAT-00327,2024-01-07 08:20:23,98.8,105,39.0,111/78,180,76.6,"Reports restlessness, severe discomfort, headache, severe blurred vision, dry mouth, frequent urination. worsening symptoms present.",0
PAT-00327,2024-01-08 08:14:30,94.1,95,37.0,147/92,92,76.6,No significant complaints today.,0
PAT-00327,2024-01-09 09:25:53,95.1,106,36.7,121/83,78,76.6,Observes palpitations.,0
PAT-00327,2024-01-10 10:54:37,98.3,110,38.2,148/85,119,76.6,"Reports restlessness, muscle aches, headache.",1
PAT-00327,2024-01-11 09:51:16,95.8,88,37.6,113/83,86,76.6,Indicates night sweats.,0
PAT-00327,2024-01-12 09:33:36,93.6,59,37.1,172/103,92,76.6,Reports headaches.,0
PAT-00327,2024-01-13 09:00:01,91.6,77,38.7,160/108,79,76.6,"Reports shortness of breath, muscle aches, chills, headaches.",1
PAT-00327,2024-01-14 09:42:53,93.9,57,37.9,111/84,90,76.6,Patient describes night sweats.,0
PAT-00327,2024-01-15 10:43:16,97.7,84,37.0,121/77,127,76.6,Indicates blurred vision.,0
PAT-00327,2024-01-16 09:05:23,95.7,64,35.9,145/89,174,76.6,"Reports mild coldness, severe blurred vision, dry mouth, frequent urination. worsening symptoms present.",0
PAT-00327,2024-01-17 10:07:15,89.9,96,36.7,131/94,79,76.6,Patient describes shortness of breath.,0
PAT-00327,2024-01-18 10:55:03,96.5,58,35.5,175/111,124,76.6,"Notes mild coldness, headaches.",1
PAT-00327,2024-01-19 08:46:26,94.2,50,36.2,110/75,153,76.6,"Indicates slow pulse, severe blurred vision, dry mouth, frequent urination. immediate attention may be needed.",0
PAT-00327,2024-01-20 10:48:32,97.2,102,37.0,132/93,118,76.6,Notes anxiety.,0
PAT-00327,2024-01-21 08:24:09,99.8,87,37.3,186/109,87,76.6,"Indicates chest pain, severe headache. worsening symptoms present.",0
PAT-00327,2024-01-22 10:59:01,93.6,52,36.3,147/87,81,76.6,Observes lightheadedness.,0
PAT-00327,2024-01-23 09:09:09,97.1,50,37.1,120/76,95,76.6,Notes slow pulse.,0
PAT-00327,2024-01-24 08:14:00,96.5,95,37.0,121/73,81,76.6,No symptoms reported. Vitals are within expected range.,0
PAT-00327,2024-01-25 09:53:56,97.4,92,36.7,129/80,92,76.6,Vitals remain within acceptable limits. No issues noted.,0
PAT-00327,2024-01-26 09:09:12,97.7,59,37.2,110/79,79,76.6,Patient denies any symptoms or discomfort.,0
PAT-00327,2024-01-27 09:43:02,97.5,104,35.7,132/86,139,76.6,"Patient notes that anxiety, mild coldness, frequent urination.",0
PAT-00327,2024-01-28 09:15:23,97.6,69,36.4,124/82,81,76.6,Patient denies any symptoms or discomfort.,0
PAT-00327,2024-01-29 10:46:47,93.6,58,36.0,185/110,109,76.6,"Indicates chest pain, severe headache. immediate attention may be needed.",1
PAT-00327,2024-01-30 08:27:36,91.2,86,37.1,137/95,99,76.6,Observes dizziness.,0
PAT-00328,2024-01-01 08:29:01,99.5,60,37.1,115/73,92,116.6,Vitals remain within acceptable limits. No issues noted.,0
PAT-00328,2024-01-02 08:30:52,96.6,54,36.6,116/74,95,116.6,Notes fatigue.,0
PAT-00328,2024-01-03 08:30:10,95.2,85,37.7,135/90,81,116.6,Notes mild fever.,0
PAT-00328,2024-01-04 10:21:01,93.1,63,37.6,127/75,88,116.6,Patient describes body aches.,0
PAT-00328,2024-01-05 08:59:06,97.0,91,35.5,115/82,77,116.6,Patient describes mild coldness.,0
PAT-00328,2024-01-06 08:38:37,93.3,60,35.9,144/88,88,116.6,"Today, patient states lowered energy.",0
PAT-00328,2024-01-07 08:38:02,99.6,56,37.3,130/92,168,116.6,"Indicates severe blurred vision, dry mouth, frequent urination. worsening symptoms present.",0
PAT-00328,2024-01-08 08:57:34,96.8,89,36.7,144/87,95,116.6,No symptoms reported. Vitals are within expected range.,0
PAT-00328,2024-01-09 08:16:20,97.6,50,37.0,121/75,91,116.6,"This morning, lightheadedness.",1
PAT-00328,2024-01-10 09:42:49,93.5,108,38.9,169/120,96,116.6,"This morning, palpitations, severe discomfort, headache, headaches. immediate attention may be needed.",1
PAT-00328,2024-01-11 09:31:37,96.5,58,38.0,137/85,109,116.6,"Notes chills, fever.",0
PAT-00328,2024-01-12 10:10:59,95.8,85,37.2,136/88,75,116.6,Patient is feeling well with all parameters stable.,0
PAT-00328,2024-01-13 10:56:02,98.6,92,38.8,187/118,76,116.6,"This morning, severe discomfort, headache, chest pain, severe headache. immediate attention may be needed.",1
PAT-00328,2024-01-14 09:11:15,95.0,100,35.9,123/73,72,116.6,"Today, patient states lowered energy.",0
PAT-00328,2024-01-15 09:31:52,96.7,70,36.5,172/104,88,116.6,"This morning, headaches.",1
PAT-00328,2024-01-16 09:13:04,93.1,107,35.6,130/78,109,116.6,"Patient describes restlessness, lowered energy.",1
PAT-00328,2024-01-17 10:12:21,93.1,72,37.5,116/79,115,116.6,Observes mild fever.,0
PAT-00328,2024-01-18 10:03:06,94.7,87,37.0,145/92,102,116.6,Patient denies any symptoms or discomfort.,0
PAT-00328,2024-01-19 10:27:38,96.5,102,37.8,121/78,71,116.6,"Patient describes restlessness, night sweats.",0
PAT-00328,2024-01-20 08:23:25,91.6,54,36.9,184/102,145,116.6,"Reports shortness of breath, fatigue, chest pain, severe headache, dry mouth. worsening symptoms present.",0
PAT-00328,2024-01-21 08:05:45,98.6,50,36.8,140/89,107,116.6,Reports fatigue.,1
PAT-00328,2024-01-22 08:32:14,92.0,98,36.2,128/85,170,116.6,"This morning, severe blurred vision, dry mouth, frequent urination. worsening symptoms present.",0
PAT-00328,2024-01-23 10:06:03,97.3,82,36.4,127/71,114,116.6,Patient denies any symptoms or discomfort.,0
PAT-00328,2024-01-24 09:56:42,92.9,76,36.5,120/72,91,116.6,Patient denies any symptoms or discomfort.,0
PAT-00328,2024-01-25 10:43:43,100.0,94,37.2,163/114,83,116.6,Observes vision issues.,1
PAT-00328,2024-01-26 08:34:55,95.2,67,39.0,118/85,116,116.6,"Observes headache, chills.",0
PAT-00328,2024-01-27 08:46:25,92.6,63,36.7,120/71,130,116.6,Observes frequent urination.,0
PAT-00328,2024-01-28 08:15:20,95.7,50,36.0,129/70,120,116.6,Observes fatigue.,1
PAT-00328,2024-01-29 08:44:54,95.5,68,37.1,110/84,113,116.6,No symptoms reported. Vitals are within expected range.,0
PAT-00328,2024-01-30 08:19:42,96.8,57,36.4,110/71,116,116.6,Vitals remain within acceptable limits. No issues noted.,0
PAT-00329,2024-01-01 08:30:19,94.6,103,38.3,119/82,104,45.9,"Indicates palpitations, muscle aches, fever.",0
PAT-00329,2024-01-02 09:10:05,99.5,59,37.2,127/77,123,45.9,No significant complaints today.,0
PAT-00329,2024-01-03 10:14:00,93.1,92,37.8,122/78,162,45.9,"Patient describes night sweats, severe blurred vision, dry mouth, frequent urination. immediate attention may be needed.",0
PAT-00329,2024-01-04 10:37:08,95.1,71,38.5,125/80,103,45.9,"Reports fever, headache.",0
PAT-00329,2024-01-05 10:01:55,94.7,66,38.4,119/75,87,45.9,"Observes headache, muscle aches.",0
PAT-00329,2024-01-06 10:07:46,98.7,93,35.7,111/73,84,45.9,Observes lowered energy.,0
PAT-00329,2024-01-07 08:28:39,97.6,92,37.5,181/104,152,45.9,"Patient notes that mild fever, chest pain, severe headache, severe blurred vision, dry mouth, frequent urination. immediate attention may be needed.",0
PAT-00329,2024-01-08 10:32:58,98.4,88,36.7,121/82,89,45.9,No symptoms reported. Vitals are within expected range.,0
PAT-00329,2024-01-09 08:37:56,96.5,96,37.0,119/73,101,45.9,Patient is feeling well with all parameters stable.,0
PAT-00329,2024-01-10 08:19:40,95.7,70,36.9,116/76,73,45.9,No significant complaints today.,0
PAT-00329,2024-01-11 10:08:09,95.3,51,37.0,123/81,88,45.9,Reports slow pulse.,1
PAT-00329,2024-01-12 10:47:49,99.8,75,36.1,128/72,106,45.9,Vitals remain within acceptable limits. No issues noted.,0
PAT-00329,2024-01-13 10:33:41,93.3,59,36.6,140/88,96,45.9,Patient denies any symptoms or discomfort.,0
PAT-00329,2024-01-14 08:34:03,96.4,72,36.6,117/82,91,45.9,No significant complaints today.,0
PAT-00329,2024-01-15 10:04:31,96.8,85,37.1,130/75,89,45.9,No symptoms reported. Vitals are within expected range.,0
PAT-00329,2024-01-16 08:04:05,96.8,100,36.7,146/87,80,45.9,Patient denies any symptoms or discomfort.,0
PAT-00329,2024-01-17 09:51:13,95.1,98,37.1,135/86,97,45.9,Patient is feeling well with all parameters stable.,0
PAT-00329,2024-01-18 08:44:34,97.8,87,36.1,115/75,163,45.9,"Reports severe blurred vision, dry mouth, frequent urination. immediate attention may be needed.",0
PAT-00329,2024-01-19 09:56:53,98.5,74,37.2,111/80,144,45.9,"Today, patient states blurred vision.",0
PAT-00329,2024-01-20 08:20:37,96.1,82,37.2,121/79,76,45.9,No significant complaints today.,0
PAT-00329,2024-01-21 09:45:13,98.3,83,36.9,129/75,137,45.9,Indicates blurred vision.,0
PAT-00329,2024-01-22 10:41:07,98.9,86,37.0,130/90,172,45.9,"Patient describes severe blurred vision, dry mouth, frequent urination. worsening symptoms present.",0
PAT-00329,2024-01-23 10:35:44,95.1,109,38.3,118/71,123,45.9,"Indicates anxiety, fever, headache.",0
PAT-00329,2024-01-24 08:25:37,97.7,97,36.7,121/73,93,45.9,Vitals remain within acceptable limits. No issues noted.,0
PAT-00329,2024-01-25 08:32:23,95.2,62,36.5,120/76,79,45.9,No significant complaints today.,0
PAT-00329,2024-01-26 09:30:56,91.0,59,37.8,119/72,111,45.9,"Patient describes dizziness, body aches.",0
PAT-00329,2024-01-27 09:26:06,96.8,57,36.9,118/81,110,45.9,Patient is feeling well with all parameters stable.,0
PAT-00329,2024-01-28 09:35:48,95.2,61,38.1,113/85,73,45.9,"Today, patient states muscle aches, fever.",0
PAT-00329,2024-01-29 08:00:25,93.1,53,37.2,119/71,88,45.9,Reports fatigue.,1
PAT-00329,2024-01-30 10:59:37,96.8,90,36.5,128/75,82,45.9,Patient is feeling well with all parameters stable.,0
PAT-00330,2024-01-01 09:07:34,97.7,84,38.9,113/81,114,80.6,"Indicates severe discomfort, headache. immediate attention may be needed.",0
PAT-00330,2024-01-02 09:59:08,96.7,66,38.3,144/93,92,80.6,"Patient describes severe discomfort, muscle aches. immediate attention may be needed.",0
PAT-00330,2024-01-03 10:45:01,99.1,110,36.1,130/79,84,80.6,Patient notes that restlessness.,0
PAT-00330,2024-01-04 08:49:15,97.0,86,35.6,166/110,90,80.6,"This morning, mild coldness, chest tightness.",0
PAT-00330,2024-01-05 10:00:52,95.5,61,37.1,133/86,92,80.6,No significant complaints today.,0
PAT-00330,2024-01-06 10:15:17,93.5,51,38.4,130/81,91,80.6,"Reports slow pulse, chills, severe discomfort. worsening symptoms present.",1
PAT-00330,2024-01-07 08:48:23,94.9,92,38.6,113/71,87,80.6,"Patient notes that severe discomfort, fever. worsening symptoms present.",1
PAT-00330,2024-01-08 09:26:51,96.4,101,35.8,149/88,147,80.6,"Notes restlessness, mild coldness, frequent urination.",0
PAT-00330,2024-01-09 08:35:46,94.5,63,36.6,139/95,81,80.6,Patient denies any symptoms or discomfort.,0
PAT-00330,2024-01-10 09:00:25,97.5,107,36.5,148/87,177,80.6,"Indicates palpitations, severe blurred vision, dry mouth, frequent urination. worsening symptoms present.",1
PAT-00330,2024-01-11 09:31:46,97.9,60,36.7,145/89,89,80.6,Patient is feeling well with all parameters stable.,0
PAT-00330,2024-01-12 08:18:38,97.2,89,36.0,149/89,91,80.6,Vitals remain within acceptable limits. No issues noted.,0
PAT-00330,2024-01-13 08:36:07,97.0,102,37.3,110/71,114,80.6,Notes restlessness.,0
PAT-00330,2024-01-14 09:20:43,96.7,107,35.5,174/100,93,80.6,"Patient notes that palpitations, lowered energy, chest tightness.",0
PAT-00330,2024-01-15 09:15:48,95.2,100,36.9,119/73,166,80.6,"Observes severe blurred vision, dry mouth, frequent urination. immediate attention may be needed.",0
PAT-00330,2024-01-16 10:21:14,97.6,50,36.1,118/79,146,80.6,"Patient notes that fatigue, dry mouth.",0
PAT-00330,2024-01-17 10:59:58,95.9,92,36.5,147/95,178,80.6,"Observes severe blurred vision, dry mouth, frequent urination. immediate attention may be needed.",1
PAT-00330,2024-01-18 08:40:19,94.6,84,36.9,116/76,80,80.6,Patient denies any symptoms or discomfort.,0
PAT-00330,2024-01-19 10:22:05,96.1,93,36.6,114/84,78,80.6,Vitals remain within acceptable limits. No issues noted.,0
PAT-00330,2024-01-20 08:26:47,96.0,59,37.3,126/81,75,80.6,No significant complaints today.,0
PAT-00330,2024-01-21 09:42:26,95.7,90,37.2,140/94,162,80.6,"Today, patient states severe blurred vision, dry mouth, frequent urination. immediate attention may be needed.",0
PAT-00330,2024-01-22 10:04:36,93.2,74,36.9,118/82,81,80.6,Patient is feeling well with all parameters stable.,0
PAT-00330,2024-01-23 10:33:09,99.1,71,36.0,143/94,128,80.6,Indicates blurred vision.,0
PAT-00330,2024-01-24 08:51:44,96.5,109,37.0,124/83,125,80.6,Reports anxiety.,1
PAT-00330,2024-01-25 10:55:55,97.9,93,38.8,160/104,90,80.6,"Notes fever, headache, vision issues.",0
PAT-00330,2024-01-26 10:37:37,98.2,67,35.5,123/80,90,80.6,Patient describes mild coldness.,0
PAT-00330,2024-01-27 08:04:39,97.6,60,38.8,147/90,114,80.6,"Patient notes that severe discomfort, chills. worsening symptoms present.",0
PAT-00330,2024-01-28 08:11:01,92.5,106,35.9,150/91,111,80.6,"Indicates palpitations, mild coldness.",1
PAT-00330,2024-01-29 10:24:03,97.4,52,35.9,171/113,98,80.6,"Reports lightheadedness, lowered energy, vision issues.",0
PAT-00330,2024-01-30 10:42:40,95.8,72,36.9,148/85,91,80.6,Patient is feeling well with all parameters stable.,0
PAT-00331,2024-01-01 09:15:11,95.8,60,37.9,126/81,81,113.3,Indicates night sweats.,0
PAT-00331,2024-01-02 09:17:35,95.1,89,35.6,118/70,86,113.3,"This morning, lowered energy.",0
PAT-00331,2024-01-03 08:33:26,91.4,62,35.9,149/93,74,113.3,"Observes dizziness, mild coldness.",0
PAT-00331,2024-01-04 08:24:21,96.4,105,36.2,123/75,94,113.3,Observes anxiety.,0
PAT-00331,2024-01-05 10:11:52,96.5,54,35.9,133/94,114,113.3,"Patient describes slow pulse, lowered energy.",1
PAT-00331,2024-01-06 10:34:31,95.8,58,35.7,129/75,80,113.3,Indicates lowered energy.,0
PAT-00331,2024-01-07 10:18:07,98.0,88,35.9,129/81,79,113.3,Patient notes that mild coldness.,0
PAT-00331,2024-01-08 09:27:10,98.3,72,36.7,178/112,84,113.3,"This morning, chest tightness.",0
PAT-00331,2024-01-09 09:50:48,98.2,71,37.8,120/80,98,113.3,Notes mild fever.,0
PAT-00331,2024-01-10 09:38:37,94.7,58,37.3,117/72,108,113.3,No symptoms reported. Vitals are within expected range.,0
PAT-00331,2024-01-11 10:59:38,98.2,90,36.8,121/77,105,113.3,Patient denies any symptoms or discomfort.,0
PAT-00331,2024-01-12 10:55:53,95.4,97,38.8,113/81,121,113.3,"Patient notes that chills, fever.",1
PAT-00331,2024-01-13 10:59:24,99.1,84,35.8,141/89,117,113.3,"Today, patient states mild coldness.",0
PAT-00331,2024-01-14 10:02:27,92.4,75,37.0,133/94,103,113.3,No significant complaints today.,0
PAT-00331,2024-01-15 08:23:05,95.8,106,35.7,123/84,93,113.3,"Observes restlessness, lowered energy.",0
PAT-00331,2024-01-16 09:06:53,95.9,104,36.7,130/81,97,113.3,"This morning, anxiety.",0
PAT-00331,2024-01-17 10:02:39,91.2,57,37.0,121/82,73,113.3,"Today, patient states shortness of breath.",0
PAT-00331,2024-01-18 09:16:42,96.3,108,36.8,121/71,71,113.3,Notes restlessness.,0
PAT-00331,2024-01-19 10:54:22,95.3,110,36.4,111/70,123,113.3,Patient describes restlessness.,1
PAT-00331,2024-01-20 09:49:41,97.0,82,37.7,129/79,77,113.3,"Today, patient states night sweats.",0
PAT-00331,2024-01-21 10:25:05,97.6,70,37.2,143/90,87,113.3,Patient denies any symptoms or discomfort.,0
PAT-00331,2024-01-22 08:18:52,95.0,60,36.6,188/120,142,113.3,"Observes chest pain, severe headache, frequent urination. worsening symptoms present.",0
PAT-00331,2024-01-23 10:15:34,96.0,98,36.4,132/88,115,113.3,Vitals remain within acceptable limits. No issues noted.,0
PAT-00331,2024-01-24 10:30:01,94.9,53,38.5,116/71,124,113.3,"Reports lightheadedness, muscle aches, fever.",0
PAT-00331,2024-01-25 09:40:03,97.8,73,37.7,111/82,116,113.3,Reports mild fever.,0
PAT-00331,2024-01-26 09:57:26,99.4,98,37.1,130/82,115,113.3,No significant complaints today.,0
PAT-00331,2024-01-27 09:51:19,94.2,52,37.7,130/90,71,113.3,"Patient describes slow pulse, mild fever.",1
PAT-00331,2024-01-28 08:04:33,97.6,80,37.2,114/83,126,113.3,Observes frequent urination.,0
PAT-00331,2024-01-29 08:07:39,95.3,109,36.6,110/82,96,113.3,Indicates anxiety.,0
PAT-00331,2024-01-30 10:46:38,97.6,61,36.7,128/71,95,113.3,Patient is feeling well with all parameters stable.,0
PAT-00332,2024-01-01 08:09:26,97.8,60,36.2,123/77,122,65.9,No significant complaints today.,0
PAT-00332,2024-01-02 09:19:21,94.2,91,38.0,150/95,78,65.9,"Notes fever, headache.",0
PAT-00332,2024-01-03 10:22:54,98.3,59,38.7,134/87,126,65.9,"Patient notes that chills, fever, blurred vision.",0
PAT-00332,2024-01-04 08:30:52,94.4,103,35.5,118/77,147,65.9,"Patient notes that anxiety, mild coldness, blurred vision.",0
PAT-00332,2024-01-05 08:59:41,98.8,58,38.5,185/106,92,65.9,"Reports headache, fever, chest pain, severe headache. worsening symptoms present.",1
PAT-00332,2024-01-06 09:53:51,100.0,75,36.7,119/79,131,65.9,Observes frequent urination.,0
PAT-00332,2024-01-07 09:09:07,99.1,99,38.4,120/79,91,65.9,"Indicates severe discomfort, muscle aches. worsening symptoms present.",0
PAT-00332,2024-01-08 09:40:48,91.0,60,38.3,128/77,152,65.9,"Patient notes that low energy, fever, headache, severe blurred vision, dry mouth, frequent urination. immediate attention may be needed.",1
PAT-00332,2024-01-09 08:43:53,96.7,80,38.3,142/93,97,65.9,"Reports fever, muscle aches.",1
PAT-00332,2024-01-10 09:42:01,96.4,89,36.8,112/79,80,65.9,No symptoms reported. Vitals are within expected range.,0
PAT-00332,2024-01-11 08:18:43,96.0,90,36.1,113/85,76,65.9,Vitals remain within acceptable limits. No issues noted.,0
PAT-00332,2024-01-12 09:37:05,97.0,63,38.9,130/75,86,65.9,"Today, patient states headache, fever.",0
PAT-00332,2024-01-13 10:33:13,96.2,79,37.2,140/90,114,65.9,No symptoms reported. Vitals are within expected range.,0
PAT-00332,2024-01-14 09:01:06,95.9,103,37.2,112/81,96,65.9,Notes anxiety.,1
PAT-00332,2024-01-15 09:44:15,98.1,70,35.5,114/81,77,65.9,Patient describes lowered energy.,0
PAT-00332,2024-01-16 08:01:53,98.3,56,35.7,121/80,90,65.9,Notes lowered energy.,0
PAT-00332,2024-01-17 08:46:37,94.3,108,36.7,120/74,90,65.9,"This morning, anxiety.",0
PAT-00332,2024-01-18 10:21:51,94.2,99,37.2,128/83,138,65.9,"Today, patient states blurred vision.",0
PAT-00332,2024-01-19 10:30:30,95.7,64,37.2,140/86,87,65.9,Patient is feeling well with all parameters stable.,0
PAT-00332,2024-01-20 10:40:37,95.8,70,36.7,117/79,96,65.9,No symptoms reported. Vitals are within expected range.,0
PAT-00332,2024-01-21 08:51:24,95.4,67,36.5,129/83,79,65.9,No significant complaints today.,0
PAT-00332,2024-01-22 09:16:37,94.8,109,36.8,130/85,70,65.9,Patient notes that restlessness.,0
PAT-00332,2024-01-23 09:23:12,94.4,107,36.5,147/87,104,65.9,Notes palpitations.,0
PAT-00332,2024-01-24 08:28:02,95.6,84,35.7,126/80,98,65.9,Notes lowered energy.,0
PAT-00332,2024-01-25 10:09:27,93.0,57,38.5,146/87,87,65.9,"Patient notes that chills, headache.",0
PAT-00332,2024-01-26 10:59:28,95.1,72,36.3,146/85,84,65.9,No symptoms reported. Vitals are within expected range.,0
PAT-00332,2024-01-27 09:07:44,97.7,97,36.8,113/79,113,65.9,Patient denies any symptoms or discomfort.,0
PAT-00332,2024-01-28 10:14:13,95.5,60,35.7,126/82,123,65.9,Notes mild coldness.,0
PAT-00332,2024-01-29 09:10:14,98.8,72,36.4,117/82,74,65.9,Patient denies any symptoms or discomfort.,0
PAT-00332,2024-01-30 09:57:41,95.7,59,36.9,147/86,73,65.9,No significant complaints today.,0
PAT-00333,2024-01-01 09:23:33,97.5,83,36.7,144/88,98,60.9,Patient denies any symptoms or discomfort.,0
PAT-00333,2024-01-02 10:01:23,95.5,61,36.5,144/89,110,60.9,No symptoms reported. Vitals are within expected range.,0
PAT-00333,2024-01-03 09:11:18,95.3,74,36.6,186/102,86,60.9,"Indicates chest pain, severe headache. worsening symptoms present.",0
PAT-00333,2024-01-04 08:41:02,97.0,60,38.2,116/70,129,60.9,"This morning, chills, muscle aches, frequent urination.",0
PAT-00333,2024-01-05 09:20:06,93.8,74,36.8,150/87,86,60.9,Patient is feeling well with all parameters stable.,0
PAT-00333,2024-01-06 08:17:39,96.0,54,36.7,147/92,124,60.9,"Today, patient states slow pulse.",1
PAT-00333,2024-01-07 08:45:43,95.3,61,37.8,114/79,93,60.9,Patient notes that body aches.,0
PAT-00333,2024-01-08 10:34:11,93.9,85,36.1,146/86,79,60.9,No symptoms reported. Vitals are within expected range.,0
PAT-00333,2024-01-09 09:55:47,94.6,65,37.3,145/85,102,60.9,Patient is feeling well with all parameters stable.,0
PAT-00333,2024-01-10 10:35:31,95.5,94,37.1,133/92,121,60.9,Patient denies any symptoms or discomfort.,0
PAT-00333,2024-01-11 08:25:00,95.6,56,36.2,149/91,83,60.9,No significant complaints today.,0
PAT-00333,2024-01-12 10:31:37,96.3,69,36.9,129/77,72,60.9,Patient is feeling well with all parameters stable.,0
PAT-00333,2024-01-13 08:59:08,100.0,52,36.8,110/83,180,60.9,"Notes lightheadedness, severe blurred vision, dry mouth, frequent urination. worsening symptoms present.",1
PAT-00333,2024-01-14 10:01:29,94.0,65,37.1,124/79,76,60.9,Patient denies any symptoms or discomfort.,0
PAT-00333,2024-01-15 10:23:24,93.0,78,38.7,116/74,86,60.9,"Today, patient states headache, muscle aches.",1
PAT-00333,2024-01-16 09:08:55,99.2,61,37.6,120/70,75,60.9,Patient describes night sweats.,0
PAT-00333,2024-01-17 08:22:02,94.7,77,36.4,150/88,92,60.9,No significant complaints today.,0
PAT-00333,2024-01-18 08:12:54,94.5,57,37.6,117/81,100,60.9,"This morning, body aches.",0
PAT-00333,2024-01-19 10:24:58,94.8,84,37.0,148/87,147,60.9,"This morning, frequent urination.",0
PAT-00333,2024-01-20 09:23:05,94.9,71,35.9,118/72,116,60.9,"This morning, mild coldness.",0
PAT-00333,2024-01-21 10:28:02,96.6,91,38.5,114/72,97,60.9,"Reports chills, headache.",0
PAT-00333,2024-01-22 10:36:50,96.4,65,37.3,166/104,99,60.9,Indicates chest tightness.,0
PAT-00333,2024-01-23 09:43:41,93.8,69,37.2,120/73,99,60.9,Patient is feeling well with all parameters stable.,0
PAT-00333,2024-01-24 09:26:41,98.9,81,37.6,181/100,114,60.9,"Observes body aches, chest pain, severe headache. immediate attention may be needed.",1
PAT-00333,2024-01-25 09:59:44,95.0,56,35.7,169/109,167,60.9,"Indicates mild coldness, chest tightness, severe blurred vision, dry mouth, frequent urination. immediate attention may be needed.",1
PAT-00333,2024-01-26 09:06:14,95.3,110,36.6,121/74,93,60.9,"Today, patient states palpitations.",0
PAT-00333,2024-01-27 10:39:37,93.1,106,38.3,120/73,131,60.9,"Notes anxiety, headache, fever, dry mouth.",0
PAT-00333,2024-01-28 08:56:06,94.1,80,37.2,135/91,99,60.9,No significant complaints today.,0
PAT-00333,2024-01-29 09:17:32,96.6,79,36.8,118/82,151,60.9,"Indicates severe blurred vision, dry mouth, frequent urination. immediate attention may be needed.",0
PAT-00333,2024-01-30 10:20:21,95.3,60,36.9,141/92,80,60.9,Patient denies any symptoms or discomfort.,0
PAT-00334,2024-01-01 09:14:16,97.6,94,37.2,120/78,116,69.1,No significant complaints today.,0
PAT-00334,2024-01-02 10:00:34,97.7,55,35.7,132/86,81,69.1,Notes lowered energy.,0
PAT-00334,2024-01-03 09:55:47,95.6,88,38.0,110/79,153,69.1,"Notes muscle aches, chills, severe blurred vision, dry mouth, frequent urination. worsening symptoms present.",1
PAT-00334,2024-01-04 09:19:41,93.3,64,36.7,114/70,120,69.1,Patient is feeling well with all parameters stable.,0
PAT-00334,2024-01-05 09:00:10,95.7,78,37.1,125/79,124,69.1,No significant complaints today.,0
PAT-00334,2024-01-06 09:38:27,95.2,110,38.3,147/92,91,69.1,"This morning, palpitations, chills, muscle aches.",1
PAT-00334,2024-01-07 10:35:38,98.5,57,37.2,122/72,72,69.1,Patient denies any symptoms or discomfort.,0
PAT-00334,2024-01-08 09:53:27,95.1,53,37.9,111/75,96,69.1,"Observes slow pulse, night sweats.",1
PAT-00334,2024-01-09 10:52:41,94.2,88,35.7,189/120,81,69.1,"Patient notes that mild coldness, chest pain, severe headache. worsening symptoms present.",1
PAT-00334,2024-01-10 10:35:04,95.9,107,37.4,128/81,114,69.1,Reports anxiety.,0
PAT-00334,2024-01-11 08:05:16,95.7,76,37.4,122/75,166,69.1,"Today, patient states severe blurred vision, dry mouth, frequent urination. worsening symptoms present.",1
PAT-00334,2024-01-12 09:22:07,97.6,81,36.8,171/103,100,69.1,"Today, patient states vision issues.",0
PAT-00334,2024-01-13 09:27:28,94.5,67,36.9,111/70,78,69.1,Patient denies any symptoms or discomfort.,0
PAT-00334,2024-01-14 08:11:46,96.7,75,36.6,114/85,92,69.1,Vitals remain within acceptable limits. No issues noted.,0
PAT-00334,2024-01-15 08:02:05,96.7,84,38.6,163/102,81,69.1,"Reports headache, severe discomfort, chest tightness. worsening symptoms present.",0
PAT-00334,2024-01-16 08:01:46,97.8,106,36.6,118/81,80,69.1,"Today, patient states restlessness.",1
PAT-00334,2024-01-17 10:50:56,98.0,97,36.1,126/73,135,69.1,Patient describes dry mouth.,0
PAT-00334,2024-01-18 09:31:25,95.0,72,36.7,128/82,143,69.1,Notes frequent urination.,0
PAT-00334,2024-01-19 09:39:06,96.4,60,36.1,113/79,80,69.1,Patient denies any symptoms or discomfort.,0
PAT-00334,2024-01-20 09:41:51,96.8,63,37.1,124/76,93,69.1,No significant complaints today.,0
PAT-00334,2024-01-21 08:43:58,96.8,93,35.5,112/76,86,69.1,Patient notes that lowered energy.,0
PAT-00334,2024-01-22 10:12:04,94.3,110,36.5,160/113,92,69.1,"Today, patient states palpitations, headaches.",0
PAT-00334,2024-01-23 09:42:58,96.6,79,35.7,149/92,73,69.1,Indicates lowered energy.,0
PAT-00334,2024-01-24 08:27:24,99.7,69,36.8,131/86,125,69.1,Patient is feeling well with all parameters stable.,0
PAT-00334,2024-01-25 09:36:21,98.0,66,37.3,118/81,108,69.1,Patient denies any symptoms or discomfort.,0
PAT-00334,2024-01-26 09:08:34,94.8,88,37.2,110/76,85,69.1,No significant complaints today.,0
PAT-00334,2024-01-27 10:22:52,92.7,103,38.0,113/82,93,69.1,"Indicates anxiety, severe discomfort, chills. worsening symptoms present.",0
PAT-00334,2024-01-28 08:06:19,97.7,107,36.9,113/71,99,69.1,Indicates palpitations.,0
PAT-00334,2024-01-29 10:15:25,97.3,98,36.6,182/112,111,69.1,"Indicates chest pain, severe headache. immediate attention may be needed.",1
PAT-00334,2024-01-30 10:40:50,95.3,50,38.9,121/74,96,69.1,"Indicates fatigue, chills, severe discomfort. worsening symptoms present.",0
PAT-00335,2024-01-01 09:58:12,94.1,100,37.2,119/85,85,71.0,No symptoms reported. Vitals are within expected range.,0
PAT-00335,2024-01-02 09:11:27,94.9,86,37.3,110/85,109,71.0,Patient denies any symptoms or discomfort.,0
PAT-00335,2024-01-03 10:39:13,93.7,70,36.7,126/76,88,71.0,Patient denies any symptoms or discomfort.,0
PAT-00335,2024-01-04 09:28:38,95.4,63,36.2,190/112,98,71.0,"Observes chest pain, severe headache. worsening symptoms present.",0
PAT-00335,2024-01-05 10:41:05,94.2,99,36.6,139/89,81,71.0,Patient is feeling well with all parameters stable.,0
PAT-00335,2024-01-06 08:45:12,95.9,63,36.5,114/78,90,71.0,No significant complaints today.,0
PAT-00335,2024-01-07 08:31:16,95.8,64,37.3,140/93,118,71.0,No significant complaints today.,0
PAT-00335,2024-01-08 10:24:20,95.0,69,36.2,140/95,87,71.0,Vitals remain within acceptable limits. No issues noted.,0
PAT-00335,2024-01-09 08:29:44,94.5,52,35.6,110/78,73,71.0,"Notes fatigue, mild coldness.",1
PAT-00335,2024-01-10 08:33:55,94.8,70,36.3,189/100,109,71.0,"Patient describes chest pain, severe headache. immediate attention may be needed.",0
PAT-00335,2024-01-11 08:25:31,97.0,60,36.5,126/85,82,71.0,No significant complaints today.,0
PAT-00335,2024-01-12 08:32:08,94.1,77,36.7,136/88,90,71.0,No symptoms reported. Vitals are within expected range.,0
PAT-00335,2024-01-13 10:36:11,97.0,105,35.7,116/77,86,71.0,"This morning, restlessness, mild coldness.",1
PAT-00335,2024-01-14 09:01:52,97.7,52,37.3,182/112,121,71.0,"This morning, fatigue, chest pain, severe headache. immediate attention may be needed.",1
PAT-00335,2024-01-15 08:22:31,95.2,88,36.8,186/102,95,71.0,"Patient notes that chest pain, severe headache. immediate attention may be needed.",0
PAT-00335,2024-01-16 08:46:07,95.3,57,38.9,120/77,176,71.0,"Indicates headache, chills, severe blurred vision, dry mouth, frequent urination. worsening symptoms present.",1
PAT-00335,2024-01-17 09:41:38,97.8,50,37.9,117/82,133,71.0,"Observes slow pulse, night sweats, blurred vision.",0
PAT-00335,2024-01-18 08:51:37,98.7,58,38.0,130/76,76,71.0,"Patient notes that headache, fever.",1
PAT-00335,2024-01-19 09:35:13,96.7,60,35.7,111/76,127,71.0,"Notes lowered energy, dry mouth.",0
PAT-00335,2024-01-20 09:35:38,93.4,102,36.0,127/85,180,71.0,"This morning, restlessness, severe blurred vision, dry mouth, frequent urination. worsening symptoms present.",0
PAT-00335,2024-01-21 10:29:20,96.4,110,38.7,147/88,99,71.0,"Today, patient states anxiety, chills, fever.",0
PAT-00335,2024-01-22 08:47:47,98.0,64,36.6,112/80,92,71.0,Patient is feeling well with all parameters stable.,0
PAT-00335,2024-01-23 10:59:09,97.1,50,36.4,127/76,122,71.0,Reports fatigue.,0
PAT-00335,2024-01-24 09:44:11,96.6,94,37.0,126/85,88,71.0,Vitals remain within acceptable limits. No issues noted.,0
PAT-00335,2024-01-25 08:05:04,94.6,50,37.1,148/93,96,71.0,Patient describes lightheadedness.,0
PAT-00335,2024-01-26 10:53:07,98.5,103,37.6,163/102,106,71.0,"Patient notes that palpitations, night sweats, chest tightness.",0
PAT-00335,2024-01-27 10:03:06,96.4,71,36.7,127/83,85,71.0,Patient denies any symptoms or discomfort.,0
PAT-00335,2024-01-28 09:22:10,95.5,80,35.8,123/77,180,71.0,"This morning, mild coldness, severe blurred vision, dry mouth, frequent urination. worsening symptoms present.",1
PAT-00335,2024-01-29 09:57:26,98.6,79,35.6,146/85,95,71.0,"This morning, mild coldness.",0
PAT-00335,2024-01-30 09:46:52,95.9,88,36.8,136/94,123,71.0,Vitals remain within acceptable limits. No issues noted.,0
PAT-00336,2024-01-01 09:11:36,96.6,90,37.7,128/72,106,109.9,Notes night sweats.,0
PAT-00336,2024-01-02 08:34:50,96.2,66,36.7,128/72,91,109.9,No significant complaints today.,0
PAT-00336,2024-01-03 10:51:24,96.6,75,36.8,166/110,71,109.9,"This morning, vision issues.",0
PAT-00336,2024-01-04 08:53:45,93.3,98,38.3,175/107,70,109.9,"Patient describes fever, chills, headaches.",0
PAT-00336,2024-01-05 09:32:33,95.1,52,35.6,118/73,97,109.9,"Today, patient states slow pulse, mild coldness.",0
PAT-00336,2024-01-06 09:09:01,96.6,105,38.8,132/95,118,109.9,"Indicates palpitations, fever, muscle aches.",1
PAT-00336,2024-01-07 09:47:59,94.0,64,35.7,144/87,105,109.9,Patient notes that mild coldness.,0
PAT-00336,2024-01-08 08:39:01,94.6,81,38.5,113/81,95,109.9,"Notes fever, headache.",1
PAT-00336,2024-01-09 10:32:26,93.5,94,37.2,134/85,113,109.9,Vitals remain within acceptable limits. No issues noted.,0
PAT-00336,2024-01-10 08:26:17,94.2,53,37.0,130/78,130,109.9,"Today, patient states fatigue, blurred vision.",1
PAT-00336,2024-01-11 10:49:11,93.4,110,37.7,189/101,97,109.9,"Patient describes palpitations, body aches, chest pain, severe headache. immediate attention may be needed.",0
PAT-00336,2024-01-12 09:45:48,95.6,102,36.8,121/73,81,109.9,Indicates palpitations.,0
PAT-00336,2024-01-13 09:48:48,92.0,95,36.9,117/79,76,109.9,Vitals remain within acceptable limits. No issues noted.,0
PAT-00336,2024-01-14 10:26:18,92.2,74,36.7,129/79,166,109.9,"Observes severe blurred vision, dry mouth, frequent urination. worsening symptoms present.",1
PAT-00336,2024-01-15 10:00:13,100.0,67,36.6,171/100,108,109.9,Patient describes headaches.,1
PAT-00336,2024-01-16 08:20:44,96.5,64,36.9,144/91,81,109.9,Patient denies any symptoms or discomfort.,0
PAT-00336,2024-01-17 09:02:15,92.9,61,35.9,174/111,98,109.9,"Today, patient states lowered energy, headaches.",0
PAT-00336,2024-01-18 10:39:41,98.2,103,36.0,117/74,96,109.9,Reports palpitations.,0
PAT-00336,2024-01-19 10:40:21,93.2,105,36.7,122/77,90,109.9,"Today, patient states restlessness.",1
PAT-00336,2024-01-20 10:37:49,95.3,105,36.0,112/75,77,109.9,"Today, patient states restlessness.",0
PAT-00336,2024-01-21 09:07:38,97.1,53,36.5,124/84,90,109.9,Observes lightheadedness.,0
PAT-00336,2024-01-22 10:53:30,96.2,87,38.2,127/71,99,109.9,"Reports fever, headache.",0
PAT-00336,2024-01-23 09:41:37,93.5,78,36.7,116/78,90,109.9,No symptoms reported. Vitals are within expected range.,0
PAT-00336,2024-01-24 09:54:58,94.2,70,35.9,122/85,124,109.9,Notes mild coldness.,0
PAT-00336,2024-01-25 09:51:17,97.1,64,35.9,131/95,90,109.9,Notes lowered energy.,0
PAT-00336,2024-01-26 09:07:48,96.3,74,36.1,189/102,76,109.9,"Indicates chest pain, severe headache. worsening symptoms present.",0
PAT-00336,2024-01-27 09:51:19,95.5,77,37.0,123/84,93,109.9,No significant complaints today.,0
PAT-00336,2024-01-28 08:26:17,92.8,107,38.5,178/107,96,109.9,"Patient describes restlessness, fever, headache, headaches.",0
PAT-00336,2024-01-29 10:40:30,97.0,82,36.8,130/85,104,109.9,No symptoms reported. Vitals are within expected range.,0
PAT-00336,2024-01-30 10:35:59,93.6,95,38.5,127/73,112,109.9,"Patient notes that fever, chills.",1
PAT-00337,2024-01-01 08:16:18,94.8,62,38.0,113/70,75,76.6,"Reports chills, fever.",1
PAT-00337,2024-01-02 08:04:26,94.5,50,36.9,130/74,135,76.6,"Today, patient states slow pulse, frequent urination.",0
PAT-00337,2024-01-03 10:59:38,97.0,59,37.3,187/115,99,76.6,"This morning, chest pain, severe headache. worsening symptoms present.",0
PAT-00337,2024-01-04 08:15:09,95.8,78,37.3,116/77,121,76.6,No symptoms reported. Vitals are within expected range.,0
PAT-00337,2024-01-05 08:51:13,92.8,52,38.3,127/80,105,76.6,"Patient describes lightheadedness, chills, muscle aches.",0
PAT-00337,2024-01-06 08:08:17,91.2,63,37.3,145/89,123,76.6,Observes low energy.,0
PAT-00337,2024-01-07 09:17:51,97.3,87,37.0,148/95,86,76.6,No significant complaints today.,0
PAT-00337,2024-01-08 09:44:27,98.1,79,36.6,130/95,105,76.6,Patient is feeling well with all parameters stable.,0
PAT-00337,2024-01-09 09:25:37,95.1,82,35.6,129/70,125,76.6,Patient notes that lowered energy.,0
PAT-00337,2024-01-10 10:11:01,95.5,86,35.7,150/87,124,76.6,"This morning, lowered energy.",0
PAT-00337,2024-01-11 08:52:43,93.6,79,37.0,145/87,123,76.6,Patient is feeling well with all parameters stable.,0
PAT-00337,2024-01-12 10:33:12,96.7,57,35.7,139/90,107,76.6,Notes lowered energy.,0
PAT-00337,2024-01-13 10:11:24,98.7,58,38.1,168/119,71,76.6,"Notes severe discomfort, muscle aches, headaches. immediate attention may be needed.",1
PAT-00337,2024-01-14 10:00:26,96.2,100,36.7,129/77,73,76.6,No significant complaints today.,0
PAT-00337,2024-01-15 10:15:48,97.4,107,36.9,188/105,84,76.6,"Patient describes anxiety, chest pain, severe headache. immediate attention may be needed.",1
PAT-00337,2024-01-16 09:49:53,97.7,54,36.6,140/92,77,76.6,Patient notes that fatigue.,0
PAT-00337,2024-01-17 08:53:56,95.3,94,38.9,117/83,82,76.6,"This morning, fever, headache.",0
PAT-00337,2024-01-18 08:14:02,96.7,60,37.8,147/86,119,76.6,Indicates body aches.,0
PAT-00337,2024-01-19 10:12:45,98.5,110,36.0,118/79,80,76.6,Patient describes palpitations.,0
PAT-00337,2024-01-20 08:17:09,96.7,80,38.0,161/111,75,76.6,"Patient describes headache, severe discomfort, chest tightness. worsening symptoms present.",1
PAT-00337,2024-01-21 09:46:07,92.9,67,37.2,133/95,122,76.6,Vitals remain within acceptable limits. No issues noted.,0
PAT-00337,2024-01-22 08:42:50,93.2,81,38.5,186/119,80,76.6,"Patient describes muscle aches, fever, chest pain, severe headache. worsening symptoms present.",0
PAT-00337,2024-01-23 08:52:08,98.0,50,37.2,135/91,94,76.6,Observes fatigue.,0
PAT-00337,2024-01-24 08:10:30,96.9,83,37.6,110/80,85,76.6,"This morning, mild fever.",0
PAT-00337,2024-01-25 10:01:49,96.4,60,37.1,117/75,99,76.6,No symptoms reported. Vitals are within expected range.,0
PAT-00337,2024-01-26 08:42:02,95.2,66,36.7,178/100,102,76.6,Patient describes chest tightness.,0
PAT-00337,2024-01-27 08:36:11,95.6,86,36.6,147/87,133,76.6,"Today, patient states blurred vision.",0
PAT-00337,2024-01-28 10:53:58,96.5,106,37.7,145/93,73,76.6,"Notes restlessness, mild fever.",1
PAT-00337,2024-01-29 10:37:53,93.2,95,36.4,123/81,79,76.6,No symptoms reported. Vitals are within expected range.,0
PAT-00337,2024-01-30 09:11:47,98.2,69,36.1,114/81,99,76.6,No significant complaints today.,0
PAT-00338,2024-01-01 08:32:30,96.1,61,36.1,178/115,88,71.8,Patient notes that chest tightness.,0
PAT-00338,2024-01-02 08:11:58,97.2,82,37.2,131/90,87,71.8,Patient is feeling well with all parameters stable.,0
PAT-00338,2024-01-03 10:33:14,94.8,75,36.2,132/90,116,71.8,No significant complaints today.,0
PAT-00338,2024-01-04 09:16:50,96.9,109,38.8,142/88,137,71.8,"Observes restlessness, chills, muscle aches, dry mouth.",1
PAT-00338,2024-01-05 09:11:38,96.5,68,36.0,146/89,74,71.8,No symptoms reported. Vitals are within expected range.,0
PAT-00338,2024-01-06 10:01:00,94.9,63,36.0,139/88,95,71.8,No symptoms reported. Vitals are within expected range.,0
PAT-00338,2024-01-07 08:27:41,92.4,61,36.7,129/84,172,71.8,"Patient describes severe blurred vision, dry mouth, frequent urination. worsening symptoms present.",1
PAT-00338,2024-01-08 09:41:02,99.5,98,35.6,117/70,75,71.8,Reports lowered energy.,0
PAT-00338,2024-01-09 10:13:59,95.2,101,35.6,111/70,111,71.8,"Today, patient states restlessness, mild coldness.",0
PAT-00338,2024-01-10 09:31:18,95.1,62,36.8,141/86,161,71.8,"Reports severe blurred vision, dry mouth, frequent urination. worsening symptoms present.",0
PAT-00338,2024-01-11 09:11:43,94.9,77,36.9,130/73,111,71.8,No significant complaints today.,0
PAT-00338,2024-01-12 09:46:55,96.3,97,37.2,128/70,80,71.8,Vitals remain within acceptable limits. No issues noted.,0
PAT-00338,2024-01-13 10:58:41,95.2,82,37.1,150/94,88,71.8,No significant complaints today.,0
PAT-00338,2024-01-14 10:57:21,98.0,57,38.1,114/85,112,71.8,"Reports severe discomfort, muscle aches. worsening symptoms present.",0
PAT-00338,2024-01-15 08:27:08,98.6,83,37.3,147/87,82,71.8,Patient is feeling well with all parameters stable.,0
PAT-00338,2024-01-16 09:09:16,94.5,67,36.6,180/109,91,71.8,Reports chest tightness.,0
PAT-00338,2024-01-17 10:40:12,95.7,82,37.4,128/80,88,71.8,Patient is feeling well with all parameters stable.,0
PAT-00338,2024-01-18 10:23:56,96.6,54,36.2,118/70,80,71.8,Patient notes that slow pulse.,0
PAT-00338,2024-01-19 10:24:15,94.1,60,36.8,114/72,87,71.8,Vitals remain within acceptable limits. No issues noted.,0
PAT-00338,2024-01-20 08:00:55,98.5,84,36.7,187/112,94,71.8,"This morning, chest pain, severe headache. immediate attention may be needed.",1
PAT-00338,2024-01-21 09:06:53,95.4,61,38.1,147/89,79,71.8,"Patient describes headache, severe discomfort. worsening symptoms present.",0
PAT-00338,2024-01-22 09:38:32,96.8,86,37.3,128/82,91,71.8,Patient denies any symptoms or discomfort.,0
PAT-00338,2024-01-23 09:31:18,95.8,66,35.9,117/76,178,71.8,"This morning, lowered energy, severe blurred vision, dry mouth, frequent urination. immediate attention may be needed.",1
PAT-00338,2024-01-24 10:32:03,95.9,69,36.2,128/82,122,71.8,No significant complaints today.,0
PAT-00338,2024-01-25 08:22:46,96.0,70,36.8,127/70,107,71.8,No significant complaints today.,0
PAT-00338,2024-01-26 08:38:47,92.0,70,37.1,136/86,93,71.8,No symptoms reported. Vitals are within expected range.,0
PAT-00338,2024-01-27 08:22:54,96.5,64,37.0,162/109,93,71.8,Patient notes that vision issues.,1
PAT-00338,2024-01-28 09:04:28,97.4,98,38.2,137/86,119,71.8,"This morning, chills, headache.",1
PAT-00338,2024-01-29 10:28:49,97.6,82,37.1,188/107,73,71.8,"Notes chest pain, severe headache. immediate attention may be needed.",1
PAT-00338,2024-01-30 08:27:41,98.6,101,37.1,119/75,80,71.8,Observes anxiety.,0
PAT-00339,2024-01-01 08:52:07,92.0,108,37.2,138/91,122,73.3,Reports palpitations.,1
PAT-00339,2024-01-02 10:07:52,91.6,50,36.1,175/109,91,73.3,"Notes dizziness, lightheadedness, headaches.",0
PAT-00339,2024-01-03 10:59:25,94.9,93,36.6,180/110,71,73.3,Patient notes that vision issues.,1
PAT-00339,2024-01-04 08:03:55,97.4,110,37.8,184/117,99,73.3,"Patient describes palpitations, mild fever, chest pain, severe headache. immediate attention may be needed.",0
PAT-00339,2024-01-05 08:22:18,95.3,105,36.8,112/71,80,73.3,Indicates restlessness.,0
PAT-00339,2024-01-06 08:15:40,97.6,57,36.4,113/76,94,73.3,No symptoms reported. Vitals are within expected range.,0
PAT-00339,2024-01-07 10:19:40,97.1,94,37.2,144/86,128,73.3,"Today, patient states blurred vision.",0
PAT-00339,2024-01-08 09:27:58,98.1,90,36.0,123/76,74,73.3,Patient denies any symptoms or discomfort.,0
PAT-00339,2024-01-09 10:35:04,95.9,101,37.3,128/78,171,73.3,"Patient notes that anxiety, severe blurred vision, dry mouth, frequent urination. immediate attention may be needed.",1
PAT-00339,2024-01-10 10:03:25,94.8,78,38.8,130/80,80,73.3,"Patient notes that severe discomfort, fever. immediate attention may be needed.",1
PAT-00339,2024-01-11 09:11:30,97.3,55,36.6,111/70,103,73.3,No symptoms reported. Vitals are within expected range.,0
PAT-00339,2024-01-12 09:12:57,96.9,80,36.8,181/112,108,73.3,"Notes chest pain, severe headache. worsening symptoms present.",1
PAT-00339,2024-01-13 08:24:10,94.4,67,36.6,110/70,107,73.3,No symptoms reported. Vitals are within expected range.,0
PAT-00339,2024-01-14 09:43:22,90.8,60,35.8,135/85,116,73.3,"Patient notes that shortness of breath, mild coldness.",1
PAT-00339,2024-01-15 10:24:32,93.9,77,36.4,190/116,91,73.3,"Today, patient states chest pain, severe headache. immediate attention may be needed.",0
PAT-00339,2024-01-16 09:37:25,95.5,66,36.4,126/83,85,73.3,Patient denies any symptoms or discomfort.,0
PAT-00339,2024-01-17 09:58:52,94.8,98,36.6,118/72,91,73.3,No symptoms reported. Vitals are within expected range.,0
PAT-00339,2024-01-18 10:50:04,94.3,75,39.0,111/82,74,73.3,"Indicates chills, fever.",1
PAT-00339,2024-01-19 10:19:08,97.5,88,36.6,123/70,138,73.3,Patient describes blurred vision.,0
PAT-00339,2024-01-20 10:57:13,93.3,60,36.8,148/85,75,73.3,No significant complaints today.,0
PAT-00339,2024-01-21 09:08:22,97.8,109,36.7,139/87,86,73.3,Reports palpitations.,1
PAT-00339,2024-01-22 08:02:21,94.7,78,37.4,125/70,102,73.3,No significant complaints today.,0
PAT-00339,2024-01-23 10:17:57,97.0,64,37.8,136/91,100,73.3,"This morning, body aches.",0
PAT-00339,2024-01-24 09:15:57,97.6,65,37.8,115/73,84,73.3,"This morning, mild fever.",0
PAT-00339,2024-01-25 08:03:56,96.5,59,37.0,120/80,109,73.3,Patient denies any symptoms or discomfort.,0
PAT-00339,2024-01-26 08:17:14,96.8,88,37.1,122/83,118,73.3,No significant complaints today.,0
PAT-00339,2024-01-27 10:03:13,93.4,60,36.7,122/83,81,73.3,Patient denies any symptoms or discomfort.,0
PAT-00339,2024-01-28 08:01:46,97.3,60,38.1,130/71,77,73.3,"Patient notes that severe discomfort, headache. worsening symptoms present.",0
PAT-00339,2024-01-29 09:51:56,97.9,104,36.5,122/72,140,73.3,"This morning, restlessness, blurred vision.",1
PAT-00339,2024-01-30 09:54:17,91.8,97,35.7,110/78,85,73.3,"This morning, shortness of breath, lowered energy.",0
PAT-00340,2024-01-01 10:51:00,94.5,101,36.9,162/106,89,58.3,"Reports restlessness, headaches.",0
PAT-00340,2024-01-02 08:48:27,98.2,63,36.0,130/72,72,58.3,Patient denies any symptoms or discomfort.,0
PAT-00340,2024-01-03 09:09:20,96.3,89,36.8,143/95,72,58.3,Patient is feeling well with all parameters stable.,0
PAT-00340,2024-01-04 08:49:08,100.0,80,36.9,122/83,74,58.3,No symptoms reported. Vitals are within expected range.,0
PAT-00340,2024-01-05 08:29:30,94.0,52,38.3,125/82,168,58.3,"Patient notes that slow pulse, fever, muscle aches, severe blurred vision, dry mouth, frequent urination. immediate attention may be needed.",1
PAT-00340,2024-01-06 08:55:32,94.5,69,35.9,146/88,73,58.3,"Today, patient states mild coldness.",0
PAT-00340,2024-01-07 09:26:38,95.9,98,35.6,166/101,114,58.3,"This morning, lowered energy, vision issues.",0
PAT-00340,2024-01-08 09:49:41,94.7,72,37.1,126/72,74,58.3,Patient denies any symptoms or discomfort.,0
PAT-00340,2024-01-09 10:33:45,98.3,109,36.4,186/100,124,58.3,"This morning, palpitations, chest pain, severe headache. immediate attention may be needed.",1
PAT-00340,2024-01-10 10:36:22,95.9,51,36.6,190/119,101,58.3,"This morning, fatigue, chest pain, severe headache. worsening symptoms present.",0
PAT-00340,2024-01-11 09:19:09,92.6,90,36.8,171/105,98,58.3,"Today, patient states chest tightness.",1
PAT-00340,2024-01-12 10:21:56,99.7,75,37.5,113/74,87,58.3,Patient notes that night sweats.,0
PAT-00340,2024-01-13 08:42:56,92.7,54,37.0,176/100,90,58.3,"Reports slow pulse, chest tightness.",1
PAT-00340,2024-01-14 09:51:03,97.7,86,36.5,189/109,118,58.3,"Notes chest pain, severe headache. immediate attention may be needed.",0
PAT-00340,2024-01-15 10:50:55,98.8,85,37.9,114/73,78,58.3,Patient notes that mild fever.,0
PAT-00340,2024-01-16 10:52:47,95.8,107,36.5,115/84,73,58.3,Patient describes anxiety.,0
PAT-00340,2024-01-17 09:50:25,92.5,78,35.9,115/75,88,58.3,"This morning, lowered energy.",0
PAT-00340,2024-01-18 10:44:55,95.8,69,38.7,184/115,99,58.3,"This morning, fever, headache, chest pain, severe headache. immediate attention may be needed.",0
PAT-00340,2024-01-19 09:52:38,95.2,89,35.6,130/81,89,58.3,Patient notes that mild coldness.,0
PAT-00340,2024-01-20 09:17:50,96.8,53,36.7,112/84,109,58.3,Observes lightheadedness.,0
PAT-00340,2024-01-21 10:53:39,94.8,55,37.8,179/101,115,58.3,"Indicates mild fever, chest tightness.",0
PAT-00340,2024-01-22 08:29:56,98.9,53,37.1,117/85,106,58.3,Reports fatigue.,0
PAT-00340,2024-01-23 10:00:57,94.8,86,37.2,178/106,121,58.3,Reports chest tightness.,0
PAT-00340,2024-01-24 10:32:53,100.0,67,38.5,128/80,88,58.3,"Observes fever, muscle aches.",1
PAT-00340,2024-01-25 09:24:46,96.0,102,36.8,167/118,72,58.3,"Patient describes anxiety, vision issues.",0
PAT-00340,2024-01-26 08:32:44,96.2,60,36.8,125/77,120,58.3,No symptoms reported. Vitals are within expected range.,0
PAT-00340,2024-01-27 10:37:49,95.6,110,35.7,121/73,78,58.3,"Indicates anxiety, mild coldness.",0
PAT-00340,2024-01-28 09:57:53,98.2,106,37.1,142/85,84,58.3,Reports anxiety.,1
PAT-00340,2024-01-29 10:31:20,95.9,69,36.9,171/100,85,58.3,Patient notes that vision issues.,0
PAT-00340,2024-01-30 09:32:42,94.8,73,36.5,127/70,79,58.3,Vitals remain within acceptable limits. No issues noted.,0
PAT-00341,2024-01-01 10:58:36,94.5,91,36.1,131/86,125,65.7,Patient denies any symptoms or discomfort.,0
PAT-00341,2024-01-02 10:34:23,93.6,59,38.4,124/84,99,65.7,"Today, patient states fever, severe discomfort. worsening symptoms present.",0
PAT-00341,2024-01-03 08:07:31,94.5,61,36.5,140/94,96,65.7,Vitals remain within acceptable limits. No issues noted.,0
PAT-00341,2024-01-04 09:37:24,96.2,51,36.9,118/85,88,65.7,"Today, patient states fatigue.",0
PAT-00341,2024-01-05 10:08:25,98.4,109,37.8,168/116,72,65.7,"Patient notes that palpitations, body aches, chest tightness.",0
PAT-00341,2024-01-06 10:42:22,94.6,83,36.5,118/71,90,65.7,No significant complaints today.,0
PAT-00341,2024-01-07 10:18:21,94.0,67,38.4,110/79,74,65.7,"Today, patient states fever, muscle aches.",0
PAT-00341,2024-01-08 10:58:26,96.6,56,37.2,121/73,161,65.7,"Notes severe blurred vision, dry mouth, frequent urination. immediate attention may be needed.",0
PAT-00341,2024-01-09 09:42:56,94.8,98,37.6,111/74,88,65.7,Reports body aches.,0
PAT-00341,2024-01-10 09:58:53,95.7,86,37.1,127/76,76,65.7,Vitals remain within acceptable limits. No issues noted.,0
PAT-00341,2024-01-11 08:07:01,94.9,60,36.9,167/117,80,65.7,Notes vision issues.,0
PAT-00341,2024-01-12 10:07:53,97.2,55,37.1,121/73,80,65.7,No symptoms reported. Vitals are within expected range.,0
PAT-00341,2024-01-13 10:33:48,94.0,96,35.9,123/74,106,65.7,Reports mild coldness.,0
PAT-00341,2024-01-14 09:09:45,96.5,72,36.6,110/85,113,65.7,Patient is feeling well with all parameters stable.,0
PAT-00341,2024-01-15 09:08:03,94.8,69,36.5,168/102,80,65.7,"This morning, headaches.",0
PAT-00341,2024-01-16 10:52:03,95.7,105,36.8,134/92,121,65.7,Notes anxiety.,0
PAT-00341,2024-01-17 10:17:54,97.9,110,35.7,161/103,92,65.7,"Observes anxiety, mild coldness, headaches.",0
PAT-00341,2024-01-18 10:14:48,95.6,84,37.7,130/82,84,65.7,Patient describes night sweats.,0
PAT-00341,2024-01-19 09:23:26,91.7,83,36.8,161/100,125,65.7,"This morning, shortness of breath, vision issues.",1
PAT-00341,2024-01-20 10:58:31,97.2,90,36.1,117/79,118,65.7,No significant complaints today.,0
PAT-00341,2024-01-21 10:23:13,97.5,68,38.5,113/85,82,65.7,"Indicates fever, headache.",1
PAT-00341,2024-01-22 10:38:15,99.4,103,36.3,127/73,99,65.7,Patient notes that anxiety.,0
PAT-00341,2024-01-23 10:54:33,94.9,99,38.7,142/88,99,65.7,"Indicates muscle aches, headache.",1
PAT-00341,2024-01-24 08:22:54,95.3,69,37.3,123/76,120,65.7,No significant complaints today.,0
PAT-00341,2024-01-25 10:19:59,95.9,82,36.3,133/94,71,65.7,Patient is feeling well with all parameters stable.,0
PAT-00341,2024-01-26 10:01:11,95.5,78,36.5,132/89,76,65.7,Patient is feeling well with all parameters stable.,0
PAT-00341,2024-01-27 08:57:28,94.4,98,37.2,146/85,72,65.7,No significant complaints today.,0
PAT-00341,2024-01-28 10:29:10,94.3,61,38.9,171/112,110,65.7,"Reports chills, severe discomfort, headaches. worsening symptoms present.",0
PAT-00341,2024-01-29 10:26:40,96.3,77,38.8,110/84,111,65.7,"Observes fever, severe discomfort. immediate attention may be needed.",1
PAT-00341,2024-01-30 10:15:57,96.7,66,36.7,126/70,83,65.7,Patient is feeling well with all parameters stable.,0
PAT-00342,2024-01-01 08:33:08,99.5,58,37.2,125/72,91,74.7,Patient is feeling well with all parameters stable.,0
PAT-00342,2024-01-02 08:21:11,97.9,107,38.3,127/73,111,74.7,"This morning, palpitations, chills, headache.",1
PAT-00342,2024-01-03 08:45:01,93.8,60,38.4,115/76,125,74.7,"Indicates severe discomfort, headache. worsening symptoms present.",1
PAT-00342,2024-01-04 09:14:04,94.4,66,39.0,139/90,95,74.7,"Observes muscle aches, fever.",0
PAT-00342,2024-01-05 10:52:32,94.6,97,38.9,165/116,89,74.7,"Reports severe discomfort, headache, vision issues. immediate attention may be needed.",1
PAT-00342,2024-01-06 09:20:16,100.0,82,37.7,129/72,73,74.7,Patient describes mild fever.,0
PAT-00342,2024-01-07 08:26:27,96.5,86,36.6,130/93,162,74.7,"Reports severe blurred vision, dry mouth, frequent urination. worsening symptoms present.",1
PAT-00342,2024-01-08 08:32:07,93.9,54,37.2,145/86,78,74.7,Notes lightheadedness.,1
PAT-00342,2024-01-09 08:50:05,97.9,70,36.1,130/79,100,74.7,Patient is feeling well with all parameters stable.,0
PAT-00342,2024-01-10 09:39:27,96.3,86,37.5,178/101,101,74.7,"Patient notes that night sweats, chest tightness.",0
PAT-00342,2024-01-11 08:39:27,96.6,88,36.5,114/85,84,74.7,Patient denies any symptoms or discomfort.,0
PAT-00342,2024-01-12 09:37:33,98.7,73,36.8,127/76,71,74.7,Vitals remain within acceptable limits. No issues noted.,0
PAT-00342,2024-01-13 09:27:11,95.8,72,37.0,111/78,93,74.7,Vitals remain within acceptable limits. No issues noted.,0
PAT-00342,2024-01-14 10:19:23,98.1,67,36.7,125/81,94,74.7,Patient denies any symptoms or discomfort.,0
PAT-00342,2024-01-15 09:35:10,98.4,72,38.9,185/101,92,74.7,"Patient describes headache, chills, chest pain, severe headache. immediate attention may be needed.",0
PAT-00342,2024-01-16 09:39:40,94.7,71,37.3,127/76,71,74.7,Patient is feeling well with all parameters stable.,0
PAT-00342,2024-01-17 09:03:01,94.8,53,37.1,124/82,82,74.7,Patient describes lightheadedness.,0
PAT-00342,2024-01-18 10:55:20,96.1,70,37.2,131/88,87,74.7,Vitals remain within acceptable limits. No issues noted.,0
PAT-00342,2024-01-19 08:00:26,95.4,76,36.8,130/85,76,74.7,Vitals remain within acceptable limits. No issues noted.,0
PAT-00342,2024-01-20 08:27:28,97.6,86,35.6,114/77,122,74.7,Patient describes mild coldness.,0
PAT-00342,2024-01-21 08:45:01,94.8,79,36.2,119/81,96,74.7,No significant complaints today.,0
PAT-00342,2024-01-22 10:06:15,98.8,60,37.0,133/87,100,74.7,Patient is feeling well with all parameters stable.,0
PAT-00342,2024-01-23 08:53:34,97.7,62,37.0,122/76,79,74.7,No symptoms reported. Vitals are within expected range.,0
PAT-00342,2024-01-24 08:48:21,95.2,60,38.0,114/84,94,74.7,"Indicates chills, muscle aches.",0
PAT-00342,2024-01-25 09:49:11,97.2,103,36.5,132/94,146,74.7,"Notes anxiety, frequent urination.",1
PAT-00342,2024-01-26 09:07:44,99.7,95,37.0,125/76,98,74.7,Patient denies any symptoms or discomfort.,0
PAT-00342,2024-01-27 09:51:34,95.7,60,36.5,164/109,76,74.7,"This morning, headaches.",0
PAT-00342,2024-01-28 08:54:50,99.7,76,37.1,120/84,82,74.7,Patient is feeling well with all parameters stable.,0
PAT-00342,2024-01-29 09:10:15,98.9,78,38.4,112/83,92,74.7,"Patient notes that fever, chills.",0
PAT-00342,2024-01-30 08:19:34,93.0,87,38.4,120/80,176,74.7,"Observes chills, muscle aches, severe blurred vision, dry mouth, frequent urination. worsening symptoms present.",1
PAT-00343,2024-01-01 09:44:51,95.4,110,36.8,131/93,87,58.9,Observes palpitations.,0
PAT-00343,2024-01-02 08:22:54,93.5,105,36.6,114/74,101,58.9,Notes restlessness.,0
PAT-00343,2024-01-03 09:59:54,94.2,95,38.5,127/75,89,58.9,"Indicates fever, chills.",0
PAT-00343,2024-01-04 09:14:07,96.3,80,36.9,122/80,99,58.9,No symptoms reported. Vitals are within expected range.,0
PAT-00343,2024-01-05 09:33:16,97.0,62,38.0,112/83,128,58.9,"Reports chills, fever, frequent urination.",0
PAT-00343,2024-01-06 08:48:08,94.7,71,35.9,127/79,95,58.9,"This morning, lowered energy.",0
PAT-00343,2024-01-07 09:51:19,93.1,76,37.3,187/109,158,58.9,"Today, patient states chest pain, severe headache, severe blurred vision, dry mouth, frequent urination. worsening symptoms present.",0
PAT-00343,2024-01-08 09:36:58,95.4,106,36.5,130/87,105,58.9,Patient describes restlessness.,1
PAT-00343,2024-01-09 08:23:42,95.2,104,36.4,127/72,76,58.9,Notes restlessness.,0
PAT-00343,2024-01-10 08:19:50,99.4,62,36.7,120/85,70,58.9,Patient is feeling well with all parameters stable.,0
PAT-00343,2024-01-11 08:03:48,92.4,68,37.2,122/70,147,58.9,"This morning, frequent urination.",0
PAT-00343,2024-01-12 08:01:43,98.0,69,36.7,139/92,93,58.9,No symptoms reported. Vitals are within expected range.,0
PAT-00343,2024-01-13 10:52:18,92.5,78,37.4,138/88,79,58.9,No significant complaints today.,0
PAT-00343,2024-01-14 08:05:14,94.4,86,37.1,143/93,73,58.9,No significant complaints today.,0
PAT-00343,2024-01-15 09:51:20,92.5,85,37.2,168/111,75,58.9,Patient notes that chest tightness.,0
PAT-00343,2024-01-16 10:38:29,92.8,64,37.3,128/80,81,58.9,No significant complaints today.,0
PAT-00343,2024-01-17 09:09:17,95.0,62,37.1,113/70,86,58.9,No symptoms reported. Vitals are within expected range.,0
PAT-00343,2024-01-18 09:19:00,98.1,85,36.6,129/75,137,58.9,"Today, patient states frequent urination.",0
PAT-00343,2024-01-19 09:10:38,97.1,74,38.3,115/81,93,58.9,"Patient notes that muscle aches, chills.",0
PAT-00343,2024-01-20 09:45:38,94.7,108,36.2,120/84,105,58.9,"Today, patient states restlessness.",0
PAT-00343,2024-01-21 10:23:51,94.4,88,36.9,140/95,100,58.9,Patient is feeling well with all parameters stable.,0
PAT-00343,2024-01-22 08:43:50,98.5,90,36.9,129/84,75,58.9,Vitals remain within acceptable limits. No issues noted.,0
PAT-00343,2024-01-23 10:56:10,97.3,77,36.5,122/82,102,58.9,Patient denies any symptoms or discomfort.,0
PAT-00343,2024-01-24 09:39:01,95.3,54,38.9,111/83,104,58.9,"Today, patient states lightheadedness, severe discomfort, muscle aches. worsening symptoms present.",0
PAT-00343,2024-01-25 08:00:58,90.8,94,37.1,117/70,73,58.9,"Today, patient states low energy.",1
PAT-00343,2024-01-26 08:50:04,97.1,53,38.6,114/82,77,58.9,"Notes lightheadedness, severe discomfort, headache. worsening symptoms present.",0
PAT-00343,2024-01-27 09:26:33,98.0,102,37.1,125/76,108,58.9,Reports anxiety.,1
PAT-00343,2024-01-28 10:15:57,96.0,78,35.7,112/75,105,58.9,Patient describes mild coldness.,0
PAT-00343,2024-01-29 10:58:49,99.3,81,36.4,122/71,110,58.9,Patient denies any symptoms or discomfort.,0
PAT-00343,2024-01-30 08:17:48,94.5,53,36.7,123/79,92,58.9,Notes slow pulse.,1
PAT-00344,2024-01-01 10:51:24,95.9,59,36.5,118/79,104,78.2,No symptoms reported. Vitals are within expected range.,0
PAT-00344,2024-01-02 08:26:28,98.2,60,36.2,179/119,120,78.2,Patient notes that chest tightness.,1
PAT-00344,2024-01-03 08:14:10,96.6,73,36.1,130/72,110,78.2,Patient denies any symptoms or discomfort.,0
PAT-00344,2024-01-04 09:06:02,94.6,68,36.0,130/95,96,78.2,No significant complaints today.,0
PAT-00344,2024-01-05 09:16:48,97.8,84,37.1,142/88,160,78.2,"This morning, severe blurred vision, dry mouth, frequent urination. immediate attention may be needed.",1
PAT-00344,2024-01-06 09:02:04,90.9,54,38.4,118/85,88,78.2,"Today, patient states shortness of breath, slow pulse, muscle aches, headache.",1
PAT-00344,2024-01-07 08:21:17,94.8,63,36.7,173/107,73,78.2,"This morning, vision issues.",0
PAT-00344,2024-01-08 09:59:22,95.1,91,35.6,110/83,168,78.2,"Reports mild coldness, severe blurred vision, dry mouth, frequent urination. immediate attention may be needed.",1
PAT-00344,2024-01-09 10:41:01,94.7,90,37.3,120/70,92,78.2,Vitals remain within acceptable limits. No issues noted.,0
PAT-00344,2024-01-10 10:45:18,97.2,58,37.3,130/73,124,78.2,Patient denies any symptoms or discomfort.,0
PAT-00344,2024-01-11 10:45:36,96.5,61,36.5,136/95,120,78.2,No symptoms reported. Vitals are within expected range.,0
PAT-00344,2024-01-12 08:56:37,94.2,53,36.9,145/90,94,78.2,Reports slow pulse.,0
PAT-00344,2024-01-13 10:00:44,98.3,63,38.0,114/72,84,78.2,"Notes fever, muscle aches.",0
PAT-00344,2024-01-14 09:04:34,97.9,92,36.5,116/78,103,78.2,Patient is feeling well with all parameters stable.,0
PAT-00344,2024-01-15 10:01:27,96.2,93,38.9,122/73,122,78.2,"Today, patient states severe discomfort, muscle aches. immediate attention may be needed.",0
PAT-00344,2024-01-16 08:03:26,94.5,75,36.6,130/92,82,78.2,Vitals remain within acceptable limits. No issues noted.,0
PAT-00344,2024-01-17 08:11:20,96.6,82,38.5,146/94,103,78.2,"Reports chills, headache.",1
PAT-00344,2024-01-18 08:50:10,93.2,72,37.6,127/80,92,78.2,Indicates body aches.,0
PAT-00344,2024-01-19 08:03:50,96.3,101,36.7,114/79,72,78.2,Observes restlessness.,0
PAT-00344,2024-01-20 08:32:22,93.6,55,36.6,114/80,152,78.2,"Indicates severe blurred vision, dry mouth, frequent urination. immediate attention may be needed.",1
PAT-00344,2024-01-21 09:34:28,93.5,59,36.1,110/80,173,78.2,"Notes severe blurred vision, dry mouth, frequent urination. worsening symptoms present.",0
PAT-00344,2024-01-22 08:58:05,90.9,103,38.7,122/72,102,78.2,"Patient notes that dizziness, palpitations, muscle aches, fever.",0
PAT-00344,2024-01-23 09:08:27,95.5,109,36.2,184/119,152,78.2,"Observes anxiety, chest pain, severe headache, severe blurred vision, dry mouth, frequent urination. worsening symptoms present.",0
PAT-00344,2024-01-24 09:26:33,97.4,73,38.1,129/70,71,78.2,"Reports headache, chills.",0
PAT-00344,2024-01-25 08:16:07,98.3,84,35.7,117/85,88,78.2,Notes lowered energy.,0
PAT-00344,2024-01-26 09:58:36,93.0,90,35.9,145/85,76,78.2,Notes mild coldness.,0
PAT-00344,2024-01-27 08:04:56,92.1,63,36.6,132/90,81,78.2,Vitals remain within acceptable limits. No issues noted.,0
PAT-00344,2024-01-28 08:04:34,94.5,67,37.1,110/85,116,78.2,Patient denies any symptoms or discomfort.,0
PAT-00344,2024-01-29 08:32:11,94.4,54,35.8,141/91,126,78.2,"This morning, slow pulse, lowered energy, blurred vision.",1
PAT-00344,2024-01-30 08:02:09,99.0,85,36.4,114/76,88,78.2,No significant complaints today.,0
PAT-00345,2024-01-01 09:03:15,93.4,101,37.4,124/72,77,57.7,Notes palpitations.,1
PAT-00345,2024-01-02 09:31:10,98.0,60,37.2,144/93,72,57.7,No symptoms reported. Vitals are within expected range.,0
PAT-00345,2024-01-03 10:24:58,95.4,80,35.7,120/85,107,57.7,Reports lowered energy.,0
PAT-00345,2024-01-04 09:36:24,93.2,91,37.1,142/91,101,57.7,Vitals remain within acceptable limits. No issues noted.,0
PAT-00345,2024-01-05 09:17:31,96.5,51,37.3,114/78,76,57.7,Observes fatigue.,0
PAT-00345,2024-01-06 10:14:16,92.7,76,37.1,120/79,88,57.7,No significant complaints today.,0
PAT-00345,2024-01-07 08:43:21,93.9,86,36.1,125/71,127,57.7,"Today, patient states dry mouth.",0
PAT-00345,2024-01-08 10:37:30,93.3,80,36.6,137/91,71,57.7,Patient is feeling well with all parameters stable.,0
PAT-00345,2024-01-09 10:57:03,95.0,92,36.5,174/119,86,57.7,"This morning, vision issues.",1
PAT-00345,2024-01-10 08:47:02,95.3,109,36.7,140/94,75,57.7,"Today, patient states restlessness.",1
PAT-00345,2024-01-11 10:58:14,99.4,95,37.2,147/90,89,57.7,Patient denies any symptoms or discomfort.,0
PAT-00345,2024-01-12 08:57:16,97.1,70,37.0,113/72,83,57.7,No symptoms reported. Vitals are within expected range.,0
PAT-00345,2024-01-13 09:22:05,99.2,55,37.1,130/73,106,57.7,Patient is feeling well with all parameters stable.,0
PAT-00345,2024-01-14 08:26:09,97.5,79,36.2,116/82,124,57.7,Patient denies any symptoms or discomfort.,0
PAT-00345,2024-01-15 10:14:52,93.9,98,36.5,129/82,97,57.7,No significant complaints today.,0
PAT-00345,2024-01-16 08:02:46,95.5,99,36.8,177/117,74,57.7,"This morning, headaches.",0
PAT-00345,2024-01-17 10:29:43,98.0,79,37.3,112/76,125,57.7,No symptoms reported. Vitals are within expected range.,0
PAT-00345,2024-01-18 09:32:25,96.5,59,38.0,119/71,89,57.7,"Reports muscle aches, headache.",0
PAT-00345,2024-01-19 08:38:39,96.3,51,38.5,130/84,87,57.7,"Observes lightheadedness, headache, severe discomfort. immediate attention may be needed.",0
PAT-00345,2024-01-20 09:16:22,94.2,82,36.7,176/100,91,57.7,Observes vision issues.,0
PAT-00345,2024-01-21 10:28:03,97.7,50,36.5,132/88,113,57.7,Reports fatigue.,0
PAT-00345,2024-01-22 08:04:26,96.9,66,37.7,121/84,82,57.7,Reports body aches.,0
PAT-00345,2024-01-23 09:41:28,98.1,52,36.6,120/81,82,57.7,Notes slow pulse.,1
PAT-00345,2024-01-24 08:45:10,97.0,52,36.5,146/94,86,57.7,"Today, patient states fatigue.",1
PAT-00345,2024-01-25 09:52:06,97.0,68,36.9,117/71,132,57.7,Notes frequent urination.,0
PAT-00345,2024-01-26 09:58:14,98.4,102,37.3,116/74,80,57.7,Patient notes that palpitations.,0
PAT-00345,2024-01-27 08:45:16,92.3,110,36.9,117/70,117,57.7,Notes palpitations.,0
PAT-00345,2024-01-28 08:02:49,97.7,61,36.6,135/90,89,57.7,No significant complaints today.,0
PAT-00345,2024-01-29 09:23:18,99.5,82,37.3,125/83,119,57.7,Vitals remain within acceptable limits. No issues noted.,0
PAT-00345,2024-01-30 08:14:22,95.6,59,36.5,120/72,120,57.7,Vitals remain within acceptable limits. No issues noted.,0
PAT-00346,2024-01-01 10:44:06,97.6,57,36.5,134/93,79,70.4,No symptoms reported. Vitals are within expected range.,0
PAT-00346,2024-01-02 08:28:07,95.5,109,36.7,149/87,85,70.4,Notes palpitations.,1
PAT-00346,2024-01-03 10:45:31,96.1,77,35.7,136/88,77,70.4,Patient describes mild coldness.,0
PAT-00346,2024-01-04 09:42:39,94.3,104,37.7,122/72,77,70.4,"This morning, restlessness, night sweats.",1
PAT-00346,2024-01-05 08:44:58,95.9,94,37.2,189/104,114,70.4,"Observes chest pain, severe headache. immediate attention may be needed.",0
PAT-00346,2024-01-06 09:29:42,97.4,90,36.8,131/86,96,70.4,Patient denies any symptoms or discomfort.,0
PAT-00346,2024-01-07 08:35:22,94.4,84,37.4,120/72,114,70.4,Patient denies any symptoms or discomfort.,0
PAT-00346,2024-01-08 09:34:35,97.1,109,35.8,147/88,107,70.4,"Reports anxiety, mild coldness.",0
PAT-00346,2024-01-09 10:27:35,98.6,97,37.0,141/89,71,70.4,Patient is feeling well with all parameters stable.,0
PAT-00346,2024-01-10 10:20:41,97.2,102,39.0,138/85,93,70.4,"Observes restlessness, fever, muscle aches.",1
PAT-00346,2024-01-11 08:58:08,94.0,88,38.3,129/70,129,70.4,"Reports severe discomfort, muscle aches, blurred vision. immediate attention may be needed.",0
PAT-00346,2024-01-12 10:11:31,96.2,55,36.7,110/83,170,70.4,"Today, patient states severe blurred vision, dry mouth, frequent urination. worsening symptoms present.",0
PAT-00346,2024-01-13 09:10:09,96.0,109,36.8,127/75,175,70.4,"Patient notes that palpitations, severe blurred vision, dry mouth, frequent urination. immediate attention may be needed.",0
PAT-00346,2024-01-14 08:32:25,97.7,100,36.8,136/86,104,70.4,No significant complaints today.,0
PAT-00346,2024-01-15 10:17:33,95.7,98,36.9,114/71,88,70.4,No symptoms reported. Vitals are within expected range.,0
PAT-00346,2024-01-16 10:17:18,93.9,98,37.1,143/87,94,70.4,No significant complaints today.,0
PAT-00346,2024-01-17 08:19:21,95.9,83,37.2,145/95,118,70.4,Patient is feeling well with all parameters stable.,0
PAT-00346,2024-01-18 09:12:49,98.5,62,36.6,117/75,96,70.4,No symptoms reported. Vitals are within expected range.,0
PAT-00346,2024-01-19 10:32:02,97.1,58,37.3,130/75,121,70.4,Patient denies any symptoms or discomfort.,0
PAT-00346,2024-01-20 08:29:17,94.7,66,38.7,176/110,124,70.4,"Patient describes headache, chills, vision issues.",0
PAT-00346,2024-01-21 08:05:42,94.2,56,37.3,120/73,96,70.4,No significant complaints today.,0
PAT-00346,2024-01-22 09:40:54,95.5,104,36.5,137/88,84,70.4,Reports restlessness.,0
PAT-00346,2024-01-23 08:50:28,98.7,104,37.1,181/117,97,70.4,"Indicates anxiety, chest pain, severe headache. worsening symptoms present.",1
PAT-00346,2024-01-24 10:21:41,96.6,83,38.5,179/115,141,70.4,"Patient notes that chills, muscle aches, headaches, blurred vision.",1
PAT-00346,2024-01-25 08:22:01,94.2,94,36.4,112/73,89,70.4,No significant complaints today.,0
PAT-00346,2024-01-26 08:46:49,96.2,101,35.5,126/76,112,70.4,"Patient notes that anxiety, mild coldness.",1
PAT-00346,2024-01-27 09:49:03,94.3,80,36.9,134/89,99,70.4,No significant complaints today.,0
PAT-00346,2024-01-28 10:53:50,97.6,64,37.2,122/84,99,70.4,Vitals remain within acceptable limits. No issues noted.,0
PAT-00346,2024-01-29 10:43:58,97.3,97,36.6,119/79,76,70.4,Patient is feeling well with all parameters stable.,0
PAT-00346,2024-01-30 08:35:12,96.2,74,38.5,115/72,99,70.4,"This morning, chills, fever.",1
PAT-00347,2024-01-01 08:11:08,94.5,50,36.0,119/79,87,67.3,Patient describes fatigue.,0
PAT-00347,2024-01-02 08:17:22,96.1,96,38.3,139/89,78,67.3,"This morning, headache, chills.",0
PAT-00347,2024-01-03 10:57:51,98.6,109,36.7,114/72,115,67.3,Indicates palpitations.,0
PAT-00347,2024-01-04 08:12:16,95.6,74,37.0,174/105,169,67.3,"Notes chest tightness, severe blurred vision, dry mouth, frequent urination. worsening symptoms present.",0
PAT-00347,2024-01-05 10:50:45,94.4,54,37.1,119/77,96,67.3,Observes fatigue.,1
PAT-00347,2024-01-06 08:40:35,94.1,86,37.3,114/80,91,67.3,Patient denies any symptoms or discomfort.,0
PAT-00347,2024-01-07 10:19:51,99.5,77,36.2,139/93,75,67.3,No significant complaints today.,0
PAT-00347,2024-01-08 10:24:23,94.1,71,35.8,129/85,113,67.3,Reports lowered energy.,0
PAT-00347,2024-01-09 08:00:32,97.9,85,38.5,144/86,71,67.3,"Today, patient states headache, chills.",0
PAT-00347,2024-01-10 10:41:07,96.7,56,36.7,128/76,124,67.3,Patient denies any symptoms or discomfort.,0
PAT-00347,2024-01-11 08:42:54,97.5,98,35.5,118/82,91,67.3,Patient notes that lowered energy.,0
PAT-00347,2024-01-12 09:56:44,95.9,102,36.5,140/91,92,67.3,Patient describes restlessness.,1
PAT-00347,2024-01-13 08:31:27,98.8,110,37.2,114/78,177,67.3,"Patient notes that anxiety, severe blurred vision, dry mouth, frequent urination. immediate attention may be needed.",0
PAT-00347,2024-01-14 08:46:03,96.4,108,36.7,123/73,180,67.3,"Indicates palpitations, severe blurred vision, dry mouth, frequent urination. worsening symptoms present.",1
PAT-00347,2024-01-15 09:45:33,96.6,100,37.3,125/79,89,67.3,No symptoms reported. Vitals are within expected range.,0
PAT-00347,2024-01-16 10:18:44,95.1,69,37.1,115/83,80,67.3,Patient denies any symptoms or discomfort.,0
PAT-00347,2024-01-17 10:20:14,96.5,74,36.2,131/90,85,67.3,No significant complaints today.,0
PAT-00347,2024-01-18 10:18:05,97.4,70,37.2,146/92,79,67.3,Patient denies any symptoms or discomfort.,0
PAT-00347,2024-01-19 08:21:42,95.5,90,37.9,135/87,75,67.3,Patient notes that body aches.,0
PAT-00347,2024-01-20 10:47:23,93.0,107,37.2,149/92,82,67.3,Reports anxiety.,1
PAT-00347,2024-01-21 10:20:22,96.6,90,37.1,146/94,103,67.3,Patient denies any symptoms or discomfort.,0
PAT-00347,2024-01-22 08:54:33,95.3,74,35.8,123/73,125,67.3,Indicates lowered energy.,0
PAT-00347,2024-01-23 08:03:19,98.8,83,36.6,126/83,124,67.3,Patient denies any symptoms or discomfort.,0
PAT-00347,2024-01-24 10:00:55,98.4,82,37.2,164/112,96,67.3,"This morning, headaches.",0
PAT-00347,2024-01-25 10:00:46,99.7,85,36.0,129/77,145,67.3,Indicates blurred vision.,0
PAT-00347,2024-01-26 10:28:32,92.7,69,38.6,124/80,75,67.3,"Patient notes that chills, fever.",1
PAT-00347,2024-01-27 09:25:11,97.3,110,38.4,139/94,89,67.3,"Patient notes that palpitations, headache, chills.",1
PAT-00347,2024-01-28 10:59:59,96.4,82,36.1,114/71,78,67.3,No symptoms reported. Vitals are within expected range.,0
PAT-00347,2024-01-29 08:25:03,96.8,69,37.0,134/91,107,67.3,No significant complaints today.,0
PAT-00347,2024-01-30 10:38:40,97.5,84,37.3,125/75,88,67.3,Vitals remain within acceptable limits. No issues noted.,0
PAT-00348,2024-01-01 10:33:58,95.7,71,36.1,126/80,114,76.6,No symptoms reported. Vitals are within expected range.,0
PAT-00348,2024-01-02 09:01:42,96.7,100,37.9,145/90,89,76.6,Indicates body aches.,0
PAT-00348,2024-01-03 08:47:39,95.1,65,36.9,128/72,87,76.6,Patient denies any symptoms or discomfort.,0
PAT-00348,2024-01-04 09:02:22,96.3,54,37.1,176/108,83,76.6,"This morning, slow pulse, headaches.",0
PAT-00348,2024-01-05 08:44:53,98.9,58,36.8,128/76,81,76.6,No significant complaints today.,0
PAT-00348,2024-01-06 10:57:12,98.0,61,35.6,174/112,178,76.6,"Patient describes mild coldness, vision issues, severe blurred vision, dry mouth, frequent urination. worsening symptoms present.",1
PAT-00348,2024-01-07 09:55:08,98.1,56,36.6,110/74,94,76.6,No significant complaints today.,0
PAT-00348,2024-01-08 08:45:07,94.7,62,37.1,125/77,94,76.6,Patient denies any symptoms or discomfort.,0
PAT-00348,2024-01-09 09:09:46,95.3,57,37.5,118/77,122,76.6,Observes body aches.,0
PAT-00348,2024-01-10 10:19:34,94.4,71,37.0,131/92,70,76.6,Patient is feeling well with all parameters stable.,0
PAT-00348,2024-01-11 10:19:08,96.5,52,36.6,167/110,93,76.6,"Patient describes fatigue, vision issues.",1
PAT-00348,2024-01-12 10:47:01,95.3,71,36.5,125/73,71,76.6,Patient is feeling well with all parameters stable.,0
PAT-00348,2024-01-13 08:32:56,98.6,80,36.5,111/74,70,76.6,No symptoms reported. Vitals are within expected range.,0
PAT-00348,2024-01-14 08:16:05,95.1,64,36.1,190/111,86,76.6,"Observes chest pain, severe headache. worsening symptoms present.",1
PAT-00348,2024-01-15 09:38:41,94.7,72,36.8,110/74,90,76.6,No significant complaints today.,0
PAT-00348,2024-01-16 08:39:10,97.1,60,35.5,130/86,73,76.6,Patient notes that lowered energy.,0
PAT-00348,2024-01-17 08:31:08,94.6,106,37.0,114/85,71,76.6,Observes palpitations.,1
PAT-00348,2024-01-18 08:23:36,95.5,64,37.3,144/94,85,76.6,No symptoms reported. Vitals are within expected range.,0
PAT-00348,2024-01-19 09:02:11,95.7,57,37.3,113/76,94,76.6,No symptoms reported. Vitals are within expected range.,0
PAT-00348,2024-01-20 08:03:32,94.2,60,35.9,118/81,74,76.6,Notes lowered energy.,0
PAT-00348,2024-01-21 08:47:47,96.7,66,37.1,121/73,94,76.6,No significant complaints today.,0
PAT-00348,2024-01-22 10:20:31,96.2,72,37.1,119/79,84,76.6,Patient denies any symptoms or discomfort.,0
PAT-00348,2024-01-23 08:24:44,95.3,108,37.2,130/72,72,76.6,Reports restlessness.,1
PAT-00348,2024-01-24 10:16:24,96.8,72,37.1,122/76,75,76.6,Vitals remain within acceptable limits. No issues noted.,0
PAT-00348,2024-01-25 08:42:45,95.2,92,36.7,126/74,89,76.6,Patient denies any symptoms or discomfort.,0
PAT-00348,2024-01-26 10:55:49,99.8,104,38.6,172/117,92,76.6,"Notes palpitations, muscle aches, severe discomfort, vision issues. worsening symptoms present.",0
PAT-00348,2024-01-27 09:05:25,94.4,103,37.0,115/83,77,76.6,Indicates restlessness.,0
PAT-00348,2024-01-28 09:44:32,96.3,99,36.9,120/75,79,76.6,No significant complaints today.,0
PAT-00348,2024-01-29 09:50:07,92.5,73,36.8,147/88,94,76.6,No symptoms reported. Vitals are within expected range.,0
PAT-00348,2024-01-30 09:11:07,97.8,60,37.1,182/109,155,76.6,"This morning, chest pain, severe headache, severe blurred vision, dry mouth, frequent urination. worsening symptoms present.",0
PAT-00349,2024-01-01 10:02:55,94.9,66,36.8,115/84,71,66.2,No significant complaints today.,0
PAT-00349,2024-01-02 09:17:00,95.7,65,38.7,125/79,99,66.2,"Notes fever, chills.",0
PAT-00349,2024-01-03 08:52:47,99.9,70,36.6,146/94,120,66.2,No symptoms reported. Vitals are within expected range.,0
PAT-00349,2024-01-04 10:47:30,95.9,59,36.0,186/100,120,66.2,"Notes chest pain, severe headache. worsening symptoms present.",0
PAT-00349,2024-01-05 09:59:52,96.9,87,37.2,181/113,73,66.2,"Today, patient states chest pain, severe headache. immediate attention may be needed.",0
PAT-00349,2024-01-06 09:26:12,95.9,54,37.0,150/93,81,66.2,Patient notes that lightheadedness.,0
PAT-00349,2024-01-07 08:38:20,92.4,58,36.9,130/88,92,66.2,Patient is feeling well with all parameters stable.,0
PAT-00349,2024-01-08 08:07:14,97.0,83,36.5,135/92,93,66.2,Patient denies any symptoms or discomfort.,0
PAT-00349,2024-01-09 09:23:49,92.1,108,36.4,122/80,120,66.2,Reports palpitations.,1
PAT-00349,2024-01-10 09:59:31,95.4,107,38.6,110/70,75,66.2,"Patient notes that anxiety, fever, severe discomfort. worsening symptoms present.",0
PAT-00349,2024-01-11 08:38:01,95.5,85,36.7,117/71,112,66.2,No symptoms reported. Vitals are within expected range.,0
PAT-00349,2024-01-12 09:31:42,95.6,90,35.8,115/72,79,66.2,Patient describes mild coldness.,0
PAT-00349,2024-01-13 10:57:12,96.5,68,36.5,130/86,70,66.2,Vitals remain within acceptable limits. No issues noted.,0
PAT-00349,2024-01-14 10:08:22,94.9,90,37.2,114/73,95,66.2,Patient denies any symptoms or discomfort.,0
PAT-00349,2024-01-15 10:59:21,97.8,108,39.0,136/85,90,66.2,"Today, patient states restlessness, fever, muscle aches.",0
PAT-00349,2024-01-16 08:53:39,96.9,62,38.0,167/111,138,66.2,"Reports severe discomfort, muscle aches, chest tightness, frequent urination. worsening symptoms present.",1
PAT-00349,2024-01-17 09:09:29,98.9,68,36.8,135/94,76,66.2,No symptoms reported. Vitals are within expected range.,0
PAT-00349,2024-01-18 09:22:27,93.6,86,37.8,112/76,113,66.2,Reports mild fever.,0
PAT-00349,2024-01-19 10:58:24,93.6,110,38.5,179/111,120,66.2,"Indicates restlessness, muscle aches, fever, vision issues.",1
PAT-00349,2024-01-20 10:35:21,93.4,55,36.5,125/82,77,66.2,No symptoms reported. Vitals are within expected range.,0
PAT-00349,2024-01-21 10:45:27,95.2,65,36.6,121/77,73,66.2,No significant complaints today.,0
PAT-00349,2024-01-22 08:41:11,94.5,53,37.0,124/77,118,66.2,Patient describes lightheadedness.,1
PAT-00349,2024-01-23 09:45:58,94.9,104,35.6,118/73,91,66.2,"Patient describes palpitations, lowered energy.",0
PAT-00349,2024-01-24 10:15:30,95.2,105,37.3,128/70,97,66.2,Notes restlessness.,0
PAT-00349,2024-01-25 08:05:30,93.0,80,36.4,110/74,157,66.2,"Indicates severe blurred vision, dry mouth, frequent urination. worsening symptoms present.",0
PAT-00349,2024-01-26 08:06:52,98.0,60,37.6,144/95,86,66.2,Indicates body aches.,0
PAT-00349,2024-01-27 10:49:29,95.7,76,37.2,190/104,124,66.2,"Observes chest pain, severe headache. immediate attention may be needed.",0
PAT-00349,2024-01-28 08:54:40,95.9,66,36.8,162/105,139,66.2,"Today, patient states headaches, dry mouth.",0
PAT-00349,2024-01-29 08:20:14,98.2,79,38.0,122/85,103,66.2,"This morning, severe discomfort, chills. worsening symptoms present.",1
PAT-00349,2024-01-30 10:21:12,95.0,60,36.6,114/72,147,66.2,Patient notes that dry mouth.,0
PAT-00350,2024-01-01 08:57:50,96.9,78,37.0,130/77,103,80.6,Patient denies any symptoms or discomfort.,0
PAT-00350,2024-01-02 10:42:43,94.7,62,36.5,131/90,92,80.6,Patient denies any symptoms or discomfort.,0
PAT-00350,2024-01-03 10:21:02,96.1,110,37.7,125/85,95,80.6,"Reports palpitations, mild fever.",0
PAT-00350,2024-01-04 10:37:07,95.8,77,37.0,126/84,70,80.6,No symptoms reported. Vitals are within expected range.,0
PAT-00350,2024-01-05 08:58:03,94.0,53,37.3,126/73,103,80.6,"Today, patient states slow pulse.",1
PAT-00350,2024-01-06 08:14:25,96.2,90,36.9,128/82,70,80.6,Patient is feeling well with all parameters stable.,0
PAT-00350,2024-01-07 09:17:36,92.7,102,38.4,132/87,82,80.6,"This morning, anxiety, fever, headache.",1
PAT-00350,2024-01-08 10:03:59,95.1,105,37.2,149/88,122,80.6,Notes restlessness.,0
PAT-00350,2024-01-09 09:38:24,94.1,79,35.8,130/95,88,80.6,Patient describes mild coldness.,0
PAT-00350,2024-01-10 08:36:48,96.1,67,36.9,124/71,78,80.6,Vitals remain within acceptable limits. No issues noted.,0
PAT-00350,2024-01-11 08:00:31,95.9,59,36.7,132/94,99,80.6,Patient denies any symptoms or discomfort.,0
PAT-00350,2024-01-12 08:13:21,94.7,109,36.6,182/105,71,80.6,"Indicates palpitations, chest pain, severe headache. worsening symptoms present.",0
PAT-00350,2024-01-13 10:50:03,94.4,85,36.4,139/94,174,80.6,"Indicates severe blurred vision, dry mouth, frequent urination. worsening symptoms present.",1
PAT-00350,2024-01-14 08:21:20,97.7,50,36.1,133/89,99,80.6,"Today, patient states fatigue.",0
PAT-00350,2024-01-15 08:57:04,91.1,80,38.1,123/85,70,80.6,"Reports dizziness, fever, chills.",1
PAT-00350,2024-01-16 09:15:20,94.4,66,35.5,141/95,109,80.6,"Today, patient states mild coldness.",0
PAT-00350,2024-01-17 10:13:59,97.3,84,36.9,175/111,81,80.6,Notes vision issues.,0
PAT-00350,2024-01-18 08:40:35,98.1,52,36.9,122/79,105,80.6,Reports fatigue.,1
PAT-00350,2024-01-19 10:21:54,94.2,79,37.2,122/73,86,80.6,Vitals remain within acceptable limits. No issues noted.,0
PAT-00350,2024-01-20 09:41:50,97.0,77,37.3,120/78,93,80.6,Patient is feeling well with all parameters stable.,0
PAT-00350,2024-01-21 10:35:59,98.1,59,35.9,117/70,72,80.6,Reports lowered energy.,0
PAT-00350,2024-01-22 09:59:38,99.3,64,38.8,119/75,112,80.6,"Reports chills, fever.",1
PAT-00350,2024-01-23 08:28:07,100.0,56,36.8,147/94,104,80.6,Patient is feeling well with all parameters stable.,0
PAT-00350,2024-01-24 08:57:31,99.5,63,35.7,162/108,82,80.6,"Today, patient states lowered energy, headaches.",1
PAT-00350,2024-01-25 08:20:49,98.9,75,36.8,131/90,111,80.6,No symptoms reported. Vitals are within expected range.,0
PAT-00350,2024-01-26 08:17:15,97.5,90,36.7,114/84,96,80.6,Vitals remain within acceptable limits. No issues noted.,0
PAT-00350,2024-01-27 10:39:42,98.2,89,36.8,128/73,121,80.6,No significant complaints today.,0
PAT-00350,2024-01-28 09:00:17,95.1,94,36.9,127/77,74,80.6,Patient is feeling well with all parameters stable.,0
PAT-00350,2024-01-29 08:02:38,97.0,70,38.3,118/72,101,80.6,"This morning, severe discomfort, muscle aches. worsening symptoms present.",1
PAT-00350,2024-01-30 10:29:38,94.7,56,35.7,145/91,144,80.6,"Today, patient states mild coldness, dry mouth.",0
PAT-00351,2024-01-01 10:13:07,98.9,66,37.1,135/90,83,66.7,No symptoms reported. Vitals are within expected range.,0
PAT-00351,2024-01-02 08:40:29,93.0,68,35.6,132/89,100,66.7,Patient notes that lowered energy.,0
PAT-00351,2024-01-03 10:49:08,96.0,83,38.1,129/84,84,66.7,"Observes chills, fever.",1
PAT-00351,2024-01-04 09:37:14,98.2,89,36.8,118/83,72,66.7,No significant complaints today.,0
PAT-00351,2024-01-05 09:16:35,89.9,74,36.0,130/75,71,66.7,Patient notes that dizziness.,0
PAT-00351,2024-01-06 08:03:31,94.6,55,37.3,145/85,78,66.7,No significant complaints today.,0
PAT-00351,2024-01-07 10:43:12,92.4,104,36.8,112/80,76,66.7,"Today, patient states palpitations.",0
PAT-00351,2024-01-08 08:43:07,100.0,75,37.2,138/93,132,66.7,Observes frequent urination.,0
PAT-00351,2024-01-09 08:06:50,98.0,87,36.6,114/73,93,66.7,Vitals remain within acceptable limits. No issues noted.,0
PAT-00351,2024-01-10 08:22:36,94.9,87,36.7,123/84,77,66.7,Vitals remain within acceptable limits. No issues noted.,0
PAT-00351,2024-01-11 09:55:12,94.8,80,38.3,113/85,95,66.7,"Reports severe discomfort, muscle aches. worsening symptoms present.",0
PAT-00351,2024-01-12 09:41:16,94.7,74,35.6,140/91,70,66.7,Patient notes that mild coldness.,0
PAT-00351,2024-01-13 10:23:17,95.2,51,38.6,121/84,89,66.7,"This morning, fatigue, fever, muscle aches.",1
PAT-00351,2024-01-14 08:14:17,93.7,94,36.0,127/75,101,66.7,Patient denies any symptoms or discomfort.,0
PAT-00351,2024-01-15 10:27:08,93.0,64,38.7,117/80,107,66.7,"This morning, muscle aches, chills.",0
PAT-00351,2024-01-16 10:09:45,97.8,77,35.7,143/93,157,66.7,"Today, patient states lowered energy, severe blurred vision, dry mouth, frequent urination. immediate attention may be needed.",1
PAT-00351,2024-01-17 10:58:35,96.8,60,37.2,128/82,71,66.7,Patient denies any symptoms or discomfort.,0
PAT-00351,2024-01-18 09:31:22,98.7,77,37.2,121/77,79,66.7,Patient is feeling well with all parameters stable.,0
PAT-00351,2024-01-19 08:47:32,93.8,61,35.6,133/94,108,66.7,Notes mild coldness.,0
PAT-00351,2024-01-20 09:29:37,92.0,60,36.9,113/85,102,66.7,No significant complaints today.,0
PAT-00351,2024-01-21 10:37:16,95.3,108,36.7,120/71,149,66.7,"Observes palpitations, frequent urination.",1
PAT-00351,2024-01-22 08:27:42,96.9,90,37.8,144/91,87,66.7,Observes mild fever.,0
PAT-00351,2024-01-23 09:44:01,94.9,72,37.1,146/90,88,66.7,No significant complaints today.,0
PAT-00351,2024-01-24 09:23:51,94.4,64,36.6,132/90,156,66.7,"This morning, severe blurred vision, dry mouth, frequent urination. immediate attention may be needed.",0
PAT-00351,2024-01-25 10:21:24,99.7,102,36.9,120/78,83,66.7,"Today, patient states restlessness.",0
PAT-00351,2024-01-26 10:58:36,97.1,108,38.8,125/76,70,66.7,"Patient describes anxiety, headache, fever.",1
PAT-00351,2024-01-27 09:26:03,96.8,101,36.9,135/87,122,66.7,Reports restlessness.,0
PAT-00351,2024-01-28 08:51:19,96.0,105,35.7,133/88,98,66.7,"This morning, palpitations, lowered energy.",0
PAT-00351,2024-01-29 09:45:01,97.8,108,39.0,112/72,93,66.7,"Observes restlessness, fever, headache.",0
PAT-00351,2024-01-30 09:18:32,91.8,79,36.5,113/70,97,66.7,Reports shortness of breath.,1
PAT-00352,2024-01-01 09:46:01,97.8,88,37.9,128/72,80,88.2,Reports night sweats.,0
PAT-00352,2024-01-02 08:33:13,95.5,67,38.2,129/84,100,88.2,"Patient notes that muscle aches, chills.",0
PAT-00352,2024-01-03 08:11:30,96.6,105,38.7,111/76,82,88.2,"This morning, palpitations, severe discomfort, chills. worsening symptoms present.",0
PAT-00352,2024-01-04 10:46:31,93.3,100,35.9,114/80,155,88.2,"Indicates lowered energy, severe blurred vision, dry mouth, frequent urination. immediate attention may be needed.",0
PAT-00352,2024-01-05 10:11:25,95.6,68,36.8,117/84,99,88.2,Patient denies any symptoms or discomfort.,0
PAT-00352,2024-01-06 09:46:21,96.4,64,37.0,170/109,74,88.2,Indicates chest tightness.,1
PAT-00352,2024-01-07 10:53:56,96.1,63,38.0,173/116,78,88.2,"This morning, severe discomfort, muscle aches, vision issues. worsening symptoms present.",1
PAT-00352,2024-01-08 09:13:58,96.4,54,35.5,128/79,90,88.2,"Patient notes that fatigue, mild coldness.",0
PAT-00352,2024-01-09 09:23:50,94.2,84,37.1,150/95,96,88.2,Patient denies any symptoms or discomfort.,0
PAT-00352,2024-01-10 10:03:17,97.8,109,35.6,130/80,171,88.2,"Notes palpitations, mild coldness, severe blurred vision, dry mouth, frequent urination. immediate attention may be needed.",0
PAT-00352,2024-01-11 08:05:00,94.7,58,39.0,149/93,99,88.2,"Observes headache, chills.",1
PAT-00352,2024-01-12 08:22:57,91.9,109,36.6,119/84,132,88.2,"This morning, shortness of breath, restlessness, blurred vision.",0
PAT-00352,2024-01-13 10:24:27,99.5,90,36.8,178/111,124,88.2,Reports vision issues.,0
PAT-00352,2024-01-14 08:49:30,89.5,90,37.1,116/78,115,88.2,"Today, patient states low energy.",1
PAT-00352,2024-01-15 08:48:50,97.9,60,36.6,170/108,89,88.2,Patient describes headaches.,0
PAT-00352,2024-01-16 08:18:36,98.0,60,37.6,145/91,85,88.2,Patient describes night sweats.,0
PAT-00352,2024-01-17 08:34:25,95.9,105,36.8,118/73,83,88.2,Indicates palpitations.,0
PAT-00352,2024-01-18 08:37:59,96.8,87,37.2,126/81,71,88.2,Vitals remain within acceptable limits. No issues noted.,0
PAT-00352,2024-01-19 10:35:08,99.2,55,36.9,141/91,91,88.2,No symptoms reported. Vitals are within expected range.,0
PAT-00352,2024-01-20 08:56:34,93.3,110,36.8,115/79,101,88.2,"This morning, anxiety.",0
PAT-00352,2024-01-21 10:28:46,95.7,94,35.5,174/120,174,88.2,"Observes lowered energy, chest tightness, severe blurred vision, dry mouth, frequent urination. immediate attention may be needed.",0
PAT-00352,2024-01-22 08:34:33,97.3,104,37.1,111/78,79,88.2,Reports anxiety.,0
PAT-00352,2024-01-23 10:01:30,96.7,82,35.8,166/100,95,88.2,"Patient notes that mild coldness, headaches.",0
PAT-00352,2024-01-24 09:37:16,96.6,88,36.6,116/74,93,88.2,No significant complaints today.,0
PAT-00352,2024-01-25 08:01:02,95.8,84,38.9,149/95,78,88.2,"Patient notes that chills, headache.",0
PAT-00352,2024-01-26 10:00:52,96.2,105,37.4,120/78,125,88.2,Notes restlessness.,1
PAT-00352,2024-01-27 08:11:13,95.3,66,37.1,123/70,83,88.2,Patient is feeling well with all parameters stable.,0
PAT-00352,2024-01-28 09:28:08,94.6,78,36.1,123/77,136,88.2,Patient notes that blurred vision.,0
PAT-00352,2024-01-29 10:37:23,96.6,78,36.7,122/72,93,88.2,No symptoms reported. Vitals are within expected range.,0
PAT-00352,2024-01-30 10:33:22,95.0,98,38.8,127/73,117,88.2,"Observes severe discomfort, chills. immediate attention may be needed.",0
PAT-00353,2024-01-01 10:46:40,92.9,85,36.9,130/95,88,77.7,No symptoms reported. Vitals are within expected range.,0
PAT-00353,2024-01-02 10:11:23,97.5,88,35.6,119/85,74,77.7,Observes lowered energy.,0
PAT-00353,2024-01-03 08:48:12,92.1,69,36.8,120/79,100,77.7,Patient is feeling well with all parameters stable.,0
PAT-00353,2024-01-04 08:32:36,99.0,89,36.6,119/77,90,77.7,Vitals remain within acceptable limits. No issues noted.,0
PAT-00353,2024-01-05 09:45:18,98.5,105,35.9,131/90,79,77.7,"Reports anxiety, lowered energy.",1
PAT-00353,2024-01-06 10:36:25,97.3,93,37.0,167/101,113,77.7,Patient notes that vision issues.,0
PAT-00353,2024-01-07 08:30:07,94.2,67,36.9,130/93,100,77.7,Patient denies any symptoms or discomfort.,0
PAT-00353,2024-01-08 09:33:20,93.8,65,36.6,125/74,123,77.7,No significant complaints today.,0
PAT-00353,2024-01-09 08:53:26,94.9,78,36.2,120/76,149,77.7,Reports frequent urination.,0
PAT-00353,2024-01-10 09:07:55,93.7,63,36.6,127/74,135,77.7,"Today, patient states blurred vision.",0
PAT-00353,2024-01-11 08:28:09,93.7,53,37.0,122/72,76,77.7,Patient describes lightheadedness.,0
PAT-00353,2024-01-12 08:38:21,93.2,79,36.8,188/109,100,77.7,"Indicates chest pain, severe headache. immediate attention may be needed.",0
PAT-00353,2024-01-13 09:01:13,93.3,66,37.1,138/91,154,77.7,"Patient describes severe blurred vision, dry mouth, frequent urination. immediate attention may be needed.",0
PAT-00353,2024-01-14 09:12:25,97.4,81,36.2,118/73,109,77.7,Patient is feeling well with all parameters stable.,0
PAT-00353,2024-01-15 08:24:38,100.0,71,36.4,143/87,93,77.7,Patient denies any symptoms or discomfort.,0
PAT-00353,2024-01-16 09:32:53,96.4,54,36.0,130/82,102,77.7,Patient describes slow pulse.,0
PAT-00353,2024-01-17 10:09:51,93.4,53,37.4,178/116,117,77.7,"Indicates fatigue, chest tightness.",1
PAT-00353,2024-01-18 08:06:04,97.1,58,37.2,116/72,161,77.7,"Patient notes that severe blurred vision, dry mouth, frequent urination. worsening symptoms present.",1
PAT-00353,2024-01-19 10:30:20,96.8,110,37.1,117/71,119,77.7,Indicates anxiety.,0
PAT-00353,2024-01-20 10:01:16,96.2,76,37.2,142/93,73,77.7,No symptoms reported. Vitals are within expected range.,0
PAT-00353,2024-01-21 09:58:04,95.3,64,36.7,190/119,93,77.7,"This morning, chest pain, severe headache. immediate attention may be needed.",0
PAT-00353,2024-01-22 09:54:56,93.1,108,35.7,147/95,97,77.7,"Reports palpitations, mild coldness.",1
PAT-00353,2024-01-23 09:44:41,98.9,82,37.7,168/111,91,77.7,"Observes body aches, headaches.",0
PAT-00353,2024-01-24 08:19:26,98.3,58,37.2,125/70,108,77.7,No symptoms reported. Vitals are within expected range.,0
PAT-00353,2024-01-25 09:07:26,93.0,82,37.3,173/118,80,77.7,"Today, patient states headaches.",1
PAT-00353,2024-01-26 08:34:06,98.9,51,36.7,134/89,96,77.7,Notes fatigue.,0
PAT-00353,2024-01-27 10:35:03,95.6,74,35.9,127/71,85,77.7,Indicates mild coldness.,0
PAT-00353,2024-01-28 08:36:35,99.2,97,36.1,129/75,99,77.7,Patient is feeling well with all parameters stable.,0
PAT-00353,2024-01-29 10:09:07,95.3,60,36.6,110/74,73,77.7,Patient is feeling well with all parameters stable.,0
PAT-00353,2024-01-30 08:17:43,94.6,86,36.1,146/89,98,77.7,Vitals remain within acceptable limits. No issues noted.,0
PAT-00354,2024-01-01 10:45:06,96.9,78,35.7,117/74,98,78.0,Patient notes that mild coldness.,0
PAT-00354,2024-01-02 08:28:28,96.2,79,37.3,112/81,101,78.0,No significant complaints today.,0
PAT-00354,2024-01-03 08:38:29,93.8,82,35.7,145/88,74,78.0,"Today, patient states mild coldness.",0
PAT-00354,2024-01-04 09:57:57,91.0,93,38.4,119/84,71,78.0,"Notes shortness of breath, headache, muscle aches.",1
PAT-00354,2024-01-05 10:46:58,100.0,56,36.9,124/83,91,78.0,No symptoms reported. Vitals are within expected range.,0
PAT-00354,2024-01-06 10:18:07,99.6,96,36.7,181/103,92,78.0,"This morning, chest pain, severe headache. worsening symptoms present.",0
PAT-00354,2024-01-07 08:11:11,94.6,53,36.8,178/109,173,78.0,"Patient describes fatigue, vision issues, severe blurred vision, dry mouth, frequent urination. worsening symptoms present.",1
PAT-00354,2024-01-08 08:03:22,90.5,90,37.4,123/84,73,78.0,Observes dizziness.,1
PAT-00354,2024-01-09 08:24:34,95.1,82,35.6,120/83,86,78.0,Reports mild coldness.,0
PAT-00354,2024-01-10 10:54:56,93.6,109,37.8,149/92,94,78.0,"This morning, palpitations, night sweats.",0
PAT-00354,2024-01-11 09:23:00,93.2,88,37.8,121/85,106,78.0,Observes mild fever.,0
PAT-00354,2024-01-12 08:03:22,100.0,73,37.5,164/111,123,78.0,"This morning, body aches, headaches.",1
PAT-00354,2024-01-13 08:30:01,96.0,78,36.0,113/78,109,78.0,Patient denies any symptoms or discomfort.,0
PAT-00354,2024-01-14 10:16:21,95.8,86,35.6,177/106,72,78.0,"Notes lowered energy, chest tightness.",0
PAT-00354,2024-01-15 10:48:02,97.2,109,37.2,113/76,76,78.0,Indicates palpitations.,0
PAT-00354,2024-01-16 09:47:08,92.5,79,38.7,114/84,81,78.0,"Patient notes that fever, muscle aches.",1
PAT-00354,2024-01-17 10:51:43,98.0,64,38.8,126/74,178,78.0,"Patient describes muscle aches, severe discomfort, severe blurred vision, dry mouth, frequent urination. immediate attention may be needed.",0
PAT-00354,2024-01-18 09:29:25,96.4,79,36.6,178/117,81,78.0,"Today, patient states vision issues.",0
PAT-00354,2024-01-19 09:09:22,94.3,63,37.3,130/93,119,78.0,Vitals remain within acceptable limits. No issues noted.,0
PAT-00354,2024-01-20 09:05:29,96.9,95,36.2,127/80,169,78.0,"Patient notes that severe blurred vision, dry mouth, frequent urination. worsening symptoms present.",0
PAT-00354,2024-01-21 10:36:23,95.1,60,37.6,120/77,164,78.0,"Patient notes that night sweats, severe blurred vision, dry mouth, frequent urination. immediate attention may be needed.",0
PAT-00354,2024-01-22 09:10:13,94.4,106,36.0,121/75,73,78.0,Observes restlessness.,0
PAT-00354,2024-01-23 08:58:45,98.3,51,36.9,131/90,81,78.0,Indicates slow pulse.,0
PAT-00354,2024-01-24 10:45:17,96.0,52,35.5,135/88,95,78.0,"Today, patient states fatigue, mild coldness.",1
PAT-00354,2024-01-25 08:26:44,93.3,89,38.5,115/76,82,78.0,"Patient notes that muscle aches, fever.",0
PAT-00354,2024-01-26 10:17:22,95.0,82,37.1,184/113,70,78.0,"Today, patient states chest pain, severe headache. immediate attention may be needed.",0
PAT-00354,2024-01-27 09:07:39,98.8,57,35.7,116/82,95,78.0,Reports lowered energy.,0
PAT-00354,2024-01-28 09:42:40,97.1,83,38.9,120/84,100,78.0,"Notes headache, severe discomfort. worsening symptoms present.",1
PAT-00354,2024-01-29 08:00:03,92.1,66,36.6,134/90,116,78.0,Vitals remain within acceptable limits. No issues noted.,0
PAT-00354,2024-01-30 08:30:01,93.6,52,37.1,132/91,124,78.0,Indicates slow pulse.,0
PAT-00355,2024-01-01 08:57:09,96.4,56,38.0,123/84,73,48.4,"This morning, headache, chills.",1
PAT-00355,2024-01-02 09:38:31,94.3,93,36.5,116/70,176,48.4,"This morning, severe blurred vision, dry mouth, frequent urination. worsening symptoms present.",0
PAT-00355,2024-01-03 09:04:42,96.8,101,39.0,112/76,139,48.4,"Indicates palpitations, headache, fever, blurred vision.",0
PAT-00355,2024-01-04 08:50:26,98.7,97,38.3,125/82,96,48.4,"Notes chills, headache.",1
PAT-00355,2024-01-05 10:47:25,94.1,61,36.7,111/75,103,48.4,Patient is feeling well with all parameters stable.,0
PAT-00355,2024-01-06 10:19:52,94.0,62,36.9,142/95,109,48.4,Vitals remain within acceptable limits. No issues noted.,0
PAT-00355,2024-01-07 10:26:55,98.4,76,36.7,147/87,78,48.4,Patient is feeling well with all parameters stable.,0
PAT-00355,2024-01-08 08:40:05,100.0,57,35.9,130/78,117,48.4,Indicates lowered energy.,0
PAT-00355,2024-01-09 08:23:09,94.9,50,37.0,184/106,103,48.4,"Indicates fatigue, chest pain, severe headache. immediate attention may be needed.",0
PAT-00355,2024-01-10 09:43:33,99.0,106,36.4,110/82,131,48.4,"Indicates restlessness, dry mouth.",0
PAT-00355,2024-01-11 08:47:25,96.2,85,36.9,143/94,79,48.4,No symptoms reported. Vitals are within expected range.,0
PAT-00355,2024-01-12 10:51:13,98.5,99,36.5,118/81,150,48.4,"Notes severe blurred vision, dry mouth, frequent urination. immediate attention may be needed.",1
PAT-00355,2024-01-13 09:23:15,95.8,103,37.2,120/81,80,48.4,Patient describes restlessness.,0
PAT-00355,2024-01-14 10:48:11,95.5,66,38.5,136/93,118,48.4,"Reports chills, muscle aches.",0
PAT-00355,2024-01-15 10:07:55,95.3,53,37.6,130/70,83,48.4,"Reports slow pulse, mild fever.",0
PAT-00355,2024-01-16 10:11:38,95.9,64,36.7,126/80,71,48.4,No significant complaints today.,0
PAT-00355,2024-01-17 08:12:57,89.5,100,36.8,129/71,115,48.4,Patient describes low energy.,1
PAT-00355,2024-01-18 09:05:22,93.8,62,37.9,120/75,149,48.4,"Observes body aches, frequent urination.",0
PAT-00355,2024-01-19 09:58:54,98.6,91,35.9,110/85,99,48.4,"Today, patient states mild coldness.",0
PAT-00355,2024-01-20 10:37:57,94.7,51,37.3,113/73,96,48.4,"This morning, lightheadedness.",0
PAT-00355,2024-01-21 09:38:34,92.7,82,35.7,119/71,81,48.4,Indicates mild coldness.,0
PAT-00355,2024-01-22 09:38:39,97.8,106,37.3,122/81,171,48.4,"This morning, anxiety, severe blurred vision, dry mouth, frequent urination. worsening symptoms present.",0
PAT-00355,2024-01-23 10:22:33,95.8,52,37.3,138/90,95,48.4,Patient describes fatigue.,1
PAT-00355,2024-01-24 10:06:27,96.3,53,36.8,131/92,123,48.4,"Today, patient states lightheadedness.",0
PAT-00355,2024-01-25 10:37:34,98.5,70,38.5,174/120,111,48.4,"This morning, fever, chills, vision issues.",0
PAT-00355,2024-01-26 09:52:12,95.5,75,36.8,173/120,88,48.4,Notes vision issues.,0
PAT-00355,2024-01-27 10:35:09,97.2,81,36.1,118/72,96,48.4,No significant complaints today.,0
PAT-00355,2024-01-28 08:01:42,94.4,74,37.7,162/120,71,48.4,"Patient notes that mild fever, vision issues.",1
PAT-00355,2024-01-29 08:37:06,95.6,106,36.8,111/85,81,48.4,Indicates anxiety.,1
PAT-00355,2024-01-30 10:17:18,94.3,59,36.9,166/105,104,48.4,"Today, patient states vision issues.",0
PAT-00356,2024-01-01 10:59:31,94.2,99,36.2,135/88,74,99.0,No symptoms reported. Vitals are within expected range.,0
PAT-00356,2024-01-02 10:02:19,97.5,78,36.9,127/71,83,99.0,No significant complaints today.,0
PAT-00356,2024-01-03 08:26:12,97.6,88,37.8,124/74,72,99.0,"Today, patient states body aches.",0
PAT-00356,2024-01-04 10:46:45,96.6,93,38.1,141/94,105,99.0,"This morning, severe discomfort, chills. immediate attention may be needed.",1
PAT-00356,2024-01-05 09:15:33,93.0,65,37.4,121/82,164,99.0,"Indicates severe blurred vision, dry mouth, frequent urination. immediate attention may be needed.",0
PAT-00356,2024-01-06 10:38:05,95.4,74,35.8,140/90,91,99.0,Reports lowered energy.,0
PAT-00356,2024-01-07 08:32:06,96.7,55,37.1,132/86,90,99.0,No symptoms reported. Vitals are within expected range.,0
PAT-00356,2024-01-08 08:05:02,93.0,100,37.9,127/73,73,99.0,Notes night sweats.,0
PAT-00356,2024-01-09 09:48:50,96.0,80,36.9,114/78,88,99.0,No symptoms reported. Vitals are within expected range.,0
PAT-00356,2024-01-10 09:47:24,94.2,51,36.6,166/111,97,99.0,"Observes fatigue, headaches.",1
PAT-00356,2024-01-11 08:28:12,97.8,106,38.0,144/90,83,99.0,"Reports restlessness, headache, fever.",1
PAT-00356,2024-01-12 08:38:18,98.3,80,38.4,130/70,79,99.0,"This morning, fever, severe discomfort. immediate attention may be needed.",0
PAT-00356,2024-01-13 09:43:07,94.8,59,37.7,145/90,127,99.0,"Indicates mild fever, frequent urination.",0
PAT-00356,2024-01-14 10:04:28,99.8,68,36.4,121/79,165,99.0,"Patient notes that severe blurred vision, dry mouth, frequent urination. immediate attention may be needed.",0
PAT-00356,2024-01-15 09:22:28,92.9,105,35.9,144/95,84,99.0,"This morning, anxiety, mild coldness.",0
PAT-00356,2024-01-16 10:55:33,93.0,102,38.9,124/76,76,99.0,"Observes anxiety, headache, chills.",0
PAT-00356,2024-01-17 09:43:33,94.5,66,36.7,124/75,97,99.0,No symptoms reported. Vitals are within expected range.,0
PAT-00356,2024-01-18 09:20:04,94.0,102,38.6,121/81,96,99.0,"Reports anxiety, fever, muscle aches.",0
PAT-00356,2024-01-19 10:34:48,95.9,83,35.7,134/92,77,99.0,Patient notes that mild coldness.,0
PAT-00356,2024-01-20 08:19:10,98.4,93,36.7,145/87,72,99.0,Patient is feeling well with all parameters stable.,0
PAT-00356,2024-01-21 10:53:28,93.0,64,36.7,114/78,74,99.0,Patient is feeling well with all parameters stable.,0
PAT-00356,2024-01-22 09:16:47,99.7,85,37.4,114/71,99,99.0,No symptoms reported. Vitals are within expected range.,0
PAT-00356,2024-01-23 08:09:46,98.1,53,38.8,110/75,94,99.0,"Patient describes fatigue, chills, fever.",1
PAT-00356,2024-01-24 09:09:14,95.8,85,36.5,114/79,180,99.0,"Notes severe blurred vision, dry mouth, frequent urination. immediate attention may be needed.",0
PAT-00356,2024-01-25 09:17:03,96.9,89,36.8,140/86,76,99.0,No significant complaints today.,0
PAT-00356,2024-01-26 10:34:34,95.4,57,36.9,111/81,110,99.0,Patient denies any symptoms or discomfort.,0
PAT-00356,2024-01-27 08:02:22,98.0,104,37.7,135/90,124,99.0,"Notes palpitations, body aches.",1
PAT-00356,2024-01-28 08:03:36,93.2,82,37.4,128/75,125,99.0,Patient is feeling well with all parameters stable.,0
PAT-00356,2024-01-29 10:08:56,96.3,51,36.6,121/76,99,99.0,"This morning, slow pulse.",0
PAT-00356,2024-01-30 08:49:50,96.2,96,37.3,117/74,95,99.0,No symptoms reported. Vitals are within expected range.,0
PAT-00357,2024-01-01 10:26:45,93.2,93,37.1,142/87,151,95.0,"Notes severe blurred vision, dry mouth, frequent urination. immediate attention may be needed.",1
PAT-00357,2024-01-02 09:03:37,96.2,106,37.0,161/114,86,95.0,"Reports restlessness, chest tightness.",1
PAT-00357,2024-01-03 08:41:50,97.9,58,36.5,139/92,166,95.0,"Patient describes severe blurred vision, dry mouth, frequent urination. immediate attention may be needed.",1
PAT-00357,2024-01-04 08:52:51,94.1,95,35.9,125/78,98,95.0,Patient describes mild coldness.,0
PAT-00357,2024-01-05 08:53:47,95.8,82,37.0,137/93,91,95.0,Patient denies any symptoms or discomfort.,0
PAT-00357,2024-01-06 10:56:23,93.7,101,36.6,117/82,120,95.0,Reports palpitations.,0
PAT-00357,2024-01-07 10:51:50,93.1,57,38.7,150/88,155,95.0,"Patient notes that fever, chills, severe blurred vision, dry mouth, frequent urination. immediate attention may be needed.",0
PAT-00357,2024-01-08 08:41:26,95.6,60,36.4,116/76,76,95.0,No symptoms reported. Vitals are within expected range.,0
PAT-00357,2024-01-09 09:12:22,99.3,78,38.9,128/70,176,95.0,"Patient describes headache, severe discomfort, severe blurred vision, dry mouth, frequent urination. immediate attention may be needed.",1
PAT-00357,2024-01-10 10:06:56,92.6,104,37.0,120/71,159,95.0,"Patient describes palpitations, severe blurred vision, dry mouth, frequent urination. immediate attention may be needed.",0
PAT-00357,2024-01-11 09:08:55,98.4,63,36.1,123/75,74,95.0,No significant complaints today.,0
PAT-00357,2024-01-12 08:10:06,95.6,85,37.1,113/83,109,95.0,Vitals remain within acceptable limits. No issues noted.,0
PAT-00357,2024-01-13 08:12:14,96.3,54,37.3,112/73,75,95.0,Reports slow pulse.,0
PAT-00357,2024-01-14 10:24:48,98.3,58,37.7,142/85,150,95.0,"Patient notes that mild fever, severe blurred vision, dry mouth, frequent urination. worsening symptoms present.",1
PAT-00357,2024-01-15 09:50:46,94.2,92,37.3,187/106,91,95.0,"Reports chest pain, severe headache. worsening symptoms present.",0
PAT-00357,2024-01-16 10:17:32,96.5,57,36.9,176/112,85,95.0,Indicates headaches.,0
PAT-00357,2024-01-17 08:55:37,94.6,87,36.8,111/77,76,95.0,No symptoms reported. Vitals are within expected range.,0
PAT-00357,2024-01-18 09:40:25,96.0,95,36.9,121/85,76,95.0,Vitals remain within acceptable limits. No issues noted.,0
PAT-00357,2024-01-19 10:23:27,96.0,94,35.5,177/110,88,95.0,"Reports mild coldness, headaches.",0
PAT-00357,2024-01-20 10:09:50,93.0,60,37.2,129/72,70,95.0,Patient is feeling well with all parameters stable.,0
PAT-00357,2024-01-21 09:27:29,92.6,55,37.1,127/71,90,95.0,Vitals remain within acceptable limits. No issues noted.,0
PAT-00357,2024-01-22 08:14:31,96.2,74,37.1,149/94,94,95.0,Patient denies any symptoms or discomfort.,0
PAT-00357,2024-01-23 10:13:04,94.4,101,38.2,188/116,97,95.0,"Patient notes that anxiety, chills, headache, chest pain, severe headache. immediate attention may be needed.",1
PAT-00357,2024-01-24 10:33:21,100.0,106,37.3,122/80,87,95.0,"Today, patient states restlessness.",0
PAT-00357,2024-01-25 09:30:18,96.4,88,36.4,119/77,77,95.0,Patient is feeling well with all parameters stable.,0
PAT-00357,2024-01-26 08:16:48,96.1,51,38.7,184/108,74,95.0,"Reports slow pulse, chills, fever, chest pain, severe headache. worsening symptoms present.",0
PAT-00357,2024-01-27 09:46:49,96.1,87,37.3,146/91,75,95.0,No symptoms reported. Vitals are within expected range.,0
PAT-00357,2024-01-28 08:31:23,97.9,79,35.7,173/109,86,95.0,"This morning, lowered energy, vision issues.",0
PAT-00357,2024-01-29 09:38:56,97.6,74,37.3,115/76,117,95.0,Patient is feeling well with all parameters stable.,0
PAT-00357,2024-01-30 10:49:05,96.9,58,36.9,135/91,91,95.0,No significant complaints today.,0
PAT-00358,2024-01-01 10:01:03,94.4,51,36.5,110/77,116,70.1,Reports lightheadedness.,0
PAT-00358,2024-01-02 10:08:57,95.5,68,35.5,180/109,82,70.1,"Patient describes mild coldness, chest tightness.",1
PAT-00358,2024-01-03 09:14:53,95.5,78,36.9,128/80,88,70.1,Vitals remain within acceptable limits. No issues noted.,0
PAT-00358,2024-01-04 10:19:02,95.6,89,36.9,166/107,95,70.1,"This morning, vision issues.",1
PAT-00358,2024-01-05 08:09:33,96.7,66,36.7,149/95,98,70.1,Vitals remain within acceptable limits. No issues noted.,0
PAT-00358,2024-01-06 10:47:50,100.0,87,37.0,147/89,101,70.1,No significant complaints today.,0
PAT-00358,2024-01-07 08:20:24,97.4,96,35.6,148/88,81,70.1,"Today, patient states mild coldness.",0
PAT-00358,2024-01-08 08:38:38,95.4,99,37.0,148/87,93,70.1,No symptoms reported. Vitals are within expected range.,0
PAT-00358,2024-01-09 08:55:49,97.6,66,35.5,150/85,76,70.1,"This morning, lowered energy.",0
PAT-00358,2024-01-10 10:36:21,94.4,82,37.3,133/93,168,70.1,"This morning, severe blurred vision, dry mouth, frequent urination. worsening symptoms present.",0
PAT-00358,2024-01-11 08:08:23,96.4,89,35.8,122/80,126,70.1,"Notes lowered energy, frequent urination.",0
PAT-00358,2024-01-12 10:18:50,94.2,88,37.1,141/90,83,70.1,Patient is feeling well with all parameters stable.,0
PAT-00358,2024-01-13 08:25:54,99.4,71,36.2,138/90,107,70.1,No significant complaints today.,0
PAT-00358,2024-01-14 09:19:15,93.9,99,35.6,124/85,149,70.1,"Today, patient states lowered energy, dry mouth.",0
PAT-00358,2024-01-15 08:12:09,93.7,108,36.8,129/82,71,70.1,"Today, patient states restlessness.",1
PAT-00358,2024-01-16 10:27:07,97.6,85,36.9,162/104,73,70.1,Patient describes headaches.,1
PAT-00358,2024-01-17 08:30:36,95.0,73,37.0,141/85,99,70.1,Patient is feeling well with all parameters stable.,0
PAT-00358,2024-01-18 08:49:29,98.6,89,36.8,114/78,73,70.1,No significant complaints today.,0
PAT-00358,2024-01-19 10:02:39,94.0,86,37.1,144/93,136,70.1,Observes dry mouth.,0
PAT-00358,2024-01-20 08:59:30,93.8,93,37.0,181/113,144,70.1,"Patient describes chest pain, severe headache, blurred vision. worsening symptoms present.",0
PAT-00358,2024-01-21 10:51:31,97.1,98,37.0,117/84,80,70.1,Vitals remain within acceptable limits. No issues noted.,0
PAT-00358,2024-01-22 09:31:32,98.9,54,37.5,190/104,149,70.1,"Reports lightheadedness, mild fever, chest pain, severe headache, frequent urination. immediate attention may be needed.",0
PAT-00358,2024-01-23 10:32:34,90.7,57,36.2,127/84,102,70.1,Observes shortness of breath.,0
PAT-00358,2024-01-24 09:16:42,98.6,75,37.2,124/80,106,70.1,Vitals remain within acceptable limits. No issues noted.,0
PAT-00358,2024-01-25 08:42:59,96.1,85,36.9,124/85,71,70.1,Vitals remain within acceptable limits. No issues noted.,0
PAT-00358,2024-01-26 10:39:38,97.9,101,36.7,121/72,80,70.1,Patient describes restlessness.,0
PAT-00358,2024-01-27 08:35:39,97.5,64,36.5,123/74,109,70.1,No significant complaints today.,0
PAT-00358,2024-01-28 08:50:26,95.4,103,38.9,185/112,87,70.1,"Notes anxiety, fever, chills, chest pain, severe headache. immediate attention may be needed.",1
PAT-00358,2024-01-29 10:18:51,94.9,71,37.7,120/78,81,70.1,Reports mild fever.,0
PAT-00358,2024-01-30 09:49:21,98.0,70,36.9,148/90,116,70.1,Patient denies any symptoms or discomfort.,0
PAT-00359,2024-01-01 10:58:33,97.6,64,38.6,112/81,84,80.6,"Observes fever, muscle aches.",0
PAT-00359,2024-01-02 08:45:38,96.7,71,36.9,122/84,105,80.6,No symptoms reported. Vitals are within expected range.,0
PAT-00359,2024-01-03 10:20:20,95.7,68,37.0,130/79,77,80.6,No significant complaints today.,0
PAT-00359,2024-01-04 09:37:14,97.0,57,36.9,119/85,118,80.6,Patient denies any symptoms or discomfort.,0
PAT-00359,2024-01-05 10:57:30,99.0,83,36.5,189/113,117,80.6,"Today, patient states chest pain, severe headache. worsening symptoms present.",1
PAT-00359,2024-01-06 10:46:17,98.7,86,38.7,128/73,153,80.6,"Reports severe discomfort, headache, severe blurred vision, dry mouth, frequent urination. worsening symptoms present.",0
PAT-00359,2024-01-07 09:44:54,92.1,72,37.1,114/79,161,80.6,"Patient describes severe blurred vision, dry mouth, frequent urination. immediate attention may be needed.",0
PAT-00359,2024-01-08 08:45:13,95.4,100,37.8,112/83,74,80.6,Observes body aches.,0
PAT-00359,2024-01-09 09:51:31,93.1,86,36.4,127/71,88,80.6,Vitals remain within acceptable limits. No issues noted.,0
PAT-00359,2024-01-10 09:24:26,93.5,63,36.2,124/84,105,80.6,No symptoms reported. Vitals are within expected range.,0
PAT-00359,2024-01-11 08:14:44,98.1,51,38.6,129/77,89,80.6,"Patient describes lightheadedness, chills, fever.",0
PAT-00359,2024-01-12 09:20:02,99.2,62,38.6,123/74,109,80.6,"Patient describes muscle aches, severe discomfort. worsening symptoms present.",0
PAT-00359,2024-01-13 08:39:02,95.3,97,37.3,174/104,98,80.6,Notes chest tightness.,1
PAT-00359,2024-01-14 09:09:52,94.3,69,36.0,137/85,111,80.6,Patient denies any symptoms or discomfort.,0
PAT-00359,2024-01-15 09:43:42,97.1,90,38.0,120/71,87,80.6,"Patient describes chills, severe discomfort. immediate attention may be needed.",0
PAT-00359,2024-01-16 09:36:38,95.0,65,37.0,181/116,144,80.6,"Today, patient states chest pain, severe headache, dry mouth. worsening symptoms present.",0
PAT-00359,2024-01-17 09:59:21,94.5,70,37.1,142/89,96,80.6,Patient is feeling well with all parameters stable.,0
PAT-00359,2024-01-18 09:00:54,98.6,60,37.1,147/86,99,80.6,No significant complaints today.,0
PAT-00359,2024-01-19 10:29:44,97.8,60,36.5,133/95,95,80.6,Patient denies any symptoms or discomfort.,0
PAT-00359,2024-01-20 08:32:02,92.5,98,36.8,124/79,88,80.6,No significant complaints today.,0
PAT-00359,2024-01-21 08:23:33,96.6,69,38.9,126/74,98,80.6,"This morning, muscle aches, fever.",1
PAT-00359,2024-01-22 08:48:41,93.2,60,36.6,130/75,114,80.6,No significant complaints today.,0
PAT-00359,2024-01-23 10:57:07,96.8,80,37.2,112/78,103,80.6,Patient denies any symptoms or discomfort.,0
PAT-00359,2024-01-24 10:21:02,95.2,102,37.3,141/92,76,80.6,"Today, patient states palpitations.",0
PAT-00359,2024-01-25 09:05:21,97.4,71,36.2,134/94,84,80.6,Patient is feeling well with all parameters stable.,0
PAT-00359,2024-01-26 10:25:26,97.2,105,37.3,124/73,120,80.6,Patient describes anxiety.,0
PAT-00359,2024-01-27 08:54:56,94.4,102,36.5,127/74,117,80.6,Indicates anxiety.,1
PAT-00359,2024-01-28 08:35:45,92.3,90,37.0,128/84,100,80.6,Patient denies any symptoms or discomfort.,0
PAT-00359,2024-01-29 09:31:10,97.6,89,37.2,111/80,134,80.6,Reports frequent urination.,0
PAT-00359,2024-01-30 09:22:41,94.1,50,35.6,177/112,77,80.6,"Indicates slow pulse, mild coldness, headaches.",1
PAT-00360,2024-01-01 10:50:52,92.0,80,37.1,127/78,125,87.8,No symptoms reported. Vitals are within expected range.,0
PAT-00360,2024-01-02 08:10:18,96.8,80,38.4,111/82,95,87.8,"Today, patient states fever, muscle aches.",0
PAT-00360,2024-01-03 10:38:36,97.7,100,36.4,125/70,79,87.8,No symptoms reported. Vitals are within expected range.,0
PAT-00360,2024-01-04 10:23:14,97.8,55,37.4,173/108,104,87.8,Reports chest tightness.,1
PAT-00360,2024-01-05 09:55:16,98.1,95,36.8,113/83,77,87.8,Vitals remain within acceptable limits. No issues noted.,0
PAT-00360,2024-01-06 10:47:05,96.0,90,35.9,147/92,80,87.8,Patient describes lowered energy.,0
PAT-00360,2024-01-07 09:59:15,95.7,107,37.2,112/75,79,87.8,Patient notes that palpitations.,0
PAT-00360,2024-01-08 10:58:37,94.6,90,36.7,114/82,87,87.8,No significant complaints today.,0
PAT-00360,2024-01-09 10:15:30,98.6,100,35.7,132/91,129,87.8,"Reports lowered energy, frequent urination.",0
PAT-00360,2024-01-10 10:18:02,96.9,96,36.2,120/72,118,87.8,Vitals remain within acceptable limits. No issues noted.,0
PAT-00360,2024-01-11 08:02:00,93.4,79,36.7,175/109,83,87.8,"This morning, headaches.",0
PAT-00360,2024-01-12 08:19:34,96.4,66,36.5,112/72,98,87.8,No significant complaints today.,0
PAT-00360,2024-01-13 08:25:19,92.4,55,37.1,117/76,79,87.8,Vitals remain within acceptable limits. No issues noted.,0
PAT-00360,2024-01-14 10:09:17,96.1,90,37.6,113/77,86,87.8,Patient notes that body aches.,0
PAT-00360,2024-01-15 10:27:58,97.1,87,36.9,185/108,113,87.8,"Notes chest pain, severe headache. worsening symptoms present.",1
PAT-00360,2024-01-16 08:44:32,96.3,101,35.9,134/87,87,87.8,"Indicates palpitations, lowered energy.",1
PAT-00360,2024-01-17 08:09:14,97.6,73,37.3,115/75,110,87.8,No significant complaints today.,0
PAT-00360,2024-01-18 08:06:48,99.6,98,36.3,131/91,116,87.8,No symptoms reported. Vitals are within expected range.,0
PAT-00360,2024-01-19 08:48:43,93.9,60,37.0,122/85,89,87.8,Vitals remain within acceptable limits. No issues noted.,0
PAT-00360,2024-01-20 10:59:53,94.9,63,38.3,128/72,104,87.8,"Reports fever, severe discomfort. worsening symptoms present.",1
PAT-00360,2024-01-21 09:43:58,92.3,83,37.0,114/75,97,87.8,No significant complaints today.,0
PAT-00360,2024-01-22 09:47:25,93.4,68,36.7,113/70,120,87.8,Patient denies any symptoms or discomfort.,0
PAT-00360,2024-01-23 10:52:43,91.1,60,36.8,174/100,93,87.8,"Indicates low energy, vision issues.",0
PAT-00360,2024-01-24 08:19:39,92.8,64,36.2,135/86,100,87.8,Vitals remain within acceptable limits. No issues noted.,0
PAT-00360,2024-01-25 08:42:10,97.4,63,37.8,129/85,170,87.8,"This morning, night sweats, severe blurred vision, dry mouth, frequent urination. immediate attention may be needed.",0
PAT-00360,2024-01-26 09:31:42,94.1,61,36.8,144/93,87,87.8,No significant complaints today.,0
PAT-00360,2024-01-27 10:57:58,94.3,78,38.9,185/109,78,87.8,"Patient notes that headache, chills, chest pain, severe headache. immediate attention may be needed.",0
PAT-00360,2024-01-28 08:44:07,95.3,87,36.9,134/85,117,87.8,No significant complaints today.,0
PAT-00360,2024-01-29 10:56:20,97.1,50,37.2,128/70,85,87.8,Reports lightheadedness.,1
PAT-00360,2024-01-30 08:00:23,97.6,110,38.8,190/117,79,87.8,"Today, patient states restlessness, fever, headache, chest pain, severe headache. worsening symptoms present.",0
PAT-00361,2024-01-01 09:07:20,99.2,63,36.0,117/82,95,76.8,Patient is feeling well with all parameters stable.,0
PAT-00361,2024-01-02 10:19:52,95.7,91,36.5,116/83,99,76.8,No symptoms reported. Vitals are within expected range.,0
PAT-00361,2024-01-03 08:30:41,99.2,106,35.8,115/84,70,76.8,"Indicates anxiety, mild coldness.",0
PAT-00361,2024-01-04 08:58:59,98.3,60,38.2,118/70,74,76.8,"Patient notes that headache, chills.",0
PAT-00361,2024-01-05 10:34:29,95.4,78,37.0,141/90,136,76.8,Reports frequent urination.,0
PAT-00361,2024-01-06 09:08:50,98.1,109,37.0,112/83,89,76.8,Indicates restlessness.,1
PAT-00361,2024-01-07 10:12:09,98.2,67,36.4,127/84,87,76.8,No significant complaints today.,0
PAT-00361,2024-01-08 08:35:12,92.8,60,35.9,119/71,94,76.8,Reports mild coldness.,0
PAT-00361,2024-01-09 08:19:28,94.9,102,37.5,119/71,100,76.8,"Reports palpitations, body aches.",0
PAT-00361,2024-01-10 09:01:12,97.2,94,37.4,143/86,97,76.8,No significant complaints today.,0
PAT-00361,2024-01-11 09:12:14,98.6,90,36.0,124/79,96,76.8,Vitals remain within acceptable limits. No issues noted.,0
PAT-00361,2024-01-12 10:32:51,94.8,108,37.4,143/93,75,76.8,"Today, patient states restlessness.",0
PAT-00361,2024-01-13 09:30:02,95.9,104,37.0,114/79,153,76.8,"Patient notes that palpitations, severe blurred vision, dry mouth, frequent urination. worsening symptoms present.",0
PAT-00361,2024-01-14 10:31:37,100.0,76,36.2,128/83,86,76.8,Patient is feeling well with all parameters stable.,0
PAT-00361,2024-01-15 08:21:53,94.9,81,37.1,140/85,112,76.8,Patient is feeling well with all parameters stable.,0
PAT-00361,2024-01-16 10:08:14,95.9,72,36.6,130/93,77,76.8,Patient is feeling well with all parameters stable.,0
PAT-00361,2024-01-17 08:56:13,96.6,108,38.4,112/83,74,76.8,"Patient describes anxiety, headache, severe discomfort. immediate attention may be needed.",0
PAT-00361,2024-01-18 09:16:58,95.5,58,36.6,128/75,87,76.8,Patient is feeling well with all parameters stable.,0
PAT-00361,2024-01-19 08:50:12,97.7,51,37.4,148/92,98,76.8,Reports slow pulse.,1
PAT-00361,2024-01-20 08:27:40,100.0,55,37.0,121/76,76,76.8,No symptoms reported. Vitals are within expected range.,0
PAT-00361,2024-01-21 09:56:55,92.2,69,36.8,128/82,92,76.8,Vitals remain within acceptable limits. No issues noted.,0
PAT-00361,2024-01-22 10:19:40,95.7,73,36.3,125/73,123,76.8,Vitals remain within acceptable limits. No issues noted.,0
PAT-00361,2024-01-23 08:19:59,96.0,53,36.9,181/119,81,76.8,"Observes lightheadedness, chest pain, severe headache. immediate attention may be needed.",0
PAT-00361,2024-01-24 09:10:17,92.8,84,36.4,110/80,77,76.8,Vitals remain within acceptable limits. No issues noted.,0
PAT-00361,2024-01-25 09:09:40,93.4,66,37.3,112/77,107,76.8,Vitals remain within acceptable limits. No issues noted.,0
PAT-00361,2024-01-26 08:18:13,96.7,54,36.8,150/90,83,76.8,Observes fatigue.,0
PAT-00361,2024-01-27 10:05:21,98.5,66,36.2,128/81,122,76.8,Patient is feeling well with all parameters stable.,0
PAT-00361,2024-01-28 10:00:13,96.6,53,37.1,118/72,82,76.8,Notes lightheadedness.,0
PAT-00361,2024-01-29 09:10:37,95.4,50,38.1,130/85,71,76.8,"Reports slow pulse, muscle aches, fever.",1
PAT-00361,2024-01-30 08:30:20,97.5,101,36.0,130/75,82,76.8,Patient notes that palpitations.,1
PAT-00362,2024-01-01 09:31:51,97.2,90,37.3,112/77,152,88.9,"Today, patient states severe blurred vision, dry mouth, frequent urination. immediate attention may be needed.",1
PAT-00362,2024-01-02 09:38:14,96.6,89,37.2,127/78,122,88.9,Vitals remain within acceptable limits. No issues noted.,0
PAT-00362,2024-01-03 08:23:37,100.0,103,37.1,123/72,109,88.9,"This morning, anxiety.",0
PAT-00362,2024-01-04 09:26:05,95.7,56,36.2,113/85,130,88.9,"This morning, blurred vision.",0
PAT-00362,2024-01-05 08:58:17,96.2,85,37.3,125/73,72,88.9,Vitals remain within acceptable limits. No issues noted.,0
PAT-00362,2024-01-06 08:46:00,97.3,73,37.7,148/85,83,88.9,Observes body aches.,0
PAT-00362,2024-01-07 08:06:11,95.3,51,35.7,114/84,78,88.9,"Today, patient states fatigue, lowered energy.",0
PAT-00362,2024-01-08 10:24:05,97.6,64,38.5,183/106,79,88.9,"Reports headache, fever, chest pain, severe headache. worsening symptoms present.",0
PAT-00362,2024-01-09 09:13:13,93.2,59,36.8,184/106,128,88.9,"Patient describes chest pain, severe headache, frequent urination. worsening symptoms present.",0
PAT-00362,2024-01-10 10:22:33,100.0,110,38.3,134/87,87,88.9,"Notes palpitations, fever, severe discomfort. immediate attention may be needed.",0
PAT-00362,2024-01-11 09:58:33,96.9,92,37.1,147/91,118,88.9,No significant complaints today.,0
PAT-00362,2024-01-12 10:41:42,94.5,73,36.5,189/102,113,88.9,"Reports chest pain, severe headache. immediate attention may be needed.",1
PAT-00362,2024-01-13 10:02:44,95.1,77,36.5,147/94,165,88.9,"This morning, severe blurred vision, dry mouth, frequent urination. immediate attention may be needed.",0
PAT-00362,2024-01-14 08:12:47,94.2,60,36.2,110/75,121,88.9,Patient is feeling well with all parameters stable.,0
PAT-00362,2024-01-15 10:27:52,96.4,90,37.1,166/120,150,88.9,"Observes headaches, severe blurred vision, dry mouth, frequent urination. immediate attention may be needed.",0
PAT-00362,2024-01-16 09:25:37,97.1,72,36.7,121/78,75,88.9,Patient denies any symptoms or discomfort.,0
PAT-00362,2024-01-17 09:35:53,97.4,64,38.6,115/84,120,88.9,"Notes muscle aches, fever.",0
PAT-00362,2024-01-18 09:50:47,97.0,88,36.8,122/84,71,88.9,Vitals remain within acceptable limits. No issues noted.,0
PAT-00362,2024-01-19 08:42:38,95.8,87,38.7,129/81,117,88.9,"Observes muscle aches, fever.",1
PAT-00362,2024-01-20 09:33:54,96.3,90,37.1,139/94,72,88.9,No significant complaints today.,0
PAT-00362,2024-01-21 08:24:33,92.9,86,35.8,122/70,111,88.9,Patient notes that mild coldness.,0
PAT-00362,2024-01-22 08:41:43,96.3,98,37.1,129/80,70,88.9,No symptoms reported. Vitals are within expected range.,0
PAT-00362,2024-01-23 10:13:32,100.0,59,36.2,164/108,78,88.9,Patient describes vision issues.,0
PAT-00362,2024-01-24 08:59:20,95.8,87,36.9,118/75,75,88.9,Patient denies any symptoms or discomfort.,0
PAT-00362,2024-01-25 09:12:44,93.8,86,37.6,115/76,91,88.9,Indicates mild fever.,0
PAT-00362,2024-01-26 10:29:18,98.0,87,36.4,121/76,78,88.9,No symptoms reported. Vitals are within expected range.,0
PAT-00362,2024-01-27 08:53:42,93.0,104,36.5,130/79,118,88.9,Patient describes anxiety.,0
PAT-00362,2024-01-28 10:23:57,96.2,105,37.1,116/81,88,88.9,"This morning, restlessness.",0
PAT-00362,2024-01-29 08:19:57,92.2,102,36.5,173/114,79,88.9,"Today, patient states restlessness, headaches.",0
PAT-00362,2024-01-30 08:24:19,97.3,85,37.0,128/85,108,88.9,Vitals remain within acceptable limits. No issues noted.,0
PAT-00363,2024-01-01 10:59:01,95.4,88,37.3,132/93,119,74.5,Patient is feeling well with all parameters stable.,0
PAT-00363,2024-01-02 08:55:38,98.7,86,36.8,126/80,116,74.5,Patient denies any symptoms or discomfort.,0
PAT-00363,2024-01-03 10:03:25,95.3,103,38.3,143/90,80,74.5,"Today, patient states palpitations, muscle aches, severe discomfort. immediate attention may be needed.",0
PAT-00363,2024-01-04 09:27:35,98.7,56,38.0,144/88,100,74.5,"Patient describes muscle aches, fever.",0
PAT-00363,2024-01-05 09:13:24,97.9,71,38.7,150/91,115,74.5,"This morning, chills, headache.",1
PAT-00363,2024-01-06 08:26:32,96.9,84,37.3,125/82,72,74.5,Patient denies any symptoms or discomfort.,0
PAT-00363,2024-01-07 10:17:17,96.8,93,37.3,119/74,111,74.5,Patient is feeling well with all parameters stable.,0
PAT-00363,2024-01-08 09:01:58,95.7,65,35.7,127/83,89,74.5,Indicates mild coldness.,0
PAT-00363,2024-01-09 09:34:31,90.7,96,37.3,141/94,108,74.5,Observes dizziness.,0
PAT-00363,2024-01-10 09:11:32,94.8,81,36.5,121/77,148,74.5,Notes dry mouth.,0
PAT-00363,2024-01-11 09:09:03,97.1,90,37.2,143/91,80,74.5,Vitals remain within acceptable limits. No issues noted.,0
PAT-00363,2024-01-12 08:21:45,96.4,79,37.3,150/91,146,74.5,"This morning, dry mouth.",0
PAT-00363,2024-01-13 10:02:48,96.2,91,38.4,112/85,171,74.5,"Observes headache, severe discomfort, severe blurred vision, dry mouth, frequent urination. worsening symptoms present.",0
PAT-00363,2024-01-14 10:31:45,96.2,93,36.5,140/91,91,74.5,No symptoms reported. Vitals are within expected range.,0
PAT-00363,2024-01-15 10:47:28,96.3,101,38.4,148/87,110,74.5,"Indicates restlessness, severe discomfort, headache. worsening symptoms present.",1
PAT-00363,2024-01-16 09:24:54,99.5,107,37.2,131/85,176,74.5,"This morning, palpitations, severe blurred vision, dry mouth, frequent urination. immediate attention may be needed.",1
PAT-00363,2024-01-17 08:15:29,94.8,64,38.3,123/80,72,74.5,"Patient notes that chills, muscle aches.",0
PAT-00363,2024-01-18 09:39:37,97.4,64,35.6,121/74,77,74.5,Patient describes lowered energy.,0
PAT-00363,2024-01-19 10:05:07,98.1,109,38.8,179/101,112,74.5,"Indicates restlessness, chills, headache, vision issues.",0
PAT-00363,2024-01-20 10:18:16,97.8,86,35.9,124/84,79,74.5,Patient describes mild coldness.,0
PAT-00363,2024-01-21 08:13:06,96.4,107,37.1,115/85,97,74.5,Observes palpitations.,0
PAT-00363,2024-01-22 10:42:59,95.6,52,36.6,113/73,92,74.5,Indicates fatigue.,0
PAT-00363,2024-01-23 09:05:50,92.5,60,36.9,126/82,82,74.5,Vitals remain within acceptable limits. No issues noted.,0
PAT-00363,2024-01-24 10:15:58,95.8,107,36.7,111/74,161,74.5,"This morning, palpitations, severe blurred vision, dry mouth, frequent urination. worsening symptoms present.",0
PAT-00363,2024-01-25 10:06:45,95.2,75,37.3,176/118,95,74.5,"This morning, headaches.",1
PAT-00363,2024-01-26 10:27:57,99.4,90,37.0,128/70,120,74.5,No symptoms reported. Vitals are within expected range.,0
PAT-00363,2024-01-27 10:01:19,97.5,101,36.6,113/75,118,74.5,Reports restlessness.,1
PAT-00363,2024-01-28 10:26:47,97.6,90,36.5,124/72,112,74.5,Patient is feeling well with all parameters stable.,0
PAT-00363,2024-01-29 09:59:02,94.7,51,36.6,126/73,73,74.5,Indicates lightheadedness.,0
PAT-00363,2024-01-30 09:22:55,97.4,65,37.1,125/78,81,74.5,Patient is feeling well with all parameters stable.,0
PAT-00364,2024-01-01 09:46:45,98.0,62,37.3,110/81,121,78.8,Patient denies any symptoms or discomfort.,0
PAT-00364,2024-01-02 10:34:13,98.8,69,37.3,149/95,87,78.8,Vitals remain within acceptable limits. No issues noted.,0
PAT-00364,2024-01-03 10:41:54,95.9,79,36.7,138/86,81,78.8,Vitals remain within acceptable limits. No issues noted.,0
PAT-00364,2024-01-04 10:28:43,98.4,60,36.8,126/70,86,78.8,Patient denies any symptoms or discomfort.,0
PAT-00364,2024-01-05 09:29:26,92.7,52,37.1,120/82,84,78.8,"Today, patient states lightheadedness.",1
PAT-00364,2024-01-06 09:55:41,95.6,62,37.4,124/73,115,78.8,No symptoms reported. Vitals are within expected range.,0
PAT-00364,2024-01-07 08:54:43,96.7,80,36.9,165/101,76,78.8,Observes headaches.,0
PAT-00364,2024-01-08 08:34:39,92.6,60,36.7,119/84,108,78.8,No symptoms reported. Vitals are within expected range.,0
PAT-00364,2024-01-09 09:36:36,99.1,66,37.3,176/116,112,78.8,Notes vision issues.,0
PAT-00364,2024-01-10 10:26:48,97.3,67,37.0,127/75,143,78.8,Indicates dry mouth.,0
PAT-00364,2024-01-11 09:34:22,97.5,101,38.3,162/107,102,78.8,"Reports palpitations, headache, severe discomfort, chest tightness. immediate attention may be needed.",0
PAT-00364,2024-01-12 08:50:55,98.5,107,37.3,112/81,164,78.8,"Notes palpitations, severe blurred vision, dry mouth, frequent urination. worsening symptoms present.",0
PAT-00364,2024-01-13 09:40:06,95.0,83,35.5,190/104,118,78.8,"Patient notes that mild coldness, chest pain, severe headache. worsening symptoms present.",1
PAT-00364,2024-01-14 10:24:13,96.2,109,35.5,188/109,110,78.8,"Patient notes that palpitations, mild coldness, chest pain, severe headache. worsening symptoms present.",0
PAT-00364,2024-01-15 10:04:12,97.0,50,36.8,146/94,116,78.8,Indicates lightheadedness.,1
PAT-00364,2024-01-16 08:50:07,94.2,100,38.8,129/84,74,78.8,"Notes muscle aches, chills.",0
PAT-00364,2024-01-17 08:54:45,97.2,80,36.6,123/85,144,78.8,Observes blurred vision.,0
PAT-00364,2024-01-18 08:08:15,95.0,78,38.7,176/117,165,78.8,"Indicates fever, chills, vision issues, severe blurred vision, dry mouth, frequent urination. worsening symptoms present.",0
PAT-00364,2024-01-19 10:34:30,97.3,76,37.2,179/119,85,78.8,Notes chest tightness.,0
PAT-00364,2024-01-20 09:08:19,95.9,82,36.9,150/88,113,78.8,No significant complaints today.,0
PAT-00364,2024-01-21 08:12:46,95.0,83,36.1,121/83,141,78.8,Reports dry mouth.,0
PAT-00364,2024-01-22 10:44:59,97.4,76,36.1,128/84,76,78.8,No significant complaints today.,0
PAT-00364,2024-01-23 10:26:04,92.1,96,36.5,150/95,70,78.8,Patient is feeling well with all parameters stable.,0
PAT-00364,2024-01-24 09:31:04,97.9,78,37.3,121/77,148,78.8,Patient describes blurred vision.,0
PAT-00364,2024-01-25 09:28:49,97.0,94,38.7,113/84,73,78.8,"Notes headache, chills.",0
PAT-00364,2024-01-26 10:50:31,95.1,86,37.0,126/78,116,78.8,Patient denies any symptoms or discomfort.,0
PAT-00364,2024-01-27 10:51:45,93.9,105,36.8,139/86,106,78.8,"Today, patient states restlessness.",1
PAT-00364,2024-01-28 10:08:12,95.0,98,36.6,173/120,119,78.8,Indicates chest tightness.,1
PAT-00364,2024-01-29 08:28:49,96.7,91,37.1,188/102,74,78.8,"Notes chest pain, severe headache. worsening symptoms present.",0
PAT-00364,2024-01-30 08:59:03,100.0,86,37.0,112/71,77,78.8,Patient is feeling well with all parameters stable.,0
PAT-00365,2024-01-01 08:05:05,95.5,95,37.7,128/84,98,74.6,Indicates body aches.,0
PAT-00365,2024-01-02 09:21:11,96.3,75,38.9,130/83,91,74.6,"Observes severe discomfort, headache. worsening symptoms present.",1
PAT-00365,2024-01-03 10:59:19,94.8,64,38.0,126/75,106,74.6,"Observes headache, severe discomfort. immediate attention may be needed.",0
PAT-00365,2024-01-04 10:34:47,97.4,97,36.8,112/77,71,74.6,Vitals remain within acceptable limits. No issues noted.,0
PAT-00365,2024-01-05 09:06:09,92.6,60,38.8,116/85,87,74.6,"Today, patient states headache, muscle aches.",0
PAT-00365,2024-01-06 08:48:45,96.6,73,36.8,118/81,91,74.6,Patient denies any symptoms or discomfort.,0
PAT-00365,2024-01-07 08:28:15,94.7,60,36.4,129/81,78,74.6,Vitals remain within acceptable limits. No issues noted.,0
PAT-00365,2024-01-08 09:06:17,94.5,78,36.4,126/85,179,74.6,"Reports severe blurred vision, dry mouth, frequent urination. immediate attention may be needed.",0
PAT-00365,2024-01-09 10:48:49,94.1,90,38.1,115/83,86,74.6,"Notes chills, severe discomfort. worsening symptoms present.",0
PAT-00365,2024-01-10 09:38:03,95.6,59,36.6,118/85,74,74.6,No significant complaints today.,0
PAT-00365,2024-01-11 10:22:24,97.4,97,36.9,134/90,104,74.6,Patient denies any symptoms or discomfort.,0
PAT-00365,2024-01-12 10:43:32,96.4,106,36.0,141/95,116,74.6,Reports palpitations.,1
PAT-00365,2024-01-13 10:18:03,93.3,52,37.4,116/73,142,74.6,"Notes lightheadedness, frequent urination.",0
PAT-00365,2024-01-14 10:03:38,97.1,107,36.8,124/77,72,74.6,"Today, patient states palpitations.",1
PAT-00365,2024-01-15 08:42:21,95.5,90,35.9,123/70,118,74.6,"Today, patient states lowered energy.",0
PAT-00365,2024-01-16 09:32:38,97.0,53,37.8,123/80,88,74.6,"Patient notes that fatigue, night sweats.",0
PAT-00365,2024-01-17 08:05:45,93.2,60,36.7,124/75,115,74.6,Patient is feeling well with all parameters stable.,0
PAT-00365,2024-01-18 10:46:56,96.8,76,36.4,124/78,123,74.6,Vitals remain within acceptable limits. No issues noted.,0
PAT-00365,2024-01-19 08:53:27,98.3,68,37.2,113/78,119,74.6,Patient denies any symptoms or discomfort.,0
PAT-00365,2024-01-20 09:18:42,92.7,90,35.5,113/72,70,74.6,"This morning, mild coldness.",0
PAT-00365,2024-01-21 08:11:46,94.7,92,37.0,130/92,88,74.6,Patient is feeling well with all parameters stable.,0
PAT-00365,2024-01-22 09:25:38,94.9,50,37.2,114/70,147,74.6,"Today, patient states lightheadedness, blurred vision.",0
PAT-00365,2024-01-23 10:51:10,96.8,51,36.8,115/81,74,74.6,Patient notes that slow pulse.,1
PAT-00365,2024-01-24 10:56:01,95.2,94,37.1,128/72,95,74.6,No significant complaints today.,0
PAT-00365,2024-01-25 08:35:41,92.4,67,35.8,117/74,87,74.6,Patient notes that lowered energy.,0
PAT-00365,2024-01-26 10:31:35,97.9,56,37.6,125/82,122,74.6,Patient describes mild fever.,0
PAT-00365,2024-01-27 08:53:51,95.2,55,37.3,148/93,159,74.6,"Observes severe blurred vision, dry mouth, frequent urination. immediate attention may be needed.",0
PAT-00365,2024-01-28 08:00:01,95.6,68,37.1,181/112,116,74.6,"Today, patient states chest pain, severe headache. immediate attention may be needed.",1
PAT-00365,2024-01-29 08:45:19,94.4,93,36.8,180/110,71,74.6,Observes headaches.,0
PAT-00365,2024-01-30 10:59:47,93.7,85,37.0,183/106,93,74.6,"Today, patient states chest pain, severe headache. immediate attention may be needed.",0
PAT-00366,2024-01-01 08:46:07,95.8,59,36.9,113/83,146,89.3,"This morning, blurred vision.",0
PAT-00366,2024-01-02 10:03:25,93.3,86,36.8,121/73,81,89.3,Vitals remain within acceptable limits. No issues noted.,0
PAT-00366,2024-01-03 08:06:41,97.6,94,36.8,125/78,100,89.3,Patient is feeling well with all parameters stable.,0
PAT-00366,2024-01-04 10:59:49,96.8,103,35.5,130/84,99,89.3,"This morning, restlessness, lowered energy.",1
PAT-00366,2024-01-05 10:47:20,98.6,99,38.0,145/91,85,89.3,"This morning, fever, chills.",1
PAT-00366,2024-01-06 09:34:49,93.5,88,35.6,114/75,73,89.3,"This morning, mild coldness.",0
PAT-00366,2024-01-07 10:49:01,96.9,105,35.8,122/73,169,89.3,"Indicates palpitations, mild coldness, severe blurred vision, dry mouth, frequent urination. immediate attention may be needed.",1
PAT-00366,2024-01-08 10:23:49,94.7,89,36.5,137/95,82,89.3,No symptoms reported. Vitals are within expected range.,0
PAT-00366,2024-01-09 08:48:44,96.7,62,37.0,113/74,76,89.3,Patient denies any symptoms or discomfort.,0
PAT-00366,2024-01-10 08:32:52,96.4,86,37.0,112/78,92,89.3,Patient is feeling well with all parameters stable.,0
PAT-00366,2024-01-11 08:48:39,94.9,58,38.7,116/80,173,89.3,"Notes severe discomfort, headache, severe blurred vision, dry mouth, frequent urination. immediate attention may be needed.",0
PAT-00366,2024-01-12 09:07:41,98.2,64,36.5,119/70,78,89.3,Patient denies any symptoms or discomfort.,0
PAT-00366,2024-01-13 09:11:45,97.1,106,35.9,146/88,141,89.3,"Patient notes that restlessness, mild coldness, blurred vision.",0
PAT-00366,2024-01-14 08:30:47,97.5,50,37.9,115/78,90,89.3,"Patient notes that slow pulse, body aches.",1
PAT-00366,2024-01-15 09:36:52,96.6,52,37.3,117/79,109,89.3,"Today, patient states fatigue.",1
PAT-00366,2024-01-16 08:10:05,95.2,62,37.2,112/78,85,89.3,No symptoms reported. Vitals are within expected range.,0
PAT-00366,2024-01-17 08:31:55,94.1,52,37.8,117/82,77,89.3,"Patient describes slow pulse, mild fever.",1
PAT-00366,2024-01-18 10:06:44,98.5,87,36.5,182/120,71,89.3,"Indicates chest pain, severe headache. worsening symptoms present.",0
PAT-00366,2024-01-19 08:15:31,94.1,58,37.2,121/81,83,89.3,No symptoms reported. Vitals are within expected range.,0
PAT-00366,2024-01-20 08:13:41,98.5,87,36.7,150/85,72,89.3,Vitals remain within acceptable limits. No issues noted.,0
PAT-00366,2024-01-21 09:59:50,95.5,53,35.9,111/74,73,89.3,"Observes lightheadedness, mild coldness.",1
PAT-00366,2024-01-22 08:47:27,94.1,74,36.7,117/81,86,89.3,Patient denies any symptoms or discomfort.,0
PAT-00366,2024-01-23 08:59:09,96.7,106,37.1,182/112,79,89.3,"Observes anxiety, chest pain, severe headache. immediate attention may be needed.",1
PAT-00366,2024-01-24 08:24:26,96.8,67,37.9,110/80,88,89.3,"Today, patient states night sweats.",0
PAT-00366,2024-01-25 08:33:09,95.3,67,36.6,117/72,85,89.3,Vitals remain within acceptable limits. No issues noted.,0
PAT-00366,2024-01-26 08:27:47,95.9,99,37.1,148/95,107,89.3,No significant complaints today.,0
PAT-00366,2024-01-27 10:51:16,94.7,72,36.2,127/72,85,89.3,No significant complaints today.,0
PAT-00366,2024-01-28 09:59:39,94.2,70,36.7,127/85,90,89.3,Vitals remain within acceptable limits. No issues noted.,0
PAT-00366,2024-01-29 09:32:41,99.1,72,36.1,122/71,89,89.3,Patient denies any symptoms or discomfort.,0
PAT-00366,2024-01-30 10:22:56,91.6,86,37.5,130/92,111,89.3,"Today, patient states dizziness, night sweats.",0
PAT-00367,2024-01-01 10:11:14,98.1,53,35.8,127/78,72,58.3,"Indicates lightheadedness, mild coldness.",1
PAT-00367,2024-01-02 09:34:53,100.0,60,36.8,118/81,113,58.3,No symptoms reported. Vitals are within expected range.,0
PAT-00367,2024-01-03 08:20:27,94.2,95,36.9,136/95,87,58.3,Patient is feeling well with all parameters stable.,0
PAT-00367,2024-01-04 09:49:20,98.1,71,37.4,125/72,85,58.3,Vitals remain within acceptable limits. No issues noted.,0
PAT-00367,2024-01-05 08:09:42,97.9,59,36.4,121/73,99,58.3,Vitals remain within acceptable limits. No issues noted.,0
PAT-00367,2024-01-06 09:19:29,98.6,89,37.3,161/120,74,58.3,Indicates chest tightness.,0
PAT-00367,2024-01-07 09:56:43,96.2,89,37.8,113/71,78,58.3,Notes mild fever.,0
PAT-00367,2024-01-08 10:52:25,95.4,64,37.1,119/72,83,58.3,No significant complaints today.,0
PAT-00367,2024-01-09 10:29:17,95.0,76,37.2,129/81,95,58.3,Patient denies any symptoms or discomfort.,0
PAT-00367,2024-01-10 09:02:50,96.7,54,36.2,126/76,95,58.3,Reports slow pulse.,1
PAT-00367,2024-01-11 08:53:06,95.9,77,35.6,113/79,116,58.3,Patient describes lowered energy.,0
PAT-00367,2024-01-12 08:54:35,96.4,74,36.8,178/118,153,58.3,"Notes chest tightness, severe blurred vision, dry mouth, frequent urination. worsening symptoms present.",0
PAT-00367,2024-01-13 09:01:26,92.6,50,35.9,126/75,109,58.3,"This morning, fatigue, mild coldness.",1
PAT-00367,2024-01-14 09:34:51,97.4,66,35.9,110/72,84,58.3,"This morning, mild coldness.",0
PAT-00367,2024-01-15 08:46:48,91.9,108,35.6,147/94,171,58.3,"Patient notes that shortness of breath, anxiety, lowered energy, severe blurred vision, dry mouth, frequent urination. worsening symptoms present.",0
PAT-00367,2024-01-16 08:30:31,93.8,81,37.3,124/85,71,58.3,No significant complaints today.,0
PAT-00367,2024-01-17 10:51:03,98.2,89,38.3,136/92,72,58.3,"Observes severe discomfort, fever. immediate attention may be needed.",1
PAT-00367,2024-01-18 10:30:27,98.0,73,38.4,120/70,80,58.3,"Indicates chills, muscle aches.",1
PAT-00367,2024-01-19 09:16:18,92.8,70,37.3,112/71,103,58.3,Patient denies any symptoms or discomfort.,0
PAT-00367,2024-01-20 10:16:21,94.8,101,37.3,121/78,110,58.3,"This morning, restlessness.",0
PAT-00367,2024-01-21 08:29:36,94.0,93,37.1,118/70,73,58.3,No significant complaints today.,0
PAT-00367,2024-01-22 08:45:22,96.4,57,38.8,112/83,130,58.3,"Indicates headache, fever, blurred vision.",1
PAT-00367,2024-01-23 09:59:08,97.7,50,37.3,134/94,108,58.3,Patient notes that fatigue.,0
PAT-00367,2024-01-24 09:36:47,93.8,105,37.2,115/83,102,58.3,"This morning, restlessness.",0
PAT-00367,2024-01-25 10:13:59,97.9,59,36.4,118/73,173,58.3,"Indicates severe blurred vision, dry mouth, frequent urination. immediate attention may be needed.",0
PAT-00367,2024-01-26 09:10:13,100.0,61,36.1,127/82,72,58.3,Vitals remain within acceptable limits. No issues noted.,0
PAT-00367,2024-01-27 10:18:17,94.6,102,35.8,121/81,102,58.3,"Indicates restlessness, mild coldness.",1
PAT-00367,2024-01-28 09:08:43,98.1,97,37.1,146/87,76,58.3,No significant complaints today.,0
PAT-00367,2024-01-29 09:21:35,93.4,68,35.6,143/91,96,58.3,Indicates mild coldness.,0
PAT-00367,2024-01-30 10:32:50,96.1,64,36.5,146/92,78,58.3,No significant complaints today.,0
PAT-00368,2024-01-01 10:17:12,96.4,75,35.5,137/90,88,75.0,Reports mild coldness.,0
PAT-00368,2024-01-02 10:00:56,96.6,106,35.5,118/78,157,75.0,"This morning, restlessness, lowered energy, severe blurred vision, dry mouth, frequent urination. immediate attention may be needed.",1
PAT-00368,2024-01-03 10:29:08,97.4,54,36.3,127/83,76,75.0,"This morning, fatigue.",0
PAT-00368,2024-01-04 09:54:57,97.4,108,36.5,137/88,85,75.0,"Today, patient states restlessness.",1
PAT-00368,2024-01-05 08:17:13,99.3,52,38.3,186/112,89,75.0,"Today, patient states slow pulse, severe discomfort, muscle aches, chest pain, severe headache. immediate attention may be needed.",0
PAT-00368,2024-01-06 09:32:34,96.9,87,35.6,114/79,71,75.0,Notes mild coldness.,0
PAT-00368,2024-01-07 08:10:55,92.4,95,36.8,148/90,93,75.0,Vitals remain within acceptable limits. No issues noted.,0
PAT-00368,2024-01-08 08:15:16,93.3,80,36.5,127/76,95,75.0,Patient denies any symptoms or discomfort.,0
PAT-00368,2024-01-09 08:25:44,94.8,99,36.7,149/94,122,75.0,Patient denies any symptoms or discomfort.,0
PAT-00368,2024-01-10 10:52:32,93.9,65,37.0,112/84,78,75.0,Patient denies any symptoms or discomfort.,0
PAT-00368,2024-01-11 09:22:39,98.4,80,38.3,126/82,115,75.0,"Reports chills, severe discomfort. immediate attention may be needed.",0
PAT-00368,2024-01-12 08:36:25,99.2,51,37.3,126/84,75,75.0,Patient describes slow pulse.,1
PAT-00368,2024-01-13 08:08:38,97.0,65,36.7,144/86,117,75.0,Patient is feeling well with all parameters stable.,0
PAT-00368,2024-01-14 10:39:00,94.4,108,35.8,119/78,82,75.0,"Patient notes that anxiety, lowered energy.",0
PAT-00368,2024-01-15 09:23:01,97.5,98,35.8,122/72,92,75.0,"This morning, mild coldness.",0
PAT-00368,2024-01-16 08:17:05,97.3,92,37.0,142/92,76,75.0,No significant complaints today.,0
PAT-00368,2024-01-17 09:02:25,100.0,105,37.3,123/72,79,75.0,Reports restlessness.,0
PAT-00368,2024-01-18 09:49:29,94.3,102,36.5,148/91,88,75.0,Reports palpitations.,0
PAT-00368,2024-01-19 10:35:49,94.2,110,37.1,182/119,92,75.0,"Today, patient states anxiety, chest pain, severe headache. worsening symptoms present.",0
PAT-00368,2024-01-20 10:54:29,94.7,87,38.2,116/80,135,75.0,"Observes headache, chills, frequent urination.",1
PAT-00368,2024-01-21 08:12:02,95.7,82,37.0,138/90,100,75.0,Vitals remain within acceptable limits. No issues noted.,0
PAT-00368,2024-01-22 09:47:17,96.4,64,37.9,138/88,116,75.0,Indicates mild fever.,0
PAT-00368,2024-01-23 08:37:00,94.5,85,37.1,110/85,73,75.0,Vitals remain within acceptable limits. No issues noted.,0
PAT-00368,2024-01-24 10:20:49,100.0,85,36.0,181/118,133,75.0,"Patient describes chest pain, severe headache, frequent urination. worsening symptoms present.",1
PAT-00368,2024-01-25 08:33:13,99.2,70,36.5,141/89,89,75.0,Patient denies any symptoms or discomfort.,0
PAT-00368,2024-01-26 10:16:17,96.2,74,37.2,133/85,115,75.0,Patient is feeling well with all parameters stable.,0
PAT-00368,2024-01-27 09:38:21,95.3,55,37.0,163/101,84,75.0,Patient notes that chest tightness.,1
PAT-00368,2024-01-28 10:45:23,96.8,57,38.8,130/87,85,75.0,"This morning, severe discomfort, chills. worsening symptoms present.",0
PAT-00368,2024-01-29 09:29:24,98.9,94,37.8,115/75,92,75.0,"This morning, night sweats.",0
PAT-00368,2024-01-30 08:57:06,95.0,110,37.0,111/79,95,75.0,Reports restlessness.,1
PAT-00369,2024-01-01 10:59:11,99.1,56,35.5,120/76,116,91.5,Patient notes that lowered energy.,0
PAT-00369,2024-01-02 10:44:45,95.6,94,38.4,127/73,116,91.5,"Observes severe discomfort, headache. immediate attention may be needed.",1
PAT-00369,2024-01-03 08:56:28,96.2,93,38.5,126/80,95,91.5,"Notes fever, severe discomfort. immediate attention may be needed.",0
PAT-00369,2024-01-04 09:48:48,94.9,107,35.6,111/70,111,91.5,"Reports anxiety, lowered energy.",0
PAT-00369,2024-01-05 08:41:37,97.8,52,37.0,180/120,160,91.5,"Reports lightheadedness, vision issues, severe blurred vision, dry mouth, frequent urination. immediate attention may be needed.",0
PAT-00369,2024-01-06 09:10:17,95.5,96,37.4,127/70,122,91.5,No symptoms reported. Vitals are within expected range.,0
PAT-00369,2024-01-07 10:32:03,96.2,60,36.4,116/82,110,91.5,Patient is feeling well with all parameters stable.,0
PAT-00369,2024-01-08 08:24:40,96.5,102,35.6,122/80,90,91.5,"Patient notes that restlessness, lowered energy.",0
PAT-00369,2024-01-09 09:45:51,99.4,52,38.4,136/93,124,91.5,"Patient describes slow pulse, fever, muscle aches.",1
PAT-00369,2024-01-10 09:57:26,95.2,67,37.3,134/87,81,91.5,Vitals remain within acceptable limits. No issues noted.,0
PAT-00369,2024-01-11 08:48:59,99.1,94,36.8,114/76,115,91.5,Patient denies any symptoms or discomfort.,0
PAT-00369,2024-01-12 10:37:16,97.4,55,35.6,111/81,177,91.5,"Patient notes that lowered energy, severe blurred vision, dry mouth, frequent urination. immediate attention may be needed.",1
PAT-00369,2024-01-13 08:08:16,95.7,60,35.9,148/93,98,91.5,Indicates lowered energy.,0
PAT-00369,2024-01-14 10:19:10,94.4,94,37.4,160/111,169,91.5,"Patient notes that vision issues, severe blurred vision, dry mouth, frequent urination. worsening symptoms present.",0
PAT-00369,2024-01-15 08:50:31,98.8,57,36.2,121/73,107,91.5,Patient denies any symptoms or discomfort.,0
PAT-00369,2024-01-16 10:15:43,92.8,75,37.1,137/87,118,91.5,Patient is feeling well with all parameters stable.,0
PAT-00369,2024-01-17 10:51:05,96.5,82,37.2,119/71,94,91.5,Patient is feeling well with all parameters stable.,0
PAT-00369,2024-01-18 09:53:32,96.7,61,35.6,127/73,79,91.5,"Today, patient states lowered energy.",0
PAT-00369,2024-01-19 09:21:49,97.3,60,35.6,142/95,98,91.5,Observes lowered energy.,0
PAT-00369,2024-01-20 10:20:18,93.3,61,36.5,185/115,88,91.5,"Reports chest pain, severe headache. immediate attention may be needed.",1
PAT-00369,2024-01-21 10:53:29,96.6,90,35.9,130/90,85,91.5,Reports mild coldness.,0
PAT-00369,2024-01-22 08:52:10,92.8,87,36.5,124/75,97,91.5,No significant complaints today.,0
PAT-00369,2024-01-23 09:58:26,95.8,95,37.9,130/80,84,91.5,"Today, patient states body aches.",0
PAT-00369,2024-01-24 08:48:47,96.4,72,37.0,126/79,109,91.5,Vitals remain within acceptable limits. No issues noted.,0
PAT-00369,2024-01-25 09:20:09,92.5,61,38.3,113/76,76,91.5,"Patient notes that chills, fever.",0
PAT-00369,2024-01-26 10:13:29,92.3,93,37.3,128/78,71,91.5,No symptoms reported. Vitals are within expected range.,0
PAT-00369,2024-01-27 09:07:11,95.8,75,36.2,145/92,73,91.5,No symptoms reported. Vitals are within expected range.,0
PAT-00369,2024-01-28 08:27:16,97.5,60,36.9,172/101,116,91.5,"This morning, chest tightness.",1
PAT-00369,2024-01-29 08:43:50,94.5,79,35.7,115/84,74,91.5,Patient notes that lowered energy.,0
PAT-00369,2024-01-30 09:21:50,97.2,84,36.8,121/75,89,91.5,Patient is feeling well with all parameters stable.,0
PAT-00370,2024-01-01 09:27:31,95.1,97,36.2,136/95,71,63.7,Patient is feeling well with all parameters stable.,0
PAT-00370,2024-01-02 10:12:52,94.1,60,37.1,177/109,87,63.7,Reports headaches.,1
PAT-00370,2024-01-03 08:05:25,95.8,60,37.5,126/82,167,63.7,"Reports mild fever, severe blurred vision, dry mouth, frequent urination. immediate attention may be needed.",1
PAT-00370,2024-01-04 10:17:49,95.4,95,36.3,130/87,114,63.7,Patient denies any symptoms or discomfort.,0
PAT-00370,2024-01-05 10:14:11,98.1,55,36.8,115/79,79,63.7,Patient is feeling well with all parameters stable.,0
PAT-00370,2024-01-06 08:31:56,95.4,95,36.4,123/74,98,63.7,No significant complaints today.,0
PAT-00370,2024-01-07 10:44:57,94.9,87,36.7,120/83,85,63.7,Patient denies any symptoms or discomfort.,0
PAT-00370,2024-01-08 08:59:00,94.3,92,37.9,135/89,86,63.7,Notes night sweats.,0
PAT-00370,2024-01-09 08:59:41,96.0,71,36.4,139/89,99,63.7,Patient denies any symptoms or discomfort.,0
PAT-00370,2024-01-10 09:04:34,98.3,78,36.9,110/85,122,63.7,No symptoms reported. Vitals are within expected range.,0
PAT-00370,2024-01-11 09:09:15,95.6,68,37.0,178/119,125,63.7,Indicates chest tightness.,0
PAT-00370,2024-01-12 09:37:38,98.9,71,37.8,113/73,98,63.7,"This morning, mild fever.",0
PAT-00370,2024-01-13 08:21:33,94.8,70,36.1,166/115,78,63.7,Patient notes that vision issues.,0
PAT-00370,2024-01-14 09:33:11,96.2,84,38.0,130/84,112,63.7,"Today, patient states muscle aches, chills.",1
PAT-00370,2024-01-15 09:37:13,97.2,59,38.8,110/73,79,63.7,"Patient describes headache, chills.",0
PAT-00370,2024-01-16 08:39:05,99.5,52,36.8,121/84,140,63.7,"This morning, fatigue, frequent urination.",0
PAT-00370,2024-01-17 09:25:29,98.4,83,37.1,117/76,86,63.7,Vitals remain within acceptable limits. No issues noted.,0
PAT-00370,2024-01-18 09:21:08,97.1,71,36.2,173/115,70,63.7,Patient notes that headaches.,1
PAT-00370,2024-01-19 09:12:20,96.7,67,36.8,121/82,80,63.7,Patient is feeling well with all parameters stable.,0
PAT-00370,2024-01-20 09:30:05,97.1,70,37.1,137/89,172,63.7,"Patient notes that severe blurred vision, dry mouth, frequent urination. immediate attention may be needed.",0
PAT-00370,2024-01-21 10:17:00,93.6,69,35.9,138/94,89,63.7,Indicates mild coldness.,0
PAT-00370,2024-01-22 08:42:32,96.1,85,37.3,116/85,118,63.7,Patient denies any symptoms or discomfort.,0
PAT-00370,2024-01-23 09:36:43,95.4,107,36.5,111/78,130,63.7,"Observes anxiety, frequent urination.",0
PAT-00370,2024-01-24 09:12:35,91.1,71,38.2,123/79,91,63.7,"Patient describes low energy, severe discomfort, fever. worsening symptoms present.",0
PAT-00370,2024-01-25 10:08:20,96.0,83,37.0,117/71,80,63.7,Patient is feeling well with all parameters stable.,0
PAT-00370,2024-01-26 08:56:22,94.7,82,37.4,129/82,106,63.7,No symptoms reported. Vitals are within expected range.,0
PAT-00370,2024-01-27 09:00:44,95.0,52,37.4,119/81,122,63.7,Indicates lightheadedness.,1
PAT-00370,2024-01-28 10:19:36,98.0,68,36.5,120/74,86,63.7,No symptoms reported. Vitals are within expected range.,0
PAT-00370,2024-01-29 09:14:56,98.4,97,35.5,126/83,126,63.7,"Patient describes mild coldness, frequent urination.",0
PAT-00370,2024-01-30 10:08:11,96.3,104,36.6,120/76,78,63.7,Patient notes that anxiety.,1
PAT-00371,2024-01-01 10:30:22,92.9,73,36.5,124/79,92,61.1,Patient is feeling well with all parameters stable.,0
PAT-00371,2024-01-02 09:13:10,95.2,89,36.9,135/90,92,61.1,Patient is feeling well with all parameters stable.,0
PAT-00371,2024-01-03 08:44:54,97.0,69,36.8,190/112,84,61.1,"Indicates chest pain, severe headache. worsening symptoms present.",0
PAT-00371,2024-01-04 10:07:31,95.1,60,37.3,117/74,134,61.1,Patient notes that dry mouth.,0
PAT-00371,2024-01-05 08:18:05,99.9,76,36.4,125/76,109,61.1,Vitals remain within acceptable limits. No issues noted.,0
PAT-00371,2024-01-06 09:32:19,98.3,52,35.8,122/80,88,61.1,"Today, patient states fatigue, lowered energy.",0
PAT-00371,2024-01-07 08:02:04,94.0,75,35.9,188/103,91,61.1,"Reports mild coldness, chest pain, severe headache. worsening symptoms present.",1
PAT-00371,2024-01-08 08:15:03,95.5,107,36.5,132/93,77,61.1,Indicates anxiety.,0
PAT-00371,2024-01-09 09:03:47,97.9,80,37.1,117/79,112,61.1,No symptoms reported. Vitals are within expected range.,0
PAT-00371,2024-01-10 09:32:39,95.6,60,38.7,115/77,151,61.1,"Observes headache, chills, severe blurred vision, dry mouth, frequent urination. worsening symptoms present.",0
PAT-00371,2024-01-11 09:37:37,94.5,73,37.1,179/103,123,61.1,Indicates headaches.,0
PAT-00371,2024-01-12 08:06:56,98.9,57,37.4,118/80,76,61.1,Patient is feeling well with all parameters stable.,0
PAT-00371,2024-01-13 08:58:05,96.3,59,38.6,175/109,70,61.1,"Reports chills, severe discomfort, chest tightness. immediate attention may be needed.",1
PAT-00371,2024-01-14 09:15:01,97.4,53,37.0,121/71,72,61.1,Reports slow pulse.,0
PAT-00371,2024-01-15 08:10:07,96.4,80,38.3,111/81,71,61.1,"Today, patient states chills, muscle aches.",0
PAT-00371,2024-01-16 08:43:44,96.6,60,36.9,119/79,113,61.1,Patient denies any symptoms or discomfort.,0
PAT-00371,2024-01-17 09:53:52,94.5,80,36.8,120/77,92,61.1,Vitals remain within acceptable limits. No issues noted.,0
PAT-00371,2024-01-18 09:16:56,95.4,55,36.8,120/75,175,61.1,"Reports severe blurred vision, dry mouth, frequent urination. worsening symptoms present.",0
PAT-00371,2024-01-19 10:49:52,94.8,50,37.2,127/80,98,61.1,Patient notes that slow pulse.,1
PAT-00371,2024-01-20 09:33:27,93.7,97,37.9,119/85,102,61.1,"Today, patient states body aches.",0
PAT-00371,2024-01-21 09:51:02,98.0,102,36.5,110/73,98,61.1,Notes palpitations.,0
PAT-00371,2024-01-22 09:11:57,96.2,57,37.0,123/72,164,61.1,"Patient describes severe blurred vision, dry mouth, frequent urination. immediate attention may be needed.",1
PAT-00371,2024-01-23 08:58:30,91.8,54,36.6,116/78,72,61.1,"Notes low energy, slow pulse.",0
PAT-00371,2024-01-24 09:13:59,96.0,70,35.7,130/89,86,61.1,Notes mild coldness.,0
PAT-00371,2024-01-25 08:38:43,96.4,72,36.6,126/76,131,61.1,Patient notes that frequent urination.,0
PAT-00371,2024-01-26 09:39:40,96.3,67,37.9,118/84,77,61.1,"This morning, night sweats.",0
PAT-00371,2024-01-27 09:28:12,96.2,60,36.9,173/107,117,61.1,Patient notes that headaches.,0
PAT-00371,2024-01-28 09:04:42,95.8,78,36.9,111/71,82,61.1,No significant complaints today.,0
PAT-00371,2024-01-29 08:45:21,96.9,58,37.0,125/85,84,61.1,Vitals remain within acceptable limits. No issues noted.,0
PAT-00371,2024-01-30 08:21:41,95.1,105,38.9,143/87,74,61.1,"Notes anxiety, headache, chills.",1
PAT-00372,2024-01-01 08:35:08,97.6,88,37.3,119/80,111,71.4,Vitals remain within acceptable limits. No issues noted.,0
PAT-00372,2024-01-02 08:17:49,96.4,64,38.8,131/85,119,71.4,"Patient notes that chills, headache.",1
PAT-00372,2024-01-03 08:31:02,97.5,105,37.1,144/86,86,71.4,Reports anxiety.,1
PAT-00372,2024-01-04 09:34:45,93.7,95,36.7,114/84,88,71.4,No significant complaints today.,0
PAT-00372,2024-01-05 09:09:21,96.0,71,38.6,128/72,83,71.4,"Today, patient states muscle aches, severe discomfort. immediate attention may be needed.",1
PAT-00372,2024-01-06 10:57:26,99.8,57,36.0,111/85,77,71.4,Patient denies any symptoms or discomfort.,0
PAT-00372,2024-01-07 08:42:05,96.0,84,37.4,114/72,73,71.4,No symptoms reported. Vitals are within expected range.,0
PAT-00372,2024-01-08 10:50:02,97.5,51,37.3,137/95,86,71.4,Patient describes slow pulse.,0
PAT-00372,2024-01-09 08:00:26,95.3,66,37.1,120/85,74,71.4,Patient is feeling well with all parameters stable.,0
PAT-00372,2024-01-10 09:17:02,93.8,98,37.0,127/70,75,71.4,Vitals remain within acceptable limits. No issues noted.,0
PAT-00372,2024-01-11 09:11:03,93.2,74,36.9,119/79,115,71.4,Patient is feeling well with all parameters stable.,0
PAT-00372,2024-01-12 09:27:41,94.4,68,36.7,137/94,72,71.4,Vitals remain within acceptable limits. No issues noted.,0
PAT-00372,2024-01-13 08:10:35,93.9,53,36.6,184/114,110,71.4,"This morning, lightheadedness, chest pain, severe headache. worsening symptoms present.",1
PAT-00372,2024-01-14 10:40:32,95.5,84,38.0,124/70,124,71.4,"Patient notes that muscle aches, severe discomfort. worsening symptoms present.",1
PAT-00372,2024-01-15 10:36:31,97.1,58,36.0,125/74,99,71.4,No symptoms reported. Vitals are within expected range.,0
PAT-00372,2024-01-16 10:54:50,97.2,103,36.5,128/85,93,71.4,Observes palpitations.,1
PAT-00372,2024-01-17 09:44:31,92.2,88,36.6,121/78,125,71.4,No symptoms reported. Vitals are within expected range.,0
PAT-00372,2024-01-18 10:18:47,95.8,85,36.3,145/91,75,71.4,No significant complaints today.,0
PAT-00372,2024-01-19 10:53:16,97.9,109,37.6,144/94,72,71.4,"Reports restlessness, body aches.",0
PAT-00372,2024-01-20 08:49:51,96.4,90,37.7,165/114,83,71.4,"Patient describes body aches, chest tightness.",1
PAT-00372,2024-01-21 08:07:48,94.3,84,37.0,130/81,85,71.4,No symptoms reported. Vitals are within expected range.,0
PAT-00372,2024-01-22 09:22:09,97.7,96,38.4,112/73,76,71.4,"Indicates muscle aches, chills.",1
PAT-00372,2024-01-23 09:18:26,100.0,105,36.6,142/91,110,71.4,"This morning, restlessness.",1
PAT-00372,2024-01-24 10:34:25,93.8,102,35.6,122/79,81,71.4,"Patient describes palpitations, lowered energy.",0
PAT-00372,2024-01-25 08:32:04,95.9,69,37.9,118/75,72,71.4,"This morning, mild fever.",0
PAT-00372,2024-01-26 10:47:02,93.4,80,37.1,112/82,85,71.4,No significant complaints today.,0
PAT-00372,2024-01-27 08:24:44,93.8,51,36.1,129/77,110,71.4,Patient notes that lightheadedness.,1
PAT-00372,2024-01-28 08:18:00,95.7,73,36.8,146/90,87,71.4,Patient denies any symptoms or discomfort.,0
PAT-00372,2024-01-29 10:05:43,95.9,66,36.9,120/74,95,71.4,Vitals remain within acceptable limits. No issues noted.,0
PAT-00372,2024-01-30 08:44:17,98.0,74,38.8,111/75,102,71.4,"Patient describes headache, severe discomfort. immediate attention may be needed.",0
PAT-00373,2024-01-01 08:34:50,94.8,82,35.8,117/83,96,45.4,Indicates lowered energy.,0
PAT-00373,2024-01-02 08:38:38,99.9,52,37.1,181/104,97,45.4,"Observes lightheadedness, chest pain, severe headache. worsening symptoms present.",0
PAT-00373,2024-01-03 10:50:46,96.9,65,37.2,150/90,102,45.4,No significant complaints today.,0
PAT-00373,2024-01-04 10:06:17,96.6,71,38.4,141/94,176,45.4,"Today, patient states chills, muscle aches, severe blurred vision, dry mouth, frequent urination. worsening symptoms present.",1
PAT-00373,2024-01-05 09:00:21,96.3,58,37.1,113/73,98,45.4,Patient is feeling well with all parameters stable.,0
PAT-00373,2024-01-06 08:46:26,95.8,93,37.3,117/85,94,45.4,No significant complaints today.,0
PAT-00373,2024-01-07 08:19:11,94.8,54,37.0,121/72,74,45.4,"Today, patient states fatigue.",1
PAT-00373,2024-01-08 10:22:35,95.1,103,36.7,118/76,76,45.4,Reports palpitations.,0
PAT-00373,2024-01-09 09:50:48,96.5,109,37.3,116/74,92,45.4,Patient describes anxiety.,0
PAT-00373,2024-01-10 10:55:31,91.3,57,36.9,161/116,95,45.4,"Patient notes that shortness of breath, vision issues.",0
PAT-00373,2024-01-11 09:00:27,100.0,67,37.4,170/103,112,45.4,Notes chest tightness.,1
PAT-00373,2024-01-12 10:52:16,98.1,71,36.6,138/93,76,45.4,Patient is feeling well with all parameters stable.,0
PAT-00373,2024-01-13 10:27:03,96.0,83,36.8,143/90,92,45.4,No symptoms reported. Vitals are within expected range.,0
PAT-00373,2024-01-14 08:34:07,97.5,94,37.3,132/93,143,45.4,Indicates blurred vision.,0
PAT-00373,2024-01-15 09:15:44,96.9,59,36.6,111/79,88,45.4,Vitals remain within acceptable limits. No issues noted.,0
PAT-00373,2024-01-16 10:57:59,94.1,65,36.5,119/77,106,45.4,No symptoms reported. Vitals are within expected range.,0
PAT-00373,2024-01-17 09:00:47,96.0,73,37.0,116/71,75,45.4,Patient denies any symptoms or discomfort.,0
PAT-00373,2024-01-18 08:58:24,100.0,102,36.2,127/74,121,45.4,Patient describes restlessness.,0
PAT-00373,2024-01-19 08:47:33,95.4,80,36.6,117/79,93,45.4,Vitals remain within acceptable limits. No issues noted.,0
PAT-00373,2024-01-20 08:06:31,95.8,54,37.4,149/90,77,45.4,Indicates slow pulse.,1
PAT-00373,2024-01-21 10:33:38,91.2,74,37.8,150/91,79,45.4,"Today, patient states dizziness, mild fever.",0
PAT-00373,2024-01-22 08:20:17,96.3,105,37.6,121/82,100,45.4,"Patient describes anxiety, mild fever.",0
PAT-00373,2024-01-23 08:43:30,96.9,56,37.2,115/75,79,45.4,No significant complaints today.,0
PAT-00373,2024-01-24 10:04:39,96.1,107,36.3,113/71,94,45.4,Patient notes that palpitations.,0
PAT-00373,2024-01-25 10:50:20,95.7,66,35.8,144/88,122,45.4,Patient notes that mild coldness.,0
PAT-00373,2024-01-26 08:49:00,95.6,56,37.0,125/74,96,45.4,Patient denies any symptoms or discomfort.,0
PAT-00373,2024-01-27 08:58:29,98.4,76,37.1,113/78,83,45.4,Vitals remain within acceptable limits. No issues noted.,0
PAT-00373,2024-01-28 09:30:05,94.7,99,38.9,128/77,161,45.4,"Indicates headache, muscle aches, severe blurred vision, dry mouth, frequent urination. worsening symptoms present.",0
PAT-00373,2024-01-29 10:32:43,98.4,80,36.0,175/106,116,45.4,"This morning, chest tightness.",1
PAT-00373,2024-01-30 09:23:57,97.5,105,37.4,123/71,90,45.4,Notes palpitations.,1
PAT-00374,2024-01-01 08:57:19,95.8,73,36.9,148/85,75,77.6,Patient denies any symptoms or discomfort.,0
PAT-00374,2024-01-02 10:24:49,94.2,77,35.7,162/113,83,77.6,"Reports lowered energy, chest tightness.",0
PAT-00374,2024-01-03 10:37:03,94.7,89,38.7,128/71,73,77.6,"This morning, chills, fever.",1
PAT-00374,2024-01-04 09:44:56,95.7,106,35.6,188/107,99,77.6,"Patient describes palpitations, mild coldness, chest pain, severe headache. worsening symptoms present.",0
PAT-00374,2024-01-05 10:42:28,95.4,82,37.4,112/79,83,77.6,No symptoms reported. Vitals are within expected range.,0
PAT-00374,2024-01-06 08:48:05,91.1,64,37.2,126/83,124,77.6,Reports low energy.,1
PAT-00374,2024-01-07 10:09:07,97.3,68,38.3,125/80,105,77.6,"Notes muscle aches, chills.",0
PAT-00374,2024-01-08 10:34:27,94.2,66,36.2,115/74,99,77.6,No symptoms reported. Vitals are within expected range.,0
PAT-00374,2024-01-09 09:03:42,99.9,55,36.8,111/84,80,77.6,Patient denies any symptoms or discomfort.,0
PAT-00374,2024-01-10 08:17:30,99.8,86,36.6,148/95,98,77.6,No symptoms reported. Vitals are within expected range.,0
PAT-00374,2024-01-11 08:49:24,94.5,98,39.0,164/117,97,77.6,"Indicates severe discomfort, headache, vision issues. immediate attention may be needed.",1
PAT-00374,2024-01-12 10:59:15,95.2,52,37.9,123/82,152,77.6,"Patient describes fatigue, body aches, severe blurred vision, dry mouth, frequent urination. immediate attention may be needed.",1
PAT-00374,2024-01-13 10:59:44,97.8,72,36.9,113/73,92,77.6,Vitals remain within acceptable limits. No issues noted.,0
PAT-00374,2024-01-14 09:53:08,93.5,94,37.1,165/102,78,77.6,Reports headaches.,0
PAT-00374,2024-01-15 10:22:08,95.2,73,36.9,142/90,76,77.6,No symptoms reported. Vitals are within expected range.,0
PAT-00374,2024-01-16 09:52:28,94.2,87,37.9,144/88,89,77.6,Patient notes that body aches.,0
PAT-00374,2024-01-17 09:30:47,98.4,100,36.5,171/113,86,77.6,"This morning, vision issues.",0
PAT-00374,2024-01-18 09:10:29,97.6,105,36.1,113/80,167,77.6,"Reports restlessness, severe blurred vision, dry mouth, frequent urination. immediate attention may be needed.",0
PAT-00374,2024-01-19 10:29:31,93.3,50,36.7,110/72,95,77.6,Notes slow pulse.,0
PAT-00374,2024-01-20 09:27:18,98.5,110,36.8,126/71,77,77.6,Observes restlessness.,0
PAT-00374,2024-01-21 09:07:04,94.1,55,36.2,123/79,101,77.6,Patient denies any symptoms or discomfort.,0
PAT-00374,2024-01-22 09:13:19,96.7,95,36.3,115/75,81,77.6,Patient denies any symptoms or discomfort.,0
PAT-00374,2024-01-23 09:59:58,96.4,63,37.4,126/73,114,77.6,No symptoms reported. Vitals are within expected range.,0
PAT-00374,2024-01-24 09:57:14,94.2,61,36.6,129/71,93,77.6,No symptoms reported. Vitals are within expected range.,0
PAT-00374,2024-01-25 09:32:04,93.5,58,36.9,166/113,89,77.6,"This morning, chest tightness.",1
PAT-00374,2024-01-26 10:43:29,96.5,85,36.1,113/77,124,77.6,Patient is feeling well with all parameters stable.,0
PAT-00374,2024-01-27 10:34:47,95.3,57,37.0,114/78,90,77.6,No symptoms reported. Vitals are within expected range.,0
PAT-00374,2024-01-28 08:19:15,97.5,52,38.2,118/70,98,77.6,"Reports fatigue, fever, muscle aches.",0
PAT-00374,2024-01-29 10:03:47,96.3,107,37.1,132/95,87,77.6,"Today, patient states palpitations.",0
PAT-00374,2024-01-30 10:29:43,91.9,80,36.9,114/78,120,77.6,Indicates shortness of breath.,0
PAT-00375,2024-01-01 08:42:55,95.5,73,37.3,120/78,161,62.8,"Patient notes that severe blurred vision, dry mouth, frequent urination. immediate attention may be needed.",0
PAT-00375,2024-01-02 08:06:00,98.3,94,36.6,132/95,94,62.8,Patient is feeling well with all parameters stable.,0
PAT-00375,2024-01-03 10:12:17,96.3,90,36.7,111/84,116,62.8,No significant complaints today.,0
PAT-00375,2024-01-04 08:27:43,95.4,84,36.8,190/112,77,62.8,"This morning, chest pain, severe headache. worsening symptoms present.",0
PAT-00375,2024-01-05 09:36:12,95.1,88,36.9,118/85,146,62.8,"Today, patient states dry mouth.",0
PAT-00375,2024-01-06 10:21:56,96.9,109,37.1,145/93,124,62.8,Observes restlessness.,1
PAT-00375,2024-01-07 08:33:53,96.0,73,37.4,123/79,75,62.8,No significant complaints today.,0
PAT-00375,2024-01-08 10:09:09,94.1,68,36.4,139/86,97,62.8,No significant complaints today.,0
PAT-00375,2024-01-09 08:58:47,97.0,109,36.5,182/113,115,62.8,"Patient notes that restlessness, chest pain, severe headache. immediate attention may be needed.",1
PAT-00375,2024-01-10 08:54:07,96.7,50,36.5,114/85,77,62.8,Patient notes that slow pulse.,1
PAT-00375,2024-01-11 08:03:28,97.5,85,35.7,128/71,74,62.8,Indicates lowered energy.,0
PAT-00375,2024-01-12 09:30:54,96.2,110,36.9,110/85,121,62.8,Patient describes restlessness.,0
PAT-00375,2024-01-13 08:16:30,91.5,98,36.6,121/80,96,62.8,Reports shortness of breath.,0
PAT-00375,2024-01-14 10:35:40,94.9,94,35.7,116/78,91,62.8,"Today, patient states lowered energy.",0
PAT-00375,2024-01-15 09:21:42,95.3,57,37.0,120/79,76,62.8,Vitals remain within acceptable limits. No issues noted.,0
PAT-00375,2024-01-16 08:27:31,92.8,85,38.8,127/76,150,62.8,"Patient describes headache, severe discomfort, severe blurred vision, dry mouth, frequent urination. worsening symptoms present.",0
PAT-00375,2024-01-17 10:27:33,97.8,88,35.9,144/94,89,62.8,Observes mild coldness.,0
PAT-00375,2024-01-18 08:34:10,95.0,100,37.1,137/95,89,62.8,No symptoms reported. Vitals are within expected range.,0
PAT-00375,2024-01-19 09:17:14,97.7,62,36.1,142/95,84,62.8,No significant complaints today.,0
PAT-00375,2024-01-20 08:16:54,99.7,108,37.8,114/75,97,62.8,"Patient describes palpitations, night sweats.",0
PAT-00375,2024-01-21 10:50:54,96.1,88,35.7,143/91,92,62.8,Patient describes lowered energy.,0
PAT-00375,2024-01-22 09:16:02,97.8,102,36.9,118/82,75,62.8,Observes restlessness.,0
PAT-00375,2024-01-23 10:00:00,93.0,96,37.1,116/73,76,62.8,No significant complaints today.,0
PAT-00375,2024-01-24 10:44:29,96.5,76,36.1,111/84,84,62.8,Vitals remain within acceptable limits. No issues noted.,0
PAT-00375,2024-01-25 09:42:22,98.3,58,35.7,117/73,76,62.8,"This morning, mild coldness.",0
PAT-00375,2024-01-26 10:23:21,90.9,64,37.2,128/83,78,62.8,"Today, patient states low energy.",0
PAT-00375,2024-01-27 10:50:44,96.5,82,36.2,130/83,103,62.8,Patient is feeling well with all parameters stable.,0
PAT-00375,2024-01-28 10:22:20,94.9,98,38.0,117/79,129,62.8,"Reports muscle aches, severe discomfort, frequent urination. immediate attention may be needed.",0
PAT-00375,2024-01-29 10:11:20,98.5,55,36.5,127/71,95,62.8,Vitals remain within acceptable limits. No issues noted.,0
PAT-00375,2024-01-30 10:32:25,92.7,109,36.7,175/115,121,62.8,"Indicates palpitations, vision issues.",1
PAT-00376,2024-01-01 09:01:23,96.8,51,37.0,112/70,169,108.0,"Patient notes that lightheadedness, severe blurred vision, dry mouth, frequent urination. worsening symptoms present.",0
PAT-00376,2024-01-02 09:35:15,96.0,59,36.7,129/80,74,108.0,Patient denies any symptoms or discomfort.,0
PAT-00376,2024-01-03 08:03:01,93.9,108,36.1,123/76,131,108.0,"Patient describes anxiety, blurred vision.",0
PAT-00376,2024-01-04 10:40:25,94.2,97,37.2,136/86,151,108.0,"Observes severe blurred vision, dry mouth, frequent urination. worsening symptoms present.",1
PAT-00376,2024-01-05 09:39:14,96.6,74,36.1,136/90,71,108.0,No symptoms reported. Vitals are within expected range.,0
PAT-00376,2024-01-06 08:33:02,95.7,50,35.6,142/86,92,108.0,"Indicates slow pulse, lowered energy.",0
PAT-00376,2024-01-07 08:38:11,92.3,86,37.3,139/95,108,108.0,Patient denies any symptoms or discomfort.,0
PAT-00376,2024-01-08 10:10:15,100.0,98,37.0,147/87,74,108.0,No significant complaints today.,0
PAT-00376,2024-01-09 09:05:22,95.5,80,36.3,170/103,80,108.0,Patient notes that chest tightness.,0
PAT-00376,2024-01-10 08:32:55,95.2,71,36.8,119/81,119,108.0,No symptoms reported. Vitals are within expected range.,0
PAT-00376,2024-01-11 08:39:58,96.2,73,36.4,150/94,95,108.0,Patient is feeling well with all parameters stable.,0
PAT-00376,2024-01-12 08:14:33,97.3,103,36.7,147/91,125,108.0,Reports palpitations.,0
PAT-00376,2024-01-13 10:44:34,92.9,53,37.1,148/89,93,108.0,Indicates slow pulse.,0
PAT-00376,2024-01-14 08:47:31,94.1,93,37.3,114/70,143,108.0,Notes blurred vision.,0
PAT-00376,2024-01-15 08:31:18,96.5,102,36.7,133/94,86,108.0,Observes palpitations.,1
PAT-00376,2024-01-16 09:14:13,95.0,80,36.7,125/76,70,108.0,No symptoms reported. Vitals are within expected range.,0
PAT-00376,2024-01-17 10:02:25,95.1,65,37.0,129/72,172,108.0,"Today, patient states severe blurred vision, dry mouth, frequent urination. worsening symptoms present.",0
PAT-00376,2024-01-18 09:06:00,94.6,80,37.3,188/108,98,108.0,"Patient describes chest pain, severe headache. immediate attention may be needed.",0
PAT-00376,2024-01-19 08:07:17,95.3,104,36.9,186/112,85,108.0,"Patient describes palpitations, chest pain, severe headache. immediate attention may be needed.",1
PAT-00376,2024-01-20 10:06:25,95.0,69,37.0,142/86,119,108.0,No significant complaints today.,0
PAT-00376,2024-01-21 10:44:22,94.7,66,37.1,111/83,97,108.0,No significant complaints today.,0
PAT-00376,2024-01-22 09:15:04,97.7,59,36.7,139/90,175,108.0,"This morning, severe blurred vision, dry mouth, frequent urination. worsening symptoms present.",0
PAT-00376,2024-01-23 10:12:46,95.3,73,37.3,114/73,119,108.0,Patient is feeling well with all parameters stable.,0
PAT-00376,2024-01-24 09:04:45,94.3,72,37.9,140/89,77,108.0,Notes body aches.,0
PAT-00376,2024-01-25 10:08:27,97.5,53,37.8,115/83,137,108.0,"Observes lightheadedness, night sweats, frequent urination.",0
PAT-00376,2024-01-26 09:20:36,93.8,102,36.8,135/91,76,108.0,"Today, patient states restlessness.",1
PAT-00376,2024-01-27 08:44:53,99.0,81,37.0,135/92,122,108.0,No significant complaints today.,0
PAT-00376,2024-01-28 10:54:02,98.3,75,38.0,143/91,152,108.0,"Patient notes that fever, headache, severe blurred vision, dry mouth, frequent urination. worsening symptoms present.",0
PAT-00376,2024-01-29 09:45:46,98.5,110,35.9,148/87,90,108.0,"Notes anxiety, lowered energy.",0
PAT-00376,2024-01-30 09:47:56,94.8,92,36.6,144/91,79,108.0,No significant complaints today.,0
PAT-00377,2024-01-01 10:15:11,95.8,75,37.2,117/78,87,81.2,Vitals remain within acceptable limits. No issues noted.,0
PAT-00377,2024-01-02 08:00:55,100.0,91,37.0,181/110,119,81.2,"Notes chest pain, severe headache. worsening symptoms present.",1
PAT-00377,2024-01-03 08:56:59,92.2,75,35.7,111/83,89,81.2,Indicates mild coldness.,0
PAT-00377,2024-01-04 08:05:47,97.4,59,36.7,124/74,158,81.2,"Patient notes that severe blurred vision, dry mouth, frequent urination. worsening symptoms present.",1
PAT-00377,2024-01-05 08:09:52,97.4,85,35.7,110/75,129,81.2,"Observes lowered energy, dry mouth.",0
PAT-00377,2024-01-06 08:33:57,95.9,76,37.4,130/76,83,81.2,Vitals remain within acceptable limits. No issues noted.,0
PAT-00377,2024-01-07 10:26:02,91.9,83,36.1,112/81,96,81.2,Patient describes low energy.,1
PAT-00377,2024-01-08 10:13:48,95.5,79,36.5,127/72,90,81.2,Patient denies any symptoms or discomfort.,0
PAT-00377,2024-01-09 09:30:21,96.2,86,37.0,110/79,109,81.2,No significant complaints today.,0
PAT-00377,2024-01-10 10:44:13,93.2,82,36.6,111/85,115,81.2,No symptoms reported. Vitals are within expected range.,0
PAT-00377,2024-01-11 09:42:32,94.4,61,36.9,115/75,92,81.2,Patient is feeling well with all parameters stable.,0
PAT-00377,2024-01-12 10:34:02,98.3,78,37.0,129/80,77,81.2,Vitals remain within acceptable limits. No issues noted.,0
PAT-00377,2024-01-13 09:28:45,94.2,89,38.4,122/76,70,81.2,"Reports muscle aches, severe discomfort. immediate attention may be needed.",0
PAT-00377,2024-01-14 09:34:56,98.4,82,35.7,116/85,117,81.2,Observes lowered energy.,0
PAT-00377,2024-01-15 09:55:58,98.2,54,37.0,114/81,72,81.2,Observes slow pulse.,1
PAT-00377,2024-01-16 10:03:51,96.4,101,36.8,141/85,157,81.2,"Notes restlessness, severe blurred vision, dry mouth, frequent urination. immediate attention may be needed.",1
PAT-00377,2024-01-17 10:52:23,95.3,60,37.2,130/94,98,81.2,Patient denies any symptoms or discomfort.,0
PAT-00377,2024-01-18 08:18:39,96.8,83,36.7,126/76,80,81.2,Patient is feeling well with all parameters stable.,0
PAT-00377,2024-01-19 09:49:22,95.8,52,36.8,126/85,162,81.2,"Patient notes that lightheadedness, severe blurred vision, dry mouth, frequent urination. worsening symptoms present.",1
PAT-00377,2024-01-20 09:14:00,95.8,83,38.2,124/84,85,81.2,"Patient describes severe discomfort, fever. worsening symptoms present.",1
PAT-00377,2024-01-21 10:06:15,96.5,91,37.1,171/114,80,81.2,Reports headaches.,0
PAT-00377,2024-01-22 08:06:26,95.4,90,35.8,128/82,74,81.2,"Today, patient states mild coldness.",0
PAT-00377,2024-01-23 08:34:57,93.4,63,37.0,122/81,72,81.2,Patient is feeling well with all parameters stable.,0
PAT-00377,2024-01-24 10:16:13,94.5,64,36.6,129/78,99,81.2,Patient denies any symptoms or discomfort.,0
PAT-00377,2024-01-25 08:33:44,94.8,84,36.4,119/70,153,81.2,"Notes severe blurred vision, dry mouth, frequent urination. immediate attention may be needed.",0
PAT-00377,2024-01-26 08:34:19,94.5,71,37.3,115/79,114,81.2,No symptoms reported. Vitals are within expected range.,0
PAT-00377,2024-01-27 10:29:12,96.1,100,36.4,124/73,160,81.2,"This morning, severe blurred vision, dry mouth, frequent urination. worsening symptoms present.",0
PAT-00377,2024-01-28 09:13:15,96.9,86,36.9,114/76,94,81.2,Patient denies any symptoms or discomfort.,0
PAT-00377,2024-01-29 09:07:10,96.4,93,35.7,120/78,95,81.2,Indicates lowered energy.,0
PAT-00377,2024-01-30 09:19:49,94.6,86,36.9,142/92,78,81.2,Patient denies any symptoms or discomfort.,0
PAT-00378,2024-01-01 08:43:24,96.4,63,37.7,138/88,80,71.7,"Today, patient states night sweats.",0
PAT-00378,2024-01-02 08:34:09,97.2,53,37.0,115/72,103,71.7,Patient notes that lightheadedness.,1
PAT-00378,2024-01-03 08:49:57,95.0,99,36.8,130/83,90,71.7,No symptoms reported. Vitals are within expected range.,0
PAT-00378,2024-01-04 09:05:26,94.8,53,37.1,121/80,125,71.7,Indicates fatigue.,0
PAT-00378,2024-01-05 09:05:18,98.3,71,38.1,144/89,115,71.7,"Patient notes that chills, muscle aches.",0
PAT-00378,2024-01-06 09:33:41,97.6,60,35.6,120/85,150,71.7,"Reports lowered energy, severe blurred vision, dry mouth, frequent urination. immediate attention may be needed.",0
PAT-00378,2024-01-07 08:19:56,94.0,98,37.5,125/84,88,71.7,Indicates body aches.,0
PAT-00378,2024-01-08 08:49:48,93.8,62,37.1,148/92,148,71.7,Patient notes that dry mouth.,0
PAT-00378,2024-01-09 10:45:18,98.1,100,36.4,116/84,96,71.7,Vitals remain within acceptable limits. No issues noted.,0
PAT-00378,2024-01-10 09:58:55,95.5,60,37.1,145/86,76,71.7,No significant complaints today.,0
PAT-00378,2024-01-11 08:59:37,96.7,103,36.5,128/74,113,71.7,"This morning, palpitations.",1
PAT-00378,2024-01-12 08:57:43,93.6,60,37.1,124/77,101,71.7,No significant complaints today.,0
PAT-00378,2024-01-13 08:16:28,96.7,100,38.8,174/101,124,71.7,"Reports severe discomfort, headache, headaches. immediate attention may be needed.",0
PAT-00378,2024-01-14 08:31:19,95.8,55,38.8,110/73,169,71.7,"Patient notes that fever, muscle aches, severe blurred vision, dry mouth, frequent urination. worsening symptoms present.",1
PAT-00378,2024-01-15 08:04:55,98.9,77,38.6,121/85,124,71.7,"Patient notes that fever, headache.",0
PAT-00378,2024-01-16 09:17:16,94.5,104,37.2,147/90,117,71.7,Notes anxiety.,1
PAT-00378,2024-01-17 08:39:29,93.6,84,36.7,122/75,131,71.7,Patient describes frequent urination.,0
PAT-00378,2024-01-18 10:50:47,96.8,75,36.9,138/93,94,71.7,No significant complaints today.,0
PAT-00378,2024-01-19 08:02:32,95.8,83,37.2,119/73,140,71.7,Patient notes that frequent urination.,0
PAT-00378,2024-01-20 10:00:17,97.5,57,38.2,144/86,86,71.7,"Today, patient states headache, severe discomfort. immediate attention may be needed.",0
PAT-00378,2024-01-21 09:47:40,99.0,72,35.8,135/91,137,71.7,"This morning, mild coldness, frequent urination.",0
PAT-00378,2024-01-22 09:05:15,96.0,54,37.9,111/72,84,71.7,"Indicates fatigue, body aches.",0
PAT-00378,2024-01-23 10:44:27,94.8,98,36.0,112/74,80,71.7,No symptoms reported. Vitals are within expected range.,0
PAT-00378,2024-01-24 10:37:59,95.8,70,37.2,110/73,91,71.7,No significant complaints today.,0
PAT-00378,2024-01-25 10:30:44,93.6,85,35.7,125/76,98,71.7,Observes lowered energy.,0
PAT-00378,2024-01-26 09:36:13,97.4,90,36.9,147/95,81,71.7,No significant complaints today.,0
PAT-00378,2024-01-27 08:43:29,96.5,99,36.2,124/70,108,71.7,No significant complaints today.,0
PAT-00378,2024-01-28 09:05:40,96.0,74,35.8,137/95,84,71.7,Reports lowered energy.,0
PAT-00378,2024-01-29 09:48:34,96.0,80,37.1,124/75,88,71.7,No symptoms reported. Vitals are within expected range.,0
PAT-00378,2024-01-30 09:00:52,96.0,58,36.7,128/72,89,71.7,No symptoms reported. Vitals are within expected range.,0
PAT-00379,2024-01-01 10:56:12,95.7,76,36.6,115/83,139,56.6,Patient notes that dry mouth.,0
PAT-00379,2024-01-02 08:10:50,96.8,100,35.9,176/115,99,56.6,"This morning, lowered energy, chest tightness.",1
PAT-00379,2024-01-03 08:56:40,96.8,54,35.7,118/83,97,56.6,"Observes fatigue, mild coldness.",1
PAT-00379,2024-01-04 10:24:24,95.5,109,35.8,130/78,80,56.6,"Today, patient states anxiety, lowered energy.",0
PAT-00379,2024-01-05 08:30:17,98.0,92,36.3,116/73,122,56.6,No significant complaints today.,0
PAT-00379,2024-01-06 09:44:48,97.1,94,36.7,114/85,78,56.6,No significant complaints today.,0
PAT-00379,2024-01-07 09:25:58,96.7,94,36.4,178/113,73,56.6,Indicates chest tightness.,0
PAT-00379,2024-01-08 10:15:39,98.8,102,38.0,161/117,76,56.6,"Observes anxiety, severe discomfort, chills, chest tightness. immediate attention may be needed.",0
PAT-00379,2024-01-09 08:45:50,97.3,83,35.8,114/78,72,56.6,Patient notes that lowered energy.,0
PAT-00379,2024-01-10 09:12:32,98.3,60,36.9,123/70,80,56.6,No symptoms reported. Vitals are within expected range.,0
PAT-00379,2024-01-11 08:24:10,94.6,93,38.7,124/80,113,56.6,"This morning, chills, headache.",0
PAT-00379,2024-01-12 10:14:46,96.5,84,36.9,137/86,135,56.6,Observes dry mouth.,0
PAT-00379,2024-01-13 09:53:31,100.0,105,36.6,136/92,88,56.6,Patient describes anxiety.,0
PAT-00379,2024-01-14 10:56:32,91.1,54,37.1,130/76,116,56.6,"Patient notes that dizziness, slow pulse.",1
PAT-00379,2024-01-15 10:38:24,100.0,109,38.6,127/73,76,56.6,"This morning, palpitations, chills, fever.",0
PAT-00379,2024-01-16 09:17:12,94.6,89,38.5,115/70,76,56.6,"Today, patient states chills, muscle aches.",0
PAT-00379,2024-01-17 09:17:14,95.2,58,37.5,110/81,72,56.6,Patient notes that night sweats.,0
PAT-00379,2024-01-18 10:11:28,96.2,75,36.5,126/77,124,56.6,No symptoms reported. Vitals are within expected range.,0
PAT-00379,2024-01-19 09:54:44,90.7,103,36.7,123/81,129,56.6,"Today, patient states dizziness, restlessness, frequent urination.",0
PAT-00379,2024-01-20 10:33:11,98.4,67,37.1,115/83,113,56.6,Patient denies any symptoms or discomfort.,0
PAT-00379,2024-01-21 09:25:12,97.9,82,37.2,132/90,75,56.6,No symptoms reported. Vitals are within expected range.,0
PAT-00379,2024-01-22 09:28:26,97.9,104,36.5,119/83,112,56.6,Patient describes palpitations.,0
PAT-00379,2024-01-23 09:26:44,95.3,56,36.1,111/78,108,56.6,Patient denies any symptoms or discomfort.,0
PAT-00379,2024-01-24 09:34:37,97.6,101,36.2,121/71,71,56.6,Indicates restlessness.,0
PAT-00379,2024-01-25 08:26:08,98.0,71,38.4,124/85,113,56.6,"This morning, fever, headache.",0
PAT-00379,2024-01-26 10:39:55,94.8,107,35.6,112/74,117,56.6,"Indicates palpitations, mild coldness.",0
PAT-00379,2024-01-27 09:40:25,97.4,60,36.6,147/87,98,56.6,No significant complaints today.,0
PAT-00379,2024-01-28 09:52:53,96.2,70,37.7,126/82,87,56.6,"This morning, mild fever.",0
PAT-00379,2024-01-29 09:14:17,99.4,75,35.8,113/78,91,56.6,Reports mild coldness.,0
PAT-00379,2024-01-30 09:15:05,99.6,81,37.8,125/84,83,56.6,Observes mild fever.,0
PAT-00380,2024-01-01 10:14:23,94.6,105,37.0,127/78,133,53.5,"Indicates restlessness, blurred vision.",0
PAT-00380,2024-01-02 09:23:00,96.9,103,35.7,121/70,79,53.5,"Indicates restlessness, lowered energy.",0
PAT-00380,2024-01-03 09:20:58,97.8,65,37.3,122/83,83,53.5,No significant complaints today.,0
PAT-00380,2024-01-04 10:04:20,96.4,101,36.8,124/70,95,53.5,Reports anxiety.,0
PAT-00380,2024-01-05 09:52:38,93.3,58,36.9,184/108,111,53.5,"Reports chest pain, severe headache. immediate attention may be needed.",0
PAT-00380,2024-01-06 10:13:59,95.4,58,36.5,147/86,174,53.5,"Patient describes severe blurred vision, dry mouth, frequent urination. immediate attention may be needed.",1
PAT-00380,2024-01-07 08:50:00,97.3,108,36.5,120/82,124,53.5,Notes palpitations.,1
PAT-00380,2024-01-08 10:21:14,94.7,94,37.0,180/105,95,53.5,Indicates chest tightness.,1
PAT-00380,2024-01-09 10:16:54,95.0,92,37.4,120/72,90,53.5,Vitals remain within acceptable limits. No issues noted.,0
PAT-00380,2024-01-10 08:48:51,95.0,75,35.5,141/94,83,53.5,Reports mild coldness.,0
PAT-00380,2024-01-11 09:47:17,93.2,53,36.8,128/82,93,53.5,Reports lightheadedness.,1
PAT-00380,2024-01-12 09:24:16,95.0,61,38.0,136/94,99,53.5,"Indicates chills, severe discomfort. worsening symptoms present.",0
PAT-00380,2024-01-13 09:44:40,95.0,71,38.1,132/89,172,53.5,"Notes chills, fever, severe blurred vision, dry mouth, frequent urination. immediate attention may be needed.",1
PAT-00380,2024-01-14 09:33:04,95.3,73,36.5,126/82,121,53.5,No significant complaints today.,0
PAT-00380,2024-01-15 08:02:34,97.0,102,36.1,165/101,114,53.5,"Notes restlessness, headaches.",1
PAT-00380,2024-01-16 08:28:01,97.5,90,36.2,111/73,95,53.5,Vitals remain within acceptable limits. No issues noted.,0
PAT-00380,2024-01-17 10:49:51,93.5,101,36.3,124/82,136,53.5,"Patient describes palpitations, frequent urination.",1
PAT-00380,2024-01-18 10:26:15,96.8,84,38.9,122/71,105,53.5,"This morning, fever, headache.",1
PAT-00380,2024-01-19 09:35:42,94.6,82,38.4,123/71,99,53.5,"Patient describes muscle aches, severe discomfort. worsening symptoms present.",1
PAT-00380,2024-01-20 10:42:38,93.1,59,36.8,125/81,96,53.5,No symptoms reported. Vitals are within expected range.,0
PAT-00380,2024-01-21 09:07:57,98.1,58,37.1,121/73,82,53.5,Patient is feeling well with all parameters stable.,0
PAT-00380,2024-01-22 08:19:13,95.0,80,37.8,174/116,158,53.5,"Patient notes that mild fever, vision issues, severe blurred vision, dry mouth, frequent urination. worsening symptoms present.",0
PAT-00380,2024-01-23 09:04:01,95.2,77,37.2,127/75,82,53.5,Patient is feeling well with all parameters stable.,0
PAT-00380,2024-01-24 10:23:28,100.0,71,36.2,181/113,119,53.5,"Patient describes chest pain, severe headache. immediate attention may be needed.",0
PAT-00380,2024-01-25 10:10:12,94.1,108,35.8,183/108,79,53.5,"Notes anxiety, mild coldness, chest pain, severe headache. worsening symptoms present.",0
PAT-00380,2024-01-26 08:17:00,96.4,70,38.5,144/86,155,53.5,"Indicates severe discomfort, muscle aches, severe blurred vision, dry mouth, frequent urination. immediate attention may be needed.",0
PAT-00380,2024-01-27 08:54:37,97.9,98,36.9,122/76,79,53.5,No symptoms reported. Vitals are within expected range.,0
PAT-00380,2024-01-28 09:11:00,98.5,58,37.7,130/75,149,53.5,"This morning, body aches, blurred vision.",0
PAT-00380,2024-01-29 10:35:08,98.6,70,36.7,112/83,173,53.5,"This morning, severe blurred vision, dry mouth, frequent urination. worsening symptoms present.",1
PAT-00380,2024-01-30 09:29:46,96.8,80,37.2,115/84,89,53.5,Vitals remain within acceptable limits. No issues noted.,0
PAT-00381,2024-01-01 09:04:52,98.1,60,35.6,131/86,74,119.8,Notes mild coldness.,0
PAT-00381,2024-01-02 10:10:03,96.6,105,37.1,150/88,102,119.8,"Today, patient states palpitations.",0
PAT-00381,2024-01-03 08:47:34,97.1,79,36.2,130/90,106,119.8,Vitals remain within acceptable limits. No issues noted.,0
PAT-00381,2024-01-04 10:36:45,97.0,58,37.1,120/72,89,119.8,No significant complaints today.,0
PAT-00381,2024-01-05 08:34:18,94.2,69,37.6,170/109,101,119.8,"Indicates night sweats, headaches.",0
PAT-00381,2024-01-06 09:34:38,93.3,75,37.5,128/71,76,119.8,"Today, patient states mild fever.",0
PAT-00381,2024-01-07 10:19:35,93.4,93,36.6,128/80,97,119.8,No symptoms reported. Vitals are within expected range.,0
PAT-00381,2024-01-08 08:06:49,97.3,71,36.8,130/82,119,119.8,No significant complaints today.,0
PAT-00381,2024-01-09 09:05:37,94.6,106,36.7,128/76,105,119.8,"Today, patient states palpitations.",1
PAT-00381,2024-01-10 09:37:20,95.6,70,38.1,115/77,82,119.8,"Observes headache, chills.",1
PAT-00381,2024-01-11 08:28:55,93.5,82,36.7,124/72,110,119.8,Patient denies any symptoms or discomfort.,0
PAT-00381,2024-01-12 10:36:14,97.3,105,37.4,182/101,76,119.8,"Indicates anxiety, chest pain, severe headache. immediate attention may be needed.",0
PAT-00381,2024-01-13 09:08:47,95.1,93,37.7,174/116,116,119.8,"Today, patient states mild fever, vision issues.",1
PAT-00381,2024-01-14 10:04:51,96.4,54,36.7,119/84,97,119.8,Notes slow pulse.,1
PAT-00381,2024-01-15 09:38:42,97.0,89,38.4,137/87,80,119.8,"Observes headache, chills.",1
PAT-00381,2024-01-16 09:49:39,96.9,50,36.9,129/74,81,119.8,"This morning, slow pulse.",1
PAT-00381,2024-01-17 08:33:02,94.9,53,36.9,128/71,88,119.8,Patient describes slow pulse.,0
PAT-00381,2024-01-18 10:15:58,97.3,71,36.4,164/107,79,119.8,Notes vision issues.,1
PAT-00381,2024-01-19 10:06:09,96.4,98,36.8,169/118,85,119.8,Indicates headaches.,0
PAT-00381,2024-01-20 08:27:32,94.7,101,37.2,123/80,111,119.8,Patient describes anxiety.,1
PAT-00381,2024-01-21 10:08:33,96.6,54,38.0,117/70,109,119.8,"This morning, fatigue, chills, muscle aches.",1
PAT-00381,2024-01-22 09:48:23,93.7,95,36.8,115/71,107,119.8,Patient denies any symptoms or discomfort.,0
PAT-00381,2024-01-23 08:22:58,99.2,67,37.2,117/73,90,119.8,No significant complaints today.,0
PAT-00381,2024-01-24 08:50:31,95.2,107,37.3,115/83,90,119.8,Patient notes that palpitations.,1
PAT-00381,2024-01-25 10:19:50,93.8,55,37.1,127/76,160,119.8,"Patient notes that severe blurred vision, dry mouth, frequent urination. worsening symptoms present.",0
PAT-00381,2024-01-26 08:18:38,97.9,55,37.2,144/95,174,119.8,"Patient notes that severe blurred vision, dry mouth, frequent urination. immediate attention may be needed.",0
PAT-00381,2024-01-27 09:31:25,93.5,50,37.0,190/105,94,119.8,"Notes fatigue, chest pain, severe headache. immediate attention may be needed.",1
PAT-00381,2024-01-28 08:06:57,93.5,84,37.1,169/106,75,119.8,Patient notes that chest tightness.,0
PAT-00381,2024-01-29 09:33:32,97.1,60,37.4,190/107,156,119.8,"This morning, chest pain, severe headache, severe blurred vision, dry mouth, frequent urination. worsening symptoms present.",1
PAT-00381,2024-01-30 08:31:51,97.2,77,36.2,146/92,87,119.8,No significant complaints today.,0
PAT-00382,2024-01-01 08:47:22,97.3,50,36.6,171/112,87,79.0,"Observes slow pulse, chest tightness.",1
PAT-00382,2024-01-02 08:30:16,94.5,107,36.2,120/75,88,79.0,Observes anxiety.,0
PAT-00382,2024-01-03 09:21:18,95.7,64,37.1,115/77,118,79.0,No significant complaints today.,0
PAT-00382,2024-01-04 09:47:11,96.7,90,37.1,186/120,90,79.0,"Patient describes chest pain, severe headache. worsening symptoms present.",0
PAT-00382,2024-01-05 08:29:10,93.5,75,36.8,121/81,174,79.0,"This morning, severe blurred vision, dry mouth, frequent urination. immediate attention may be needed.",0
PAT-00382,2024-01-06 10:14:37,94.0,99,36.5,165/110,88,79.0,"This morning, headaches.",1
PAT-00382,2024-01-07 09:18:06,98.5,88,37.3,182/102,121,79.0,"Reports chest pain, severe headache. worsening symptoms present.",1
PAT-00382,2024-01-08 08:06:15,96.5,59,38.3,170/103,73,79.0,"Indicates headache, severe discomfort, chest tightness. immediate attention may be needed.",0
PAT-00382,2024-01-09 10:52:38,95.3,105,37.3,123/75,97,79.0,"This morning, anxiety.",0
PAT-00382,2024-01-10 08:21:17,97.4,84,36.5,119/74,77,79.0,No significant complaints today.,0
PAT-00382,2024-01-11 10:28:21,94.4,58,37.3,118/76,84,79.0,No symptoms reported. Vitals are within expected range.,0
PAT-00382,2024-01-12 08:41:31,97.3,110,35.8,127/70,82,79.0,"Patient describes anxiety, mild coldness.",1
PAT-00382,2024-01-13 08:10:28,95.8,70,38.6,113/81,87,79.0,"Patient notes that severe discomfort, muscle aches. immediate attention may be needed.",0
PAT-00382,2024-01-14 08:03:16,98.3,101,36.2,150/86,170,79.0,"This morning, restlessness, severe blurred vision, dry mouth, frequent urination. immediate attention may be needed.",0
PAT-00382,2024-01-15 10:27:13,95.3,75,37.9,113/71,88,79.0,Observes body aches.,0
PAT-00382,2024-01-16 08:10:16,96.7,78,35.8,121/82,95,79.0,Reports mild coldness.,0
PAT-00382,2024-01-17 08:37:04,95.0,108,37.3,144/89,104,79.0,Notes restlessness.,0
PAT-00382,2024-01-18 08:49:05,95.4,74,38.9,134/88,125,79.0,"Observes muscle aches, headache.",1
PAT-00382,2024-01-19 10:00:36,94.9,90,36.4,133/88,97,79.0,Vitals remain within acceptable limits. No issues noted.,0
PAT-00382,2024-01-20 08:33:30,95.5,92,37.1,126/71,77,79.0,Patient is feeling well with all parameters stable.,0
PAT-00382,2024-01-21 08:14:45,97.1,68,37.2,144/94,74,79.0,Patient denies any symptoms or discomfort.,0
PAT-00382,2024-01-22 08:14:45,96.7,94,38.9,126/85,94,79.0,"Reports fever, headache.",0
PAT-00382,2024-01-23 09:02:24,95.2,89,36.8,125/73,108,79.0,No significant complaints today.,0
PAT-00382,2024-01-24 10:14:11,95.4,50,38.2,133/85,170,79.0,"Patient notes that fatigue, chills, muscle aches, severe blurred vision, dry mouth, frequent urination. worsening symptoms present.",0
PAT-00382,2024-01-25 08:57:52,96.0,60,37.9,143/87,131,79.0,"Reports mild fever, frequent urination.",0
PAT-00382,2024-01-26 10:19:02,97.8,68,36.5,128/82,107,79.0,No significant complaints today.,0
PAT-00382,2024-01-27 10:01:34,96.4,106,36.1,115/70,76,79.0,Reports palpitations.,0
PAT-00382,2024-01-28 08:56:51,100.0,109,38.2,111/73,82,79.0,"Patient notes that restlessness, headache, severe discomfort. worsening symptoms present.",0
PAT-00382,2024-01-29 10:03:53,100.0,107,38.7,141/91,98,79.0,"Patient notes that palpitations, muscle aches, severe discomfort. immediate attention may be needed.",0
PAT-00382,2024-01-30 10:56:51,95.7,62,36.6,111/71,78,79.0,Patient denies any symptoms or discomfort.,0
PAT-00383,2024-01-01 10:23:25,96.3,70,37.2,177/111,103,66.2,Indicates chest tightness.,1
PAT-00383,2024-01-02 10:31:51,94.6,52,36.1,125/80,96,66.2,Patient notes that fatigue.,1
PAT-00383,2024-01-03 08:18:14,97.7,90,37.2,189/104,76,66.2,"Notes chest pain, severe headache. immediate attention may be needed.",0
PAT-00383,2024-01-04 10:36:56,98.3,94,37.8,175/108,175,66.2,"Observes night sweats, vision issues, severe blurred vision, dry mouth, frequent urination. immediate attention may be needed.",0
PAT-00383,2024-01-05 08:26:51,97.2,105,38.5,147/90,81,66.2,"Patient describes restlessness, headache, severe discomfort. immediate attention may be needed.",0
PAT-00383,2024-01-06 09:35:57,96.8,79,37.1,113/84,150,66.2,"Today, patient states severe blurred vision, dry mouth, frequent urination. worsening symptoms present.",1
PAT-00383,2024-01-07 08:09:38,98.2,72,37.5,168/101,158,66.2,"Notes mild fever, chest tightness, severe blurred vision, dry mouth, frequent urination. worsening symptoms present.",0
PAT-00383,2024-01-08 09:41:50,96.7,77,36.5,130/71,151,66.2,"Notes severe blurred vision, dry mouth, frequent urination. worsening symptoms present.",0
PAT-00383,2024-01-09 09:38:52,94.8,85,35.9,186/118,83,66.2,"Reports mild coldness, chest pain, severe headache. worsening symptoms present.",1
PAT-00383,2024-01-10 10:31:40,96.8,51,38.5,130/85,119,66.2,"Today, patient states slow pulse, severe discomfort, chills. worsening symptoms present.",1
PAT-00383,2024-01-11 08:37:27,94.1,50,38.1,128/81,86,66.2,"Patient describes fatigue, fever, muscle aches.",1
PAT-00383,2024-01-12 09:32:06,97.5,99,36.3,124/73,104,66.2,No significant complaints today.,0
PAT-00383,2024-01-13 08:21:30,97.7,70,36.5,136/93,101,66.2,No significant complaints today.,0
PAT-00383,2024-01-14 10:44:32,96.1,68,37.4,128/71,124,66.2,Patient denies any symptoms or discomfort.,0
PAT-00383,2024-01-15 10:58:06,98.3,91,36.5,118/73,93,66.2,No symptoms reported. Vitals are within expected range.,0
PAT-00383,2024-01-16 10:29:38,94.9,81,35.8,185/105,163,66.2,"Observes mild coldness, chest pain, severe headache, severe blurred vision, dry mouth, frequent urination. worsening symptoms present.",0
PAT-00383,2024-01-17 09:35:19,91.8,88,37.2,111/79,100,66.2,"Today, patient states low energy.",0
PAT-00383,2024-01-18 09:13:54,96.8,86,36.9,135/91,101,66.2,Patient denies any symptoms or discomfort.,0
PAT-00383,2024-01-19 08:34:28,98.6,95,36.9,116/81,82,66.2,Vitals remain within acceptable limits. No issues noted.,0
PAT-00383,2024-01-20 09:23:18,94.5,81,38.8,146/91,123,66.2,"This morning, chills, fever.",1
PAT-00383,2024-01-21 10:24:13,92.8,88,36.9,122/80,86,66.2,No symptoms reported. Vitals are within expected range.,0
PAT-00383,2024-01-22 08:41:55,94.0,68,37.6,127/72,83,66.2,Patient notes that body aches.,0
PAT-00383,2024-01-23 10:19:04,97.9,90,37.3,123/81,98,66.2,No symptoms reported. Vitals are within expected range.,0
PAT-00383,2024-01-24 09:59:55,96.8,60,36.7,116/76,132,66.2,Indicates frequent urination.,0
PAT-00383,2024-01-25 10:14:03,93.0,87,36.7,146/91,158,66.2,"Today, patient states severe blurred vision, dry mouth, frequent urination. worsening symptoms present.",0
PAT-00383,2024-01-26 09:28:44,97.2,61,38.6,139/87,111,66.2,"This morning, fever, muscle aches.",0
PAT-00383,2024-01-27 08:01:26,96.3,109,36.6,121/83,165,66.2,"Patient notes that restlessness, severe blurred vision, dry mouth, frequent urination. worsening symptoms present.",1
PAT-00383,2024-01-28 09:52:41,95.2,89,37.2,133/89,110,66.2,Patient denies any symptoms or discomfort.,0
PAT-00383,2024-01-29 09:13:25,94.8,71,37.8,113/81,116,66.2,Notes night sweats.,0
PAT-00383,2024-01-30 09:21:37,97.6,65,35.8,130/87,98,66.2,"Today, patient states mild coldness.",0
PAT-00384,2024-01-01 10:09:03,94.6,52,37.4,118/83,76,84.0,"Today, patient states lightheadedness.",1
PAT-00384,2024-01-02 08:11:35,91.4,110,36.1,144/95,76,84.0,"Notes dizziness, palpitations.",1
PAT-00384,2024-01-03 09:15:48,94.2,104,37.1,112/84,117,84.0,Patient notes that restlessness.,1
PAT-00384,2024-01-04 09:35:24,93.6,60,37.0,115/80,85,84.0,Patient is feeling well with all parameters stable.,0
PAT-00384,2024-01-05 08:06:50,97.5,63,37.3,123/78,84,84.0,No symptoms reported. Vitals are within expected range.,0
PAT-00384,2024-01-06 08:21:12,98.3,56,36.2,110/85,109,84.0,Patient is feeling well with all parameters stable.,0
PAT-00384,2024-01-07 10:34:37,96.5,83,35.7,178/117,123,84.0,"Patient describes mild coldness, vision issues.",0
PAT-00384,2024-01-08 08:19:49,97.7,97,38.1,117/73,81,84.0,"Patient describes severe discomfort, headache. immediate attention may be needed.",0
PAT-00384,2024-01-09 08:57:34,93.4,62,36.9,120/77,76,84.0,Patient denies any symptoms or discomfort.,0
PAT-00384,2024-01-10 10:47:47,92.0,97,38.9,131/86,91,84.0,"Patient describes fever, headache.",1
PAT-00384,2024-01-11 09:05:24,95.2,87,36.5,122/72,91,84.0,No significant complaints today.,0
PAT-00384,2024-01-12 10:46:31,96.8,81,37.1,123/77,95,84.0,No symptoms reported. Vitals are within expected range.,0
PAT-00384,2024-01-13 10:49:28,96.7,59,36.5,115/73,116,84.0,No symptoms reported. Vitals are within expected range.,0
PAT-00384,2024-01-14 10:26:02,98.6,76,38.7,147/92,79,84.0,"Patient notes that muscle aches, chills.",1
PAT-00384,2024-01-15 10:28:35,93.2,103,36.5,136/93,110,84.0,Notes anxiety.,0
PAT-00384,2024-01-16 09:45:08,100.0,84,36.5,122/84,88,84.0,No symptoms reported. Vitals are within expected range.,0
PAT-00384,2024-01-17 08:20:59,96.4,71,36.2,126/71,90,84.0,Patient is feeling well with all parameters stable.,0
PAT-00384,2024-01-18 08:10:20,95.6,70,36.9,145/90,89,84.0,No significant complaints today.,0
PAT-00384,2024-01-19 10:54:42,98.0,86,37.4,177/115,112,84.0,Indicates vision issues.,1
PAT-00384,2024-01-20 09:11:11,96.7,85,36.9,131/87,79,84.0,No significant complaints today.,0
PAT-00384,2024-01-21 10:33:39,95.9,91,36.7,115/77,92,84.0,No symptoms reported. Vitals are within expected range.,0
PAT-00384,2024-01-22 10:57:08,93.4,90,37.2,118/70,74,84.0,No symptoms reported. Vitals are within expected range.,0
PAT-00384,2024-01-23 10:30:36,94.7,107,38.2,125/80,88,84.0,"Observes palpitations, severe discomfort, headache. immediate attention may be needed.",0
PAT-00384,2024-01-24 10:07:16,96.0,89,36.8,128/72,98,84.0,Patient denies any symptoms or discomfort.,0
PAT-00384,2024-01-25 09:35:44,99.4,50,35.8,112/81,90,84.0,"Reports slow pulse, lowered energy.",0
PAT-00384,2024-01-26 08:40:06,93.1,77,37.0,118/74,81,84.0,Vitals remain within acceptable limits. No issues noted.,0
PAT-00384,2024-01-27 09:01:20,95.8,86,38.6,132/92,89,84.0,"Reports muscle aches, chills.",0
PAT-00384,2024-01-28 10:30:23,98.5,108,37.1,121/74,99,84.0,Notes palpitations.,0
PAT-00384,2024-01-29 08:52:03,98.1,59,36.7,175/110,120,84.0,Reports vision issues.,0
PAT-00384,2024-01-30 09:53:30,97.4,103,36.4,123/79,99,84.0,Patient describes anxiety.,0
PAT-00385,2024-01-01 08:01:13,94.2,90,36.2,135/87,80,55.4,Vitals remain within acceptable limits. No issues noted.,0
PAT-00385,2024-01-02 08:45:34,92.8,65,35.6,126/80,120,55.4,Reports lowered energy.,0
PAT-00385,2024-01-03 09:30:33,92.9,101,38.1,141/85,90,55.4,"Patient describes restlessness, severe discomfort, headache. immediate attention may be needed.",0
PAT-00385,2024-01-04 10:34:29,92.7,86,35.8,120/70,119,55.4,"This morning, lowered energy.",0
PAT-00385,2024-01-05 09:44:37,96.0,89,36.6,115/72,84,55.4,Vitals remain within acceptable limits. No issues noted.,0
PAT-00385,2024-01-06 09:52:38,100.0,74,36.1,175/102,99,55.4,Patient notes that headaches.,1
PAT-00385,2024-01-07 08:02:53,95.4,81,37.0,160/112,103,55.4,Indicates vision issues.,0
PAT-00385,2024-01-08 10:39:53,95.5,98,36.9,139/89,81,55.4,Vitals remain within acceptable limits. No issues noted.,0
PAT-00385,2024-01-09 08:14:03,96.3,66,37.3,122/85,77,55.4,Patient denies any symptoms or discomfort.,0
PAT-00385,2024-01-10 08:06:21,95.7,58,37.1,118/76,97,55.4,No symptoms reported. Vitals are within expected range.,0
PAT-00385,2024-01-11 08:58:04,93.7,53,39.0,118/85,98,55.4,"Indicates fatigue, chills, severe discomfort. immediate attention may be needed.",0
PAT-00385,2024-01-12 10:57:38,95.1,86,36.3,116/80,74,55.4,No symptoms reported. Vitals are within expected range.,0
PAT-00385,2024-01-13 09:14:37,95.3,106,37.1,138/85,73,55.4,Notes palpitations.,0
PAT-00385,2024-01-14 10:33:00,95.5,104,37.1,169/108,86,55.4,"Reports anxiety, chest tightness.",0
PAT-00385,2024-01-15 09:27:14,96.2,104,38.2,130/82,137,55.4,"Notes anxiety, chills, muscle aches, blurred vision.",1
PAT-00385,2024-01-16 10:43:04,92.6,69,37.3,121/75,96,55.4,No significant complaints today.,0
PAT-00385,2024-01-17 08:00:49,97.5,50,35.7,118/70,113,55.4,"Notes lightheadedness, lowered energy.",0
PAT-00385,2024-01-18 10:21:05,95.2,106,37.7,122/80,125,55.4,"Notes restlessness, mild fever.",0
PAT-00385,2024-01-19 08:49:20,96.9,98,38.2,130/78,70,55.4,"Patient describes headache, fever.",0
PAT-00385,2024-01-20 08:11:22,97.5,77,37.1,128/85,179,55.4,"Notes severe blurred vision, dry mouth, frequent urination. worsening symptoms present.",0
PAT-00385,2024-01-21 09:39:31,96.7,62,36.5,115/72,70,55.4,Patient denies any symptoms or discomfort.,0
PAT-00385,2024-01-22 10:33:53,92.0,66,37.2,171/114,84,55.4,Indicates chest tightness.,0
PAT-00385,2024-01-23 08:40:16,94.6,51,37.2,135/95,84,55.4,"Today, patient states lightheadedness.",0
PAT-00385,2024-01-24 09:54:13,97.0,50,37.2,124/73,73,55.4,"This morning, lightheadedness.",0
PAT-00385,2024-01-25 10:56:09,96.6,109,36.8,142/90,84,55.4,"Today, patient states anxiety.",0
PAT-00385,2024-01-26 08:43:12,97.5,90,38.8,139/86,95,55.4,"Patient describes headache, chills.",0
PAT-00385,2024-01-27 09:46:57,97.9,72,36.1,121/84,160,55.4,"Notes severe blurred vision, dry mouth, frequent urination. immediate attention may be needed.",0
PAT-00385,2024-01-28 10:59:24,93.6,64,37.8,124/73,76,55.4,"This morning, mild fever.",0
PAT-00385,2024-01-29 08:06:14,96.8,86,35.8,115/82,81,55.4,Indicates mild coldness.,0
PAT-00385,2024-01-30 08:57:36,95.9,104,37.3,177/111,71,55.4,"Patient notes that palpitations, headaches.",0
PAT-00386,2024-01-01 08:22:23,94.6,85,38.4,130/78,89,81.7,"Patient describes severe discomfort, chills. worsening symptoms present.",0
PAT-00386,2024-01-02 09:45:20,97.1,91,36.2,133/94,77,81.7,No significant complaints today.,0
PAT-00386,2024-01-03 09:13:43,98.3,103,36.9,121/73,94,81.7,"Today, patient states restlessness.",0
PAT-00386,2024-01-04 09:57:50,95.0,53,37.1,150/94,80,81.7,Patient notes that fatigue.,0
PAT-00386,2024-01-05 09:41:08,95.3,96,37.1,125/71,108,81.7,No significant complaints today.,0
PAT-00386,2024-01-06 08:12:06,95.3,97,36.1,146/89,77,81.7,Vitals remain within acceptable limits. No issues noted.,0
PAT-00386,2024-01-07 08:55:52,95.0,62,36.8,166/111,92,81.7,Notes vision issues.,0
PAT-00386,2024-01-08 09:42:43,94.2,100,36.9,130/87,166,81.7,"Indicates severe blurred vision, dry mouth, frequent urination. worsening symptoms present.",1
PAT-00386,2024-01-09 10:49:51,95.3,59,36.8,129/70,124,81.7,No symptoms reported. Vitals are within expected range.,0
PAT-00386,2024-01-10 08:04:34,96.9,51,36.8,148/90,97,81.7,Patient notes that lightheadedness.,0
PAT-00386,2024-01-11 09:59:35,95.1,108,36.2,117/71,160,81.7,"Reports palpitations, severe blurred vision, dry mouth, frequent urination. immediate attention may be needed.",0
PAT-00386,2024-01-12 10:04:43,97.3,61,37.1,126/85,115,81.7,Patient denies any symptoms or discomfort.,0
PAT-00386,2024-01-13 09:19:21,95.7,56,37.0,117/78,85,81.7,Vitals remain within acceptable limits. No issues noted.,0
PAT-00386,2024-01-14 08:47:35,97.0,67,37.4,111/71,118,81.7,No symptoms reported. Vitals are within expected range.,0
PAT-00386,2024-01-15 09:13:14,95.3,107,37.1,122/73,83,81.7,"This morning, palpitations.",1
PAT-00386,2024-01-16 09:49:17,92.1,60,36.2,114/72,156,81.7,"This morning, severe blurred vision, dry mouth, frequent urination. worsening symptoms present.",0
PAT-00386,2024-01-17 09:04:53,97.4,91,38.5,121/70,96,81.7,"This morning, fever, chills.",0
PAT-00386,2024-01-18 09:05:09,97.7,62,35.6,166/117,106,81.7,"Today, patient states mild coldness, vision issues.",1
PAT-00386,2024-01-19 08:13:59,93.4,99,37.2,123/74,75,81.7,No significant complaints today.,0
PAT-00386,2024-01-20 08:16:00,97.0,50,38.5,113/85,78,81.7,"Notes lightheadedness, muscle aches, fever.",0
PAT-00386,2024-01-21 09:15:35,99.0,66,36.6,117/76,82,81.7,No symptoms reported. Vitals are within expected range.,0
PAT-00386,2024-01-22 09:27:10,94.2,106,36.9,110/81,95,81.7,Patient describes restlessness.,0
PAT-00386,2024-01-23 09:40:19,95.3,60,36.4,127/79,157,81.7,"Indicates severe blurred vision, dry mouth, frequent urination. worsening symptoms present.",1
PAT-00386,2024-01-24 10:06:01,94.0,61,36.1,114/84,80,81.7,Patient denies any symptoms or discomfort.,0
PAT-00386,2024-01-25 10:34:59,94.3,73,36.6,127/85,91,81.7,Patient denies any symptoms or discomfort.,0
PAT-00386,2024-01-26 08:07:27,93.9,54,36.7,149/85,74,81.7,"Today, patient states fatigue.",0
PAT-00386,2024-01-27 10:27:55,94.6,72,36.8,120/76,120,81.7,Vitals remain within acceptable limits. No issues noted.,0
PAT-00386,2024-01-28 09:13:03,97.1,74,37.4,165/117,84,81.7,Indicates chest tightness.,0
PAT-00386,2024-01-29 09:53:29,92.5,110,36.0,116/73,125,81.7,"This morning, anxiety.",1
PAT-00386,2024-01-30 10:06:55,98.2,84,37.2,136/86,95,81.7,Patient is feeling well with all parameters stable.,0
PAT-00387,2024-01-01 10:24:48,97.5,91,36.6,174/118,105,82.7,Notes headaches.,0
PAT-00387,2024-01-02 10:56:08,97.1,52,37.6,135/87,146,82.7,"Today, patient states fatigue, night sweats, dry mouth.",0
PAT-00387,2024-01-03 10:12:48,92.6,90,38.9,149/87,112,82.7,"Indicates headache, fever.",1
PAT-00387,2024-01-04 10:25:12,97.0,90,37.2,166/100,105,82.7,Reports headaches.,0
PAT-00387,2024-01-05 10:39:35,95.5,98,37.2,118/83,155,82.7,"Notes severe blurred vision, dry mouth, frequent urination. worsening symptoms present.",1
PAT-00387,2024-01-06 09:28:06,96.1,88,36.0,122/85,111,82.7,Patient denies any symptoms or discomfort.,0
PAT-00387,2024-01-07 10:18:48,97.9,76,36.4,171/120,83,82.7,"Today, patient states headaches.",1
PAT-00387,2024-01-08 10:01:38,98.1,85,36.0,126/71,117,82.7,No significant complaints today.,0
PAT-00387,2024-01-09 09:03:42,93.1,56,36.2,183/109,71,82.7,"Today, patient states chest pain, severe headache. immediate attention may be needed.",1
PAT-00387,2024-01-10 10:53:22,96.1,80,35.6,122/75,83,82.7,Patient describes lowered energy.,0
PAT-00387,2024-01-11 10:57:36,95.8,70,36.9,120/72,145,82.7,Patient notes that frequent urination.,0
PAT-00387,2024-01-12 10:43:10,93.1,58,38.7,133/91,71,82.7,"Patient describes muscle aches, headache.",0
PAT-00387,2024-01-13 09:28:05,93.3,88,36.5,143/94,114,82.7,Patient denies any symptoms or discomfort.,0
PAT-00387,2024-01-14 10:51:59,95.8,51,36.5,129/85,112,82.7,"Today, patient states fatigue.",1
PAT-00387,2024-01-15 10:05:09,97.4,68,36.6,125/81,113,82.7,No significant complaints today.,0
PAT-00387,2024-01-16 10:55:01,97.6,52,36.4,111/82,99,82.7,Reports fatigue.,1
PAT-00387,2024-01-17 08:51:01,94.0,95,36.9,118/73,97,82.7,No significant complaints today.,0
PAT-00387,2024-01-18 08:24:09,96.1,56,35.5,136/94,95,82.7,"Today, patient states lowered energy.",0
PAT-00387,2024-01-19 10:27:38,98.3,50,36.9,121/76,112,82.7,Patient notes that lightheadedness.,1
PAT-00387,2024-01-20 09:23:18,94.7,76,37.3,189/103,88,82.7,"Patient describes chest pain, severe headache. immediate attention may be needed.",0
PAT-00387,2024-01-21 10:06:30,97.7,50,37.7,125/74,91,82.7,"Indicates lightheadedness, mild fever.",0
PAT-00387,2024-01-22 08:42:47,99.2,108,37.5,128/83,71,82.7,"Patient notes that restlessness, night sweats.",0
PAT-00387,2024-01-23 09:44:44,94.5,71,37.4,160/115,95,82.7,Reports vision issues.,1
PAT-00387,2024-01-24 09:42:53,92.1,65,36.5,141/93,93,82.7,No symptoms reported. Vitals are within expected range.,0
PAT-00387,2024-01-25 08:08:41,96.6,95,37.6,126/85,111,82.7,"This morning, night sweats.",0
PAT-00387,2024-01-26 10:01:01,96.3,101,38.6,122/84,79,82.7,"Notes palpitations, severe discomfort, chills. worsening symptoms present.",0
PAT-00387,2024-01-27 08:20:02,97.8,98,36.1,118/76,88,82.7,Vitals remain within acceptable limits. No issues noted.,0
PAT-00387,2024-01-28 08:55:47,95.1,91,37.9,160/117,151,82.7,"Indicates body aches, headaches, severe blurred vision, dry mouth, frequent urination. worsening symptoms present.",0
PAT-00387,2024-01-29 10:31:50,93.5,61,35.7,118/73,94,82.7,Indicates lowered energy.,0
PAT-00387,2024-01-30 08:39:36,95.0,98,35.6,136/87,72,82.7,Observes lowered energy.,0
PAT-00388,2024-01-01 10:34:09,97.8,108,36.6,165/115,76,95.2,"Indicates palpitations, vision issues.",0
PAT-00388,2024-01-02 10:53:15,95.8,88,37.0,124/71,85,95.2,No significant complaints today.,0
PAT-00388,2024-01-03 10:20:50,97.5,103,38.3,125/80,87,95.2,"Patient describes restlessness, severe discomfort, fever. worsening symptoms present.",0
PAT-00388,2024-01-04 10:30:16,94.8,78,37.9,128/77,154,95.2,"Indicates night sweats, severe blurred vision, dry mouth, frequent urination. worsening symptoms present.",1
PAT-00388,2024-01-05 08:31:56,94.0,61,38.4,126/81,81,95.2,"Observes chills, fever.",0
PAT-00388,2024-01-06 09:03:18,96.9,88,37.0,137/89,96,95.2,Patient denies any symptoms or discomfort.,0
PAT-00388,2024-01-07 09:25:27,97.6,83,36.5,113/73,84,95.2,No symptoms reported. Vitals are within expected range.,0
PAT-00388,2024-01-08 09:09:15,94.0,61,37.3,135/89,86,95.2,Patient denies any symptoms or discomfort.,0
PAT-00388,2024-01-09 10:50:59,95.0,92,37.1,136/87,71,95.2,Vitals remain within acceptable limits. No issues noted.,0
PAT-00388,2024-01-10 08:57:46,94.8,87,36.8,121/85,80,95.2,Patient is feeling well with all parameters stable.,0
PAT-00388,2024-01-11 09:59:11,100.0,70,38.0,170/109,116,95.2,"This morning, chills, fever, headaches.",0
PAT-00388,2024-01-12 10:13:02,96.8,87,37.3,113/73,115,95.2,Patient denies any symptoms or discomfort.,0
PAT-00388,2024-01-13 09:06:54,95.0,99,37.1,121/71,123,95.2,No significant complaints today.,0
PAT-00388,2024-01-14 10:41:04,96.3,64,36.0,119/83,83,95.2,No symptoms reported. Vitals are within expected range.,0
PAT-00388,2024-01-15 08:21:58,95.1,56,36.6,137/86,143,95.2,Indicates blurred vision.,0
PAT-00388,2024-01-16 10:06:19,93.1,66,36.7,126/75,93,95.2,No significant complaints today.,0
PAT-00388,2024-01-17 09:25:12,96.0,55,37.0,127/80,104,95.2,No symptoms reported. Vitals are within expected range.,0
PAT-00388,2024-01-18 08:07:31,94.2,87,36.0,129/75,129,95.2,Indicates dry mouth.,0
PAT-00388,2024-01-19 09:30:57,98.4,94,37.4,149/92,111,95.2,Patient is feeling well with all parameters stable.,0
PAT-00388,2024-01-20 08:51:41,97.3,55,37.2,123/81,84,95.2,Patient is feeling well with all parameters stable.,0
PAT-00388,2024-01-21 10:19:24,93.5,50,36.5,113/74,172,95.2,"Notes slow pulse, severe blurred vision, dry mouth, frequent urination. immediate attention may be needed.",0
PAT-00388,2024-01-22 10:24:44,97.6,78,37.3,130/77,77,95.2,Vitals remain within acceptable limits. No issues noted.,0
PAT-00388,2024-01-23 10:11:27,95.7,108,37.3,145/85,85,95.2,"This morning, anxiety.",1
PAT-00388,2024-01-24 09:39:00,94.2,58,36.0,125/77,76,95.2,Patient denies any symptoms or discomfort.,0
PAT-00388,2024-01-25 10:05:45,92.6,56,37.0,129/85,91,95.2,No symptoms reported. Vitals are within expected range.,0
PAT-00388,2024-01-26 09:35:14,95.5,106,36.4,146/91,97,95.2,Patient notes that anxiety.,1
PAT-00388,2024-01-27 10:38:39,95.6,84,36.5,113/76,110,95.2,Vitals remain within acceptable limits. No issues noted.,0
PAT-00388,2024-01-28 10:25:41,94.0,55,35.7,114/74,159,95.2,"Patient notes that lowered energy, severe blurred vision, dry mouth, frequent urination. worsening symptoms present.",1
PAT-00388,2024-01-29 10:15:39,97.6,85,38.9,122/83,101,95.2,"This morning, fever, severe discomfort. worsening symptoms present.",0
PAT-00388,2024-01-30 09:25:43,95.8,80,35.9,187/118,159,95.2,"Indicates mild coldness, chest pain, severe headache, severe blurred vision, dry mouth, frequent urination. worsening symptoms present.",0
PAT-00389,2024-01-01 10:36:38,93.0,87,37.2,144/86,109,115.3,Patient denies any symptoms or discomfort.,0
PAT-00389,2024-01-02 10:34:39,96.9,102,36.5,130/76,74,115.3,Indicates restlessness.,0
PAT-00389,2024-01-03 09:01:55,95.5,70,38.8,141/90,98,115.3,"Notes fever, chills.",0
PAT-00389,2024-01-04 09:00:13,93.1,72,36.6,114/80,80,115.3,No significant complaints today.,0
PAT-00389,2024-01-05 09:30:36,96.8,86,35.9,114/85,70,115.3,Observes mild coldness.,0
PAT-00389,2024-01-06 10:07:09,94.4,92,36.5,113/80,87,115.3,Patient is feeling well with all parameters stable.,0
PAT-00389,2024-01-07 08:38:40,93.8,95,36.8,129/81,114,115.3,No significant complaints today.,0
PAT-00389,2024-01-08 08:52:53,98.9,109,36.9,121/74,80,115.3,"Today, patient states restlessness.",1
PAT-00389,2024-01-09 10:00:03,98.8,50,36.6,111/77,122,115.3,Reports slow pulse.,0
PAT-00389,2024-01-10 09:17:57,94.4,93,36.8,135/91,90,115.3,No symptoms reported. Vitals are within expected range.,0
PAT-00389,2024-01-11 10:05:03,95.6,67,37.0,162/104,86,115.3,Indicates chest tightness.,1
PAT-00389,2024-01-12 08:38:45,98.1,85,36.8,129/79,95,115.3,Vitals remain within acceptable limits. No issues noted.,0
PAT-00389,2024-01-13 09:24:49,98.0,52,37.2,135/91,95,115.3,Observes slow pulse.,1
PAT-00389,2024-01-14 09:24:15,92.1,107,36.8,142/88,90,115.3,Observes palpitations.,0
PAT-00389,2024-01-15 09:21:45,95.6,55,36.9,120/79,176,115.3,"Indicates severe blurred vision, dry mouth, frequent urination. immediate attention may be needed.",0
PAT-00389,2024-01-16 08:40:31,98.2,106,36.0,161/111,109,115.3,"Reports palpitations, headaches.",1
PAT-00389,2024-01-17 10:59:33,95.3,79,36.7,129/85,88,115.3,No symptoms reported. Vitals are within expected range.,0
PAT-00389,2024-01-18 08:31:45,95.8,103,36.4,114/72,98,115.3,Indicates restlessness.,0
PAT-00389,2024-01-19 09:20:43,92.6,50,36.7,117/77,73,115.3,"This morning, fatigue.",1
PAT-00389,2024-01-20 09:10:43,95.4,82,36.5,120/76,94,115.3,Patient is feeling well with all parameters stable.,0
PAT-00389,2024-01-21 08:35:40,95.4,92,37.0,135/95,85,115.3,Patient denies any symptoms or discomfort.,0
PAT-00389,2024-01-22 10:15:38,99.2,62,35.8,149/85,70,115.3,Reports mild coldness.,0
PAT-00389,2024-01-23 09:48:03,95.7,93,36.7,125/74,97,115.3,No significant complaints today.,0
PAT-00389,2024-01-24 10:16:25,96.0,57,36.1,125/81,105,115.3,Patient denies any symptoms or discomfort.,0
PAT-00389,2024-01-25 10:55:58,99.3,61,37.2,147/87,98,115.3,Patient denies any symptoms or discomfort.,0
PAT-00389,2024-01-26 08:51:51,97.1,70,37.5,118/74,77,115.3,"This morning, body aches.",0
PAT-00389,2024-01-27 10:26:38,97.9,58,36.0,147/85,92,115.3,Patient denies any symptoms or discomfort.,0
PAT-00389,2024-01-28 10:04:38,96.8,58,38.0,150/86,115,115.3,"Reports fever, severe discomfort. worsening symptoms present.",0
PAT-00389,2024-01-29 09:38:07,95.1,59,35.7,183/114,114,115.3,"Indicates mild coldness, chest pain, severe headache. immediate attention may be needed.",1
PAT-00389,2024-01-30 09:14:40,96.1,81,36.9,118/85,90,115.3,No symptoms reported. Vitals are within expected range.,0
PAT-00390,2024-01-01 09:43:46,94.1,53,36.5,127/73,109,67.5,Patient notes that fatigue.,1
PAT-00390,2024-01-02 09:41:45,96.4,69,37.2,130/75,100,67.5,No significant complaints today.,0
PAT-00390,2024-01-03 09:26:19,92.6,89,38.0,134/93,173,67.5,"This morning, muscle aches, severe discomfort, severe blurred vision, dry mouth, frequent urination. worsening symptoms present.",0
PAT-00390,2024-01-04 08:59:43,96.5,108,37.1,115/79,74,67.5,Patient describes anxiety.,0
PAT-00390,2024-01-05 10:00:18,95.0,64,36.5,181/120,148,67.5,"Notes chest pain, severe headache, frequent urination. immediate attention may be needed.",0
PAT-00390,2024-01-06 10:38:36,94.2,92,37.9,116/85,117,67.5,Indicates mild fever.,0
PAT-00390,2024-01-07 08:17:16,97.4,63,36.9,118/82,107,67.5,Patient is feeling well with all parameters stable.,0
PAT-00390,2024-01-08 09:33:35,92.0,87,36.9,119/80,95,67.5,No symptoms reported. Vitals are within expected range.,0
PAT-00390,2024-01-09 09:00:27,97.5,59,38.7,181/118,87,67.5,"Patient notes that headache, muscle aches, chest pain, severe headache. immediate attention may be needed.",0
PAT-00390,2024-01-10 09:31:10,93.0,68,38.2,185/119,74,67.5,"Observes muscle aches, headache, chest pain, severe headache. immediate attention may be needed.",0
PAT-00390,2024-01-11 08:48:53,97.6,91,37.5,122/83,78,67.5,Patient describes night sweats.,0
PAT-00390,2024-01-12 09:18:17,96.0,94,36.7,117/84,70,67.5,No significant complaints today.,0
PAT-00390,2024-01-13 08:21:55,97.6,101,36.5,112/71,94,67.5,Reports restlessness.,1
PAT-00390,2024-01-14 09:21:30,98.4,90,38.0,126/82,72,67.5,"Patient notes that chills, severe discomfort. worsening symptoms present.",0
PAT-00390,2024-01-15 10:43:32,95.9,104,35.9,122/82,75,67.5,"Reports restlessness, mild coldness.",0
PAT-00390,2024-01-16 10:57:27,98.1,67,36.6,115/77,82,67.5,No significant complaints today.,0
PAT-00390,2024-01-17 08:28:33,96.6,73,36.9,116/71,154,67.5,"Patient describes severe blurred vision, dry mouth, frequent urination. immediate attention may be needed.",1
PAT-00390,2024-01-18 10:13:49,95.5,60,37.2,113/82,123,67.5,Patient denies any symptoms or discomfort.,0
PAT-00390,2024-01-19 08:56:15,94.0,67,36.5,114/77,73,67.5,No significant complaints today.,0
PAT-00390,2024-01-20 10:59:21,94.0,77,37.3,122/78,175,67.5,"Reports severe blurred vision, dry mouth, frequent urination. worsening symptoms present.",0
PAT-00390,2024-01-21 09:02:20,94.0,77,37.0,110/76,98,67.5,Vitals remain within acceptable limits. No issues noted.,0
PAT-00390,2024-01-22 08:46:18,94.9,103,38.5,131/86,71,67.5,"Indicates anxiety, severe discomfort, muscle aches. immediate attention may be needed.",1
PAT-00390,2024-01-23 09:04:49,98.4,62,36.1,150/86,94,67.5,Patient denies any symptoms or discomfort.,0
PAT-00390,2024-01-24 09:46:14,97.5,90,37.0,136/86,95,67.5,No significant complaints today.,0
PAT-00390,2024-01-25 08:50:36,97.3,102,35.7,127/72,175,67.5,"Reports restlessness, lowered energy, severe blurred vision, dry mouth, frequent urination. immediate attention may be needed.",1
PAT-00390,2024-01-26 10:57:24,97.1,98,37.8,117/74,82,67.5,Reports mild fever.,0
PAT-00390,2024-01-27 09:14:57,96.6,107,38.4,164/120,74,67.5,"Patient notes that restlessness, muscle aches, chills, vision issues.",1
PAT-00390,2024-01-28 09:15:34,91.8,99,38.4,163/101,94,67.5,"Indicates shortness of breath, muscle aches, fever, vision issues.",0
PAT-00390,2024-01-29 10:25:01,97.9,102,35.9,173/111,170,67.5,"Reports restlessness, mild coldness, chest tightness, severe blurred vision, dry mouth, frequent urination. immediate attention may be needed.",0
PAT-00390,2024-01-30 10:49:00,97.2,109,35.7,143/88,114,67.5,"Patient describes restlessness, lowered energy.",0
PAT-00391,2024-01-01 10:54:58,91.2,92,37.1,129/78,137,68.0,"Patient notes that shortness of breath, frequent urination.",0
PAT-00391,2024-01-02 08:19:50,95.1,66,35.9,167/100,166,68.0,"This morning, mild coldness, headaches, severe blurred vision, dry mouth, frequent urination. immediate attention may be needed.",0
PAT-00391,2024-01-03 09:01:58,93.9,68,37.2,124/74,85,68.0,Patient is feeling well with all parameters stable.,0
PAT-00391,2024-01-04 09:47:22,93.3,104,36.6,116/79,83,68.0,Patient notes that anxiety.,0
PAT-00391,2024-01-05 09:30:47,93.0,80,38.4,181/109,89,68.0,"Patient notes that severe discomfort, chills, chest pain, severe headache. worsening symptoms present.",1
PAT-00391,2024-01-06 08:39:38,96.9,63,36.8,124/84,99,68.0,Vitals remain within acceptable limits. No issues noted.,0
PAT-00391,2024-01-07 09:25:00,96.9,73,37.2,165/111,89,68.0,Indicates chest tightness.,0
PAT-00391,2024-01-08 09:20:28,96.6,54,37.6,118/73,96,68.0,"Observes fatigue, mild fever.",0
PAT-00391,2024-01-09 08:33:49,96.2,56,36.9,161/109,86,68.0,Notes vision issues.,1
PAT-00391,2024-01-10 08:35:23,98.5,62,36.6,139/94,83,68.0,Patient is feeling well with all parameters stable.,0
PAT-00391,2024-01-11 09:34:53,99.2,109,38.3,139/90,82,68.0,"Today, patient states palpitations, severe discomfort, fever. immediate attention may be needed.",1
PAT-00391,2024-01-12 10:12:45,95.6,62,37.3,122/85,81,68.0,No symptoms reported. Vitals are within expected range.,0
PAT-00391,2024-01-13 10:13:57,100.0,60,37.3,133/85,89,68.0,Patient denies any symptoms or discomfort.,0
PAT-00391,2024-01-14 10:32:11,97.7,79,37.3,141/91,138,68.0,Indicates dry mouth.,0
PAT-00391,2024-01-15 09:48:31,94.4,76,36.2,148/95,116,68.0,No symptoms reported. Vitals are within expected range.,0
PAT-00391,2024-01-16 10:59:26,94.4,95,37.1,165/106,73,68.0,"This morning, headaches.",1
PAT-00391,2024-01-17 08:06:42,100.0,95,37.2,120/77,78,68.0,No significant complaints today.,0
PAT-00391,2024-01-18 09:17:40,94.8,69,37.3,110/84,104,68.0,No symptoms reported. Vitals are within expected range.,0
PAT-00391,2024-01-19 10:07:11,95.7,55,37.6,128/82,176,68.0,"Indicates night sweats, severe blurred vision, dry mouth, frequent urination. worsening symptoms present.",1
PAT-00391,2024-01-20 10:22:26,99.7,51,36.8,113/76,165,68.0,"Patient notes that lightheadedness, severe blurred vision, dry mouth, frequent urination. immediate attention may be needed.",0
PAT-00391,2024-01-21 08:37:13,96.7,85,35.9,122/76,76,68.0,Indicates lowered energy.,0
PAT-00391,2024-01-22 09:30:30,96.5,76,36.6,179/115,95,68.0,Indicates vision issues.,0
PAT-00391,2024-01-23 09:06:10,93.4,104,37.3,123/81,133,68.0,"This morning, restlessness, frequent urination.",1
PAT-00391,2024-01-24 08:00:03,97.4,59,37.1,123/71,100,68.0,No symptoms reported. Vitals are within expected range.,0
PAT-00391,2024-01-25 10:04:51,95.8,80,36.9,167/113,83,68.0,Patient describes chest tightness.,0
PAT-00391,2024-01-26 09:05:00,92.4,52,38.4,111/72,131,68.0,"Reports slow pulse, headache, muscle aches, dry mouth.",1
PAT-00391,2024-01-27 10:32:41,94.2,106,36.4,186/118,77,68.0,"Indicates restlessness, chest pain, severe headache. immediate attention may be needed.",0
PAT-00391,2024-01-28 08:03:06,90.8,51,37.6,130/91,71,68.0,"Patient notes that shortness of breath, lightheadedness, mild fever.",1
PAT-00391,2024-01-29 08:30:02,97.3,102,37.4,113/75,96,68.0,Patient notes that restlessness.,1
PAT-00391,2024-01-30 08:37:23,93.5,89,36.9,112/77,95,68.0,Patient is feeling well with all parameters stable.,0
PAT-00392,2024-01-01 10:08:26,95.6,73,36.7,120/71,89,69.0,No symptoms reported. Vitals are within expected range.,0
PAT-00392,2024-01-02 09:40:53,94.5,91,36.7,130/81,83,69.0,Patient denies any symptoms or discomfort.,0
PAT-00392,2024-01-03 10:46:02,98.6,98,37.4,120/84,95,69.0,Vitals remain within acceptable limits. No issues noted.,0
PAT-00392,2024-01-04 08:16:40,93.3,66,37.4,121/72,137,69.0,Patient describes blurred vision.,0
PAT-00392,2024-01-05 10:22:45,93.5,86,36.9,113/80,86,69.0,Patient denies any symptoms or discomfort.,0
PAT-00392,2024-01-06 09:14:52,97.5,102,38.7,170/113,158,69.0,"Indicates anxiety, muscle aches, headache, vision issues, severe blurred vision, dry mouth, frequent urination. worsening symptoms present.",1
PAT-00392,2024-01-07 09:16:49,98.1,67,36.8,130/87,84,69.0,No symptoms reported. Vitals are within expected range.,0
PAT-00392,2024-01-08 09:46:57,95.9,69,37.1,120/83,103,69.0,No symptoms reported. Vitals are within expected range.,0
PAT-00392,2024-01-09 08:01:23,96.2,98,36.5,111/78,86,69.0,No significant complaints today.,0
PAT-00392,2024-01-10 09:40:46,99.5,74,35.6,143/93,104,69.0,Notes lowered energy.,0
PAT-00392,2024-01-11 10:55:10,97.1,62,38.2,119/83,101,69.0,"Reports headache, severe discomfort. worsening symptoms present.",0
PAT-00392,2024-01-12 10:18:13,96.5,109,35.6,117/81,96,69.0,"Notes anxiety, lowered energy.",0
PAT-00392,2024-01-13 09:00:21,98.8,54,38.3,125/82,85,69.0,"Today, patient states fatigue, muscle aches, severe discomfort. immediate attention may be needed.",1
PAT-00392,2024-01-14 10:50:26,96.4,75,36.8,126/74,106,69.0,Patient is feeling well with all parameters stable.,0
PAT-00392,2024-01-15 10:31:47,93.3,110,35.9,127/78,123,69.0,"Indicates palpitations, mild coldness.",0
PAT-00392,2024-01-16 08:20:40,100.0,51,37.1,125/72,125,69.0,Patient notes that fatigue.,0
PAT-00392,2024-01-17 10:54:14,98.1,65,37.0,114/76,83,69.0,Patient is feeling well with all parameters stable.,0
PAT-00392,2024-01-18 10:07:19,97.0,65,36.4,130/95,175,69.0,"Patient describes severe blurred vision, dry mouth, frequent urination. immediate attention may be needed.",0
PAT-00392,2024-01-19 09:42:15,96.3,99,38.6,110/76,113,69.0,"Patient notes that chills, headache.",1
PAT-00392,2024-01-20 10:22:09,97.4,64,37.9,139/87,119,69.0,"This morning, mild fever.",0
PAT-00392,2024-01-21 09:45:21,96.1,85,35.9,114/71,116,69.0,Observes mild coldness.,0
PAT-00392,2024-01-22 08:30:22,95.4,79,36.5,126/73,84,69.0,No symptoms reported. Vitals are within expected range.,0
PAT-00392,2024-01-23 08:27:01,96.0,88,37.7,132/87,79,69.0,Patient describes body aches.,0
PAT-00392,2024-01-24 09:03:12,93.3,73,35.9,130/93,74,69.0,Reports lowered energy.,0
PAT-00392,2024-01-25 10:28:45,95.6,55,37.7,146/89,88,69.0,Indicates body aches.,0
PAT-00392,2024-01-26 09:50:51,98.5,110,36.5,115/72,125,69.0,"Today, patient states palpitations.",0
PAT-00392,2024-01-27 10:41:14,99.9,58,38.3,128/82,77,69.0,"This morning, muscle aches, severe discomfort. immediate attention may be needed.",1
PAT-00392,2024-01-28 08:15:55,96.0,90,36.9,120/83,105,69.0,Patient denies any symptoms or discomfort.,0
PAT-00392,2024-01-29 09:01:14,95.7,86,36.2,127/80,90,69.0,No significant complaints today.,0
PAT-00392,2024-01-30 09:51:56,95.7,58,38.2,122/71,103,69.0,"Observes fever, severe discomfort. worsening symptoms present.",0
PAT-00393,2024-01-01 08:39:03,100.0,90,35.9,131/89,121,66.0,Reports mild coldness.,0
PAT-00393,2024-01-02 10:34:40,96.7,89,38.8,128/76,99,66.0,"Patient describes severe discomfort, headache. immediate attention may be needed.",1
PAT-00393,2024-01-03 08:07:11,95.2,71,36.7,123/82,130,66.0,"This morning, dry mouth.",0
PAT-00393,2024-01-04 08:07:16,98.1,50,38.5,114/78,88,66.0,"Notes slow pulse, severe discomfort, chills. worsening symptoms present.",0
PAT-00393,2024-01-05 08:58:31,94.6,51,36.5,113/80,74,66.0,"Today, patient states lightheadedness.",1
PAT-00393,2024-01-06 10:41:52,94.4,84,36.2,139/86,95,66.0,Patient is feeling well with all parameters stable.,0
PAT-00393,2024-01-07 09:30:24,97.1,71,35.8,183/111,95,66.0,"Patient notes that mild coldness, chest pain, severe headache. immediate attention may be needed.",0
PAT-00393,2024-01-08 08:52:17,97.7,65,36.5,140/89,122,66.0,No significant complaints today.,0
PAT-00393,2024-01-09 10:20:30,95.1,56,37.3,115/79,118,66.0,Patient denies any symptoms or discomfort.,0
PAT-00393,2024-01-10 10:39:26,94.7,81,37.1,113/84,80,66.0,Patient denies any symptoms or discomfort.,0
PAT-00393,2024-01-11 10:43:56,94.7,95,35.7,176/103,84,66.0,"Observes mild coldness, chest tightness.",0
PAT-00393,2024-01-12 09:34:22,97.0,64,37.1,114/79,96,66.0,No symptoms reported. Vitals are within expected range.,0
PAT-00393,2024-01-13 09:55:28,94.3,94,37.4,131/93,107,66.0,Vitals remain within acceptable limits. No issues noted.,0
PAT-00393,2024-01-14 08:42:01,95.8,76,36.2,123/75,105,66.0,No significant complaints today.,0
PAT-00393,2024-01-15 10:05:38,95.3,69,38.0,110/83,113,66.0,"This morning, severe discomfort, muscle aches. immediate attention may be needed.",0
PAT-00393,2024-01-16 08:54:23,97.4,100,38.8,142/95,74,66.0,"Patient notes that severe discomfort, headache. immediate attention may be needed.",1
PAT-00393,2024-01-17 08:12:35,94.4,98,35.9,113/83,75,66.0,Patient notes that mild coldness.,0
PAT-00393,2024-01-18 10:50:40,95.3,63,36.3,120/81,90,66.0,Patient denies any symptoms or discomfort.,0
PAT-00393,2024-01-19 10:18:48,94.8,103,36.4,128/84,81,66.0,"Today, patient states anxiety.",0
PAT-00393,2024-01-20 09:13:24,93.5,70,37.8,128/75,85,66.0,Observes body aches.,0
PAT-00393,2024-01-21 08:07:58,98.4,96,35.8,133/92,82,66.0,Patient notes that mild coldness.,0
PAT-00393,2024-01-22 10:44:32,95.4,56,37.1,141/85,98,66.0,Patient denies any symptoms or discomfort.,0
PAT-00393,2024-01-23 09:03:58,97.8,58,36.8,144/87,99,66.0,No symptoms reported. Vitals are within expected range.,0
PAT-00393,2024-01-24 08:00:27,95.2,74,38.2,122/78,97,66.0,"Patient describes muscle aches, severe discomfort. immediate attention may be needed.",1
PAT-00393,2024-01-25 08:59:58,96.4,65,36.4,111/72,86,66.0,Patient is feeling well with all parameters stable.,0
PAT-00393,2024-01-26 08:57:34,99.6,100,36.7,122/80,98,66.0,Patient denies any symptoms or discomfort.,0
PAT-00393,2024-01-27 08:22:49,96.5,86,37.1,130/77,158,66.0,"Patient describes severe blurred vision, dry mouth, frequent urination. immediate attention may be needed.",0
PAT-00393,2024-01-28 08:17:26,98.8,100,37.1,110/76,135,66.0,Patient describes dry mouth.,0
PAT-00393,2024-01-29 08:01:30,93.4,60,36.6,182/107,71,66.0,"Patient notes that chest pain, severe headache. worsening symptoms present.",0
PAT-00393,2024-01-30 10:40:11,96.7,97,36.9,130/79,94,66.0,Vitals remain within acceptable limits. No issues noted.,0
PAT-00394,2024-01-01 10:49:26,96.2,84,35.5,117/80,90,76.7,Patient describes lowered energy.,0
PAT-00394,2024-01-02 09:40:45,98.2,96,36.7,142/90,79,76.7,Vitals remain within acceptable limits. No issues noted.,0
PAT-00394,2024-01-03 09:26:47,97.7,50,38.6,132/95,72,76.7,"Today, patient states slow pulse, fever, muscle aches.",0
PAT-00394,2024-01-04 10:59:37,95.5,61,36.6,132/91,175,76.7,"Today, patient states severe blurred vision, dry mouth, frequent urination. immediate attention may be needed.",0
PAT-00394,2024-01-05 09:22:06,96.8,98,36.5,122/70,101,76.7,No significant complaints today.,0
PAT-00394,2024-01-06 08:01:00,94.9,79,37.3,121/79,128,76.7,Notes blurred vision.,0
PAT-00394,2024-01-07 10:36:46,96.3,92,37.1,128/81,123,76.7,No symptoms reported. Vitals are within expected range.,0
PAT-00394,2024-01-08 08:58:28,92.5,104,37.1,119/81,70,76.7,Patient notes that palpitations.,1
PAT-00394,2024-01-09 10:44:08,93.7,100,36.9,137/85,146,76.7,Reports frequent urination.,0
PAT-00394,2024-01-10 09:07:58,96.6,95,36.0,143/95,78,76.7,No symptoms reported. Vitals are within expected range.,0
PAT-00394,2024-01-11 10:38:46,99.0,66,37.2,127/84,111,76.7,Patient denies any symptoms or discomfort.,0
PAT-00394,2024-01-12 10:40:49,92.7,72,38.9,127/71,82,76.7,"Notes headache, severe discomfort. immediate attention may be needed.",0
PAT-00394,2024-01-13 09:28:12,99.5,106,36.2,125/80,71,76.7,Indicates palpitations.,1
PAT-00394,2024-01-14 10:28:41,96.1,53,36.7,187/112,75,76.7,"Notes lightheadedness, chest pain, severe headache. worsening symptoms present.",0
PAT-00394,2024-01-15 09:29:57,100.0,54,35.7,120/80,96,76.7,"Reports slow pulse, lowered energy.",1
PAT-00394,2024-01-16 09:06:30,95.4,97,37.4,130/78,92,76.7,No significant complaints today.,0
PAT-00394,2024-01-17 08:11:51,96.1,92,37.3,128/72,79,76.7,No symptoms reported. Vitals are within expected range.,0
PAT-00394,2024-01-18 09:55:58,95.5,60,37.1,128/84,101,76.7,No symptoms reported. Vitals are within expected range.,0
PAT-00394,2024-01-19 10:47:02,95.5,52,37.1,130/71,94,76.7,"Today, patient states lightheadedness.",0
PAT-00394,2024-01-20 08:23:02,98.4,109,37.4,122/72,161,76.7,"Patient describes palpitations, severe blurred vision, dry mouth, frequent urination. immediate attention may be needed.",1
PAT-00394,2024-01-21 10:26:11,95.7,77,37.2,128/73,97,76.7,Patient is feeling well with all parameters stable.,0
PAT-00394,2024-01-22 10:58:16,97.5,91,37.6,131/92,86,76.7,Observes mild fever.,0
PAT-00394,2024-01-23 10:38:13,97.2,90,37.1,162/106,105,76.7,Reports headaches.,1
PAT-00394,2024-01-24 08:03:40,96.7,61,36.8,135/87,97,76.7,Patient denies any symptoms or discomfort.,0
PAT-00394,2024-01-25 10:06:26,100.0,53,37.6,136/89,110,76.7,"Notes lightheadedness, body aches.",0
PAT-00394,2024-01-26 08:01:23,95.2,71,35.7,127/73,102,76.7,Reports mild coldness.,0
PAT-00394,2024-01-27 08:03:47,96.2,101,36.8,114/84,100,76.7,Notes palpitations.,1
PAT-00394,2024-01-28 08:34:40,94.5,98,37.0,169/101,122,76.7,"Today, patient states headaches.",0
PAT-00394,2024-01-29 08:31:57,96.7,88,37.4,121/81,143,76.7,Patient describes frequent urination.,0
PAT-00394,2024-01-30 10:49:48,96.5,90,36.1,130/81,121,76.7,Patient denies any symptoms or discomfort.,0
PAT-00395,2024-01-01 09:53:19,96.1,68,37.3,170/104,112,77.3,Observes headaches.,0
PAT-00395,2024-01-02 09:10:48,97.0,82,36.9,116/72,177,77.3,"Today, patient states severe blurred vision, dry mouth, frequent urination. worsening symptoms present.",1
PAT-00395,2024-01-03 08:39:06,95.6,110,37.1,173/104,87,77.3,"Notes anxiety, headaches.",0
PAT-00395,2024-01-04 09:55:31,97.8,84,35.6,120/77,92,77.3,Notes mild coldness.,0
PAT-00395,2024-01-05 08:33:06,93.1,61,36.9,115/82,134,77.3,"Today, patient states blurred vision.",0
PAT-00395,2024-01-06 10:53:26,95.6,92,36.9,148/88,100,77.3,Patient is feeling well with all parameters stable.,0
PAT-00395,2024-01-07 08:28:39,98.5,90,36.4,172/109,114,77.3,Patient notes that chest tightness.,1
PAT-00395,2024-01-08 08:01:47,99.4,107,37.0,183/103,93,77.3,"Notes restlessness, chest pain, severe headache. immediate attention may be needed.",1
PAT-00395,2024-01-09 10:05:29,96.0,61,38.6,124/75,93,77.3,"Notes chills, fever.",1
PAT-00395,2024-01-10 09:10:39,96.3,58,37.2,112/84,86,77.3,No significant complaints today.,0
PAT-00395,2024-01-11 10:40:49,98.2,54,36.1,116/78,90,77.3,Indicates lightheadedness.,1
PAT-00395,2024-01-12 09:03:15,92.7,103,35.8,110/75,119,77.3,"Patient describes palpitations, mild coldness.",1
PAT-00395,2024-01-13 08:09:29,97.1,62,37.0,129/72,71,77.3,No significant complaints today.,0
PAT-00395,2024-01-14 09:20:50,94.2,64,36.5,119/74,83,77.3,Patient is feeling well with all parameters stable.,0
PAT-00395,2024-01-15 08:17:13,95.6,61,36.5,119/71,82,77.3,Patient is feeling well with all parameters stable.,0
PAT-00395,2024-01-16 09:46:43,96.1,64,36.5,178/111,82,77.3,Reports vision issues.,0
PAT-00395,2024-01-17 09:10:18,97.1,83,38.0,113/81,79,77.3,"Patient notes that muscle aches, headache.",1
PAT-00395,2024-01-18 08:44:34,93.9,70,37.2,110/73,105,77.3,Patient denies any symptoms or discomfort.,0
PAT-00395,2024-01-19 08:32:36,98.5,52,36.4,113/72,83,77.3,Notes lightheadedness.,1
PAT-00395,2024-01-20 08:54:25,97.0,101,37.2,118/73,86,77.3,Notes palpitations.,0
PAT-00395,2024-01-21 10:43:13,99.6,80,37.2,123/76,73,77.3,Vitals remain within acceptable limits. No issues noted.,0
PAT-00395,2024-01-22 10:46:05,97.7,59,37.3,125/76,70,77.3,No significant complaints today.,0
PAT-00395,2024-01-23 10:04:06,95.6,93,37.0,131/94,144,77.3,Patient describes frequent urination.,0
PAT-00395,2024-01-24 09:30:38,96.5,88,37.1,127/80,86,77.3,No significant complaints today.,0
PAT-00395,2024-01-25 10:38:03,93.7,57,38.4,129/82,133,77.3,"Patient describes severe discomfort, muscle aches, frequent urination. immediate attention may be needed.",0
PAT-00395,2024-01-26 10:06:52,98.4,92,38.5,143/88,76,77.3,"Reports muscle aches, fever.",1
PAT-00395,2024-01-27 08:13:56,97.0,63,35.5,117/76,77,77.3,"Today, patient states lowered energy.",0
PAT-00395,2024-01-28 09:36:34,97.0,54,36.2,118/76,149,77.3,"Notes slow pulse, dry mouth.",1
PAT-00395,2024-01-29 10:21:12,94.5,93,36.2,114/78,94,77.3,Vitals remain within acceptable limits. No issues noted.,0
PAT-00395,2024-01-30 10:23:39,98.6,93,36.8,123/79,98,77.3,No symptoms reported. Vitals are within expected range.,0
PAT-00396,2024-01-01 09:27:44,99.6,84,36.8,139/85,96,79.7,No symptoms reported. Vitals are within expected range.,0
PAT-00396,2024-01-02 10:17:57,95.9,108,38.6,132/88,77,79.7,"Indicates restlessness, fever, muscle aches.",1
PAT-00396,2024-01-03 08:25:08,96.8,93,37.3,122/77,72,79.7,Vitals remain within acceptable limits. No issues noted.,0
PAT-00396,2024-01-04 09:49:26,95.4,62,37.8,121/84,79,79.7,Patient notes that mild fever.,0
PAT-00396,2024-01-05 08:14:24,97.9,68,36.8,129/77,90,79.7,No symptoms reported. Vitals are within expected range.,0
PAT-00396,2024-01-06 09:51:39,93.5,81,36.7,119/81,98,79.7,Patient denies any symptoms or discomfort.,0
PAT-00396,2024-01-07 10:54:40,93.9,56,37.0,124/75,79,79.7,No significant complaints today.,0
PAT-00396,2024-01-08 10:31:55,93.9,87,37.1,131/86,145,79.7,"This morning, frequent urination.",0
PAT-00396,2024-01-09 08:03:50,95.4,52,37.7,142/94,97,79.7,"This morning, fatigue, night sweats.",1
PAT-00396,2024-01-10 08:24:25,98.8,78,38.2,111/78,83,79.7,"Notes chills, headache.",0
PAT-00396,2024-01-11 09:17:46,95.6,79,37.1,124/83,99,79.7,Vitals remain within acceptable limits. No issues noted.,0
PAT-00396,2024-01-12 10:52:06,94.4,100,37.7,124/82,71,79.7,Indicates night sweats.,0
PAT-00396,2024-01-13 08:01:48,97.9,83,37.4,189/102,75,79.7,"Patient describes chest pain, severe headache. immediate attention may be needed.",0
PAT-00396,2024-01-14 09:12:04,94.9,90,37.4,147/86,71,79.7,Patient denies any symptoms or discomfort.,0
PAT-00396,2024-01-15 10:10:46,96.0,110,37.0,121/76,76,79.7,"Today, patient states restlessness.",1
PAT-00396,2024-01-16 10:47:18,93.8,104,35.7,160/105,117,79.7,"Today, patient states palpitations, lowered energy, chest tightness.",1
PAT-00396,2024-01-17 10:46:21,99.1,73,36.6,124/85,72,79.7,Vitals remain within acceptable limits. No issues noted.,0
PAT-00396,2024-01-18 10:48:46,94.9,101,36.1,124/78,95,79.7,Notes anxiety.,1
PAT-00396,2024-01-19 10:34:49,97.6,110,36.2,135/90,124,79.7,"Today, patient states palpitations.",1
PAT-00396,2024-01-20 10:46:25,98.3,74,36.9,126/71,121,79.7,Patient is feeling well with all parameters stable.,0
PAT-00396,2024-01-21 09:56:12,98.4,71,37.0,141/93,84,79.7,Vitals remain within acceptable limits. No issues noted.,0
PAT-00396,2024-01-22 08:59:39,97.4,76,36.9,129/84,74,79.7,Vitals remain within acceptable limits. No issues noted.,0
PAT-00396,2024-01-23 10:54:58,95.9,53,37.3,125/79,83,79.7,Observes slow pulse.,0
PAT-00396,2024-01-24 10:32:17,97.7,60,38.1,131/90,80,79.7,"This morning, chills, headache.",1
PAT-00396,2024-01-25 10:13:36,97.2,67,36.5,112/76,79,79.7,Patient is feeling well with all parameters stable.,0
PAT-00396,2024-01-26 10:59:25,98.0,50,36.0,145/95,106,79.7,Indicates slow pulse.,0
PAT-00396,2024-01-27 09:59:03,97.1,72,38.4,132/88,90,79.7,"Observes severe discomfort, fever. worsening symptoms present.",0
PAT-00396,2024-01-28 09:38:02,96.3,91,36.0,115/70,85,79.7,Patient is feeling well with all parameters stable.,0
PAT-00396,2024-01-29 10:14:57,97.6,90,37.2,111/79,129,79.7,Indicates dry mouth.,0
PAT-00396,2024-01-30 10:05:27,97.4,51,36.6,114/77,113,79.7,"This morning, fatigue.",1
PAT-00397,2024-01-01 08:48:39,98.8,66,37.2,137/95,80,61.6,No significant complaints today.,0
PAT-00397,2024-01-02 10:28:58,97.8,68,37.4,139/90,96,61.6,No significant complaints today.,0
PAT-00397,2024-01-03 10:41:29,95.1,54,36.7,115/77,85,61.6,"This morning, fatigue.",1
PAT-00397,2024-01-04 08:36:13,95.2,98,37.1,120/76,70,61.6,Patient denies any symptoms or discomfort.,0
PAT-00397,2024-01-05 10:23:06,97.0,78,35.9,168/112,117,61.6,"Indicates lowered energy, vision issues.",0
PAT-00397,2024-01-06 08:39:22,96.4,89,37.6,110/77,121,61.6,Patient notes that body aches.,0
PAT-00397,2024-01-07 08:27:25,94.9,55,36.4,189/116,90,61.6,"Reports chest pain, severe headache. worsening symptoms present.",1
PAT-00397,2024-01-08 08:10:47,93.4,50,37.0,149/91,83,61.6,"This morning, fatigue.",1
PAT-00397,2024-01-09 09:10:20,95.3,103,37.9,190/117,99,61.6,"Notes restlessness, night sweats, chest pain, severe headache. immediate attention may be needed.",1
PAT-00397,2024-01-10 09:21:35,99.8,55,36.7,110/71,86,61.6,No symptoms reported. Vitals are within expected range.,0
PAT-00397,2024-01-11 08:20:42,95.7,104,37.3,134/91,90,61.6,Patient notes that anxiety.,1
PAT-00397,2024-01-12 08:32:57,100.0,81,37.1,138/91,171,61.6,"Reports severe blurred vision, dry mouth, frequent urination. immediate attention may be needed.",1
PAT-00397,2024-01-13 09:20:19,96.2,53,37.6,148/86,93,61.6,"Reports lightheadedness, night sweats.",1
PAT-00397,2024-01-14 09:26:55,99.1,80,38.9,146/93,150,61.6,"This morning, headache, chills, severe blurred vision, dry mouth, frequent urination. immediate attention may be needed.",0
PAT-00397,2024-01-15 09:22:58,97.9,81,36.4,128/76,76,61.6,Patient is feeling well with all parameters stable.,0
PAT-00397,2024-01-16 10:41:39,99.8,53,36.2,113/81,137,61.6,"Patient describes lightheadedness, blurred vision.",0
PAT-00397,2024-01-17 08:27:50,96.4,56,36.7,130/81,104,61.6,No significant complaints today.,0
PAT-00397,2024-01-18 08:04:36,95.4,68,36.9,142/90,123,61.6,No significant complaints today.,0
PAT-00397,2024-01-19 10:39:53,93.1,82,37.3,126/72,83,61.6,Patient denies any symptoms or discomfort.,0
PAT-00397,2024-01-20 09:52:53,94.8,86,37.2,142/87,78,61.6,No symptoms reported. Vitals are within expected range.,0
PAT-00397,2024-01-21 09:56:12,100.0,100,37.8,123/70,77,61.6,Reports night sweats.,0
PAT-00397,2024-01-22 09:27:11,94.4,101,37.2,128/80,94,61.6,Reports restlessness.,0
PAT-00397,2024-01-23 10:01:43,94.6,109,36.7,118/76,126,61.6,"Patient notes that restlessness, frequent urination.",0
PAT-00397,2024-01-24 08:41:01,96.2,108,37.3,119/83,84,61.6,Patient describes restlessness.,1
PAT-00397,2024-01-25 08:05:19,97.1,70,36.4,174/111,125,61.6,"Today, patient states chest tightness.",1
PAT-00397,2024-01-26 10:04:22,94.0,80,36.6,124/78,94,61.6,No symptoms reported. Vitals are within expected range.,0
PAT-00397,2024-01-27 09:52:29,92.1,58,38.3,110/76,72,61.6,"Observes chills, muscle aches.",0
PAT-00397,2024-01-28 10:22:12,99.3,83,36.1,160/115,93,61.6,"This morning, chest tightness.",1
PAT-00397,2024-01-29 10:56:23,97.6,70,37.9,134/86,80,61.6,"This morning, night sweats.",0
PAT-00397,2024-01-30 08:06:16,96.3,58,36.8,177/118,154,61.6,"Patient notes that vision issues, severe blurred vision, dry mouth, frequent urination. immediate attention may be needed.",0
PAT-00398,2024-01-01 09:36:26,97.8,106,36.1,138/86,138,49.8,"This morning, anxiety, frequent urination.",0
PAT-00398,2024-01-02 10:35:35,93.6,74,38.4,120/82,118,49.8,"Patient notes that severe discomfort, fever. worsening symptoms present.",1
PAT-00398,2024-01-03 10:25:38,94.5,86,36.9,114/71,135,49.8,"Today, patient states frequent urination.",0
PAT-00398,2024-01-04 10:28:24,98.5,105,37.3,120/82,83,49.8,"Today, patient states restlessness.",0
PAT-00398,2024-01-05 09:40:51,94.7,77,37.2,118/73,84,49.8,No significant complaints today.,0
PAT-00398,2024-01-06 09:39:51,95.6,72,36.5,127/80,102,49.8,Vitals remain within acceptable limits. No issues noted.,0
PAT-00398,2024-01-07 09:45:23,96.5,93,36.6,141/87,100,49.8,No significant complaints today.,0
PAT-00398,2024-01-08 08:32:14,93.9,102,35.9,126/83,70,49.8,"Notes restlessness, lowered energy.",0
PAT-00398,2024-01-09 09:16:05,94.3,63,37.9,117/81,91,49.8,"This morning, body aches.",0
PAT-00398,2024-01-10 10:30:43,94.6,90,37.9,110/82,89,49.8,"This morning, body aches.",0
PAT-00398,2024-01-11 08:38:03,100.0,52,36.8,119/80,100,49.8,Observes fatigue.,0
PAT-00398,2024-01-12 10:25:17,97.2,68,36.8,128/73,111,49.8,No symptoms reported. Vitals are within expected range.,0
PAT-00398,2024-01-13 10:54:29,99.0,105,37.6,118/77,109,49.8,"Reports palpitations, mild fever.",0
PAT-00398,2024-01-14 08:56:10,97.5,50,36.9,123/77,108,49.8,"Today, patient states slow pulse.",0
PAT-00398,2024-01-15 09:55:59,95.6,58,38.0,123/76,78,49.8,"This morning, fever, muscle aches.",0
PAT-00398,2024-01-16 10:47:26,94.0,75,36.6,130/79,73,49.8,No symptoms reported. Vitals are within expected range.,0
PAT-00398,2024-01-17 09:19:32,97.6,101,37.3,149/85,95,49.8,Reports restlessness.,1
PAT-00398,2024-01-18 10:16:21,95.7,85,37.7,172/116,78,49.8,"Observes night sweats, vision issues.",0
PAT-00398,2024-01-19 08:59:17,96.6,58,35.6,168/107,95,49.8,"Today, patient states mild coldness, vision issues.",0
PAT-00398,2024-01-20 10:45:54,95.3,98,37.1,169/118,93,49.8,Reports vision issues.,0
PAT-00398,2024-01-21 10:44:39,95.4,85,36.7,120/73,97,49.8,Patient is feeling well with all parameters stable.,0
PAT-00398,2024-01-22 10:40:32,93.0,110,36.3,122/84,107,49.8,Indicates anxiety.,0
PAT-00398,2024-01-23 08:01:33,97.0,103,35.5,130/95,85,49.8,"Notes anxiety, mild coldness.",1
PAT-00398,2024-01-24 08:13:13,96.0,52,37.0,122/76,73,49.8,Patient notes that lightheadedness.,1
PAT-00398,2024-01-25 08:49:42,95.8,104,38.7,144/91,89,49.8,"Indicates anxiety, chills, headache.",1
PAT-00398,2024-01-26 08:36:01,94.6,88,37.1,127/81,97,49.8,Patient denies any symptoms or discomfort.,0
PAT-00398,2024-01-27 09:16:09,96.1,98,37.1,161/103,135,49.8,"Indicates vision issues, blurred vision.",0
PAT-00398,2024-01-28 09:18:09,98.7,51,37.9,114/81,86,49.8,"Patient describes slow pulse, night sweats.",1
PAT-00398,2024-01-29 09:50:03,92.5,95,36.6,138/89,93,49.8,Patient is feeling well with all parameters stable.,0
PAT-00398,2024-01-30 08:37:33,97.5,51,38.8,139/93,103,49.8,"Patient describes slow pulse, muscle aches, severe discomfort. worsening symptoms present.",1
PAT-00399,2024-01-01 10:00:03,94.1,88,36.6,149/93,147,66.4,Observes blurred vision.,0
PAT-00399,2024-01-02 08:20:08,94.9,59,36.6,167/110,108,66.4,Patient describes chest tightness.,1
PAT-00399,2024-01-03 08:28:50,98.5,64,35.7,111/74,105,66.4,Indicates lowered energy.,0
PAT-00399,2024-01-04 09:41:52,94.7,98,36.8,180/108,86,66.4,Observes chest tightness.,0
PAT-00399,2024-01-05 10:51:16,95.2,54,37.1,122/71,105,66.4,Notes lightheadedness.,1
PAT-00399,2024-01-06 08:11:26,96.5,89,36.9,189/120,84,66.4,"This morning, chest pain, severe headache. worsening symptoms present.",0
PAT-00399,2024-01-07 09:02:06,94.9,106,37.0,127/70,96,66.4,Reports palpitations.,1
PAT-00399,2024-01-08 10:00:55,95.2,59,37.6,125/70,114,66.4,"This morning, body aches.",0
PAT-00399,2024-01-09 10:44:05,94.6,99,37.4,128/79,79,66.4,No symptoms reported. Vitals are within expected range.,0
PAT-00399,2024-01-10 08:25:48,98.5,82,36.1,168/118,94,66.4,Notes headaches.,1
PAT-00399,2024-01-11 10:55:17,97.7,110,36.9,177/118,91,66.4,"Patient describes restlessness, vision issues.",0
PAT-00399,2024-01-12 10:19:36,96.4,72,36.9,120/78,111,66.4,No symptoms reported. Vitals are within expected range.,0
PAT-00399,2024-01-13 08:41:42,100.0,106,37.0,110/85,77,66.4,Patient describes restlessness.,0
PAT-00399,2024-01-14 09:41:56,90.6,66,36.3,118/79,74,66.4,Reports low energy.,1
PAT-00399,2024-01-15 10:37:31,95.8,76,37.9,117/70,89,66.4,Patient describes mild fever.,0
PAT-00399,2024-01-16 09:02:08,97.2,79,36.3,110/75,172,66.4,"Patient describes severe blurred vision, dry mouth, frequent urination. worsening symptoms present.",0
PAT-00399,2024-01-17 08:14:52,94.9,67,36.9,114/85,86,66.4,Patient denies any symptoms or discomfort.,0
PAT-00399,2024-01-18 08:05:57,94.3,59,37.2,113/79,116,66.4,Vitals remain within acceptable limits. No issues noted.,0
PAT-00399,2024-01-19 09:53:52,96.1,66,36.9,121/83,99,66.4,No symptoms reported. Vitals are within expected range.,0
PAT-00399,2024-01-20 10:56:18,96.3,59,36.9,130/80,110,66.4,Patient denies any symptoms or discomfort.,0
PAT-00399,2024-01-21 08:05:46,96.7,83,36.5,110/83,119,66.4,Patient denies any symptoms or discomfort.,0
PAT-00399,2024-01-22 10:19:56,94.4,86,36.4,110/76,117,66.4,No significant complaints today.,0
PAT-00399,2024-01-23 08:43:23,97.8,108,36.6,142/91,74,66.4,Patient notes that palpitations.,1
PAT-00399,2024-01-24 09:28:48,96.3,109,38.7,121/77,94,66.4,"Indicates anxiety, chills, headache.",1
PAT-00399,2024-01-25 10:36:21,98.1,105,38.0,119/71,124,66.4,"Indicates restlessness, headache, chills.",0
PAT-00399,2024-01-26 08:51:09,97.4,77,36.6,147/90,81,66.4,Patient denies any symptoms or discomfort.,0
PAT-00399,2024-01-27 10:54:32,97.1,90,37.1,131/87,98,66.4,Vitals remain within acceptable limits. No issues noted.,0
PAT-00399,2024-01-28 08:18:04,97.8,64,36.6,114/80,87,66.4,No significant complaints today.,0
PAT-00399,2024-01-29 10:32:57,93.6,54,37.3,148/90,93,66.4,Reports lightheadedness.,0
PAT-00399,2024-01-30 09:37:25,93.4,85,36.6,125/74,122,66.4,Patient denies any symptoms or discomfort.,0
PAT-00400,2024-01-01 09:04:50,95.2,76,36.5,141/91,84,58.0,Patient is feeling well with all parameters stable.,0
PAT-00400,2024-01-02 08:46:06,96.2,72,38.7,115/76,88,58.0,"Patient notes that chills, headache.",0
PAT-00400,2024-01-03 09:49:11,96.2,54,36.2,190/108,142,58.0,"Patient describes slow pulse, chest pain, severe headache, blurred vision. immediate attention may be needed.",0
PAT-00400,2024-01-04 09:16:11,92.0,62,36.6,139/94,110,58.0,No significant complaints today.,0
PAT-00400,2024-01-05 10:28:38,98.0,98,37.3,124/83,109,58.0,No symptoms reported. Vitals are within expected range.,0
PAT-00400,2024-01-06 09:53:03,92.9,82,35.6,145/94,91,58.0,Patient notes that lowered energy.,0
PAT-00400,2024-01-07 09:56:24,93.2,64,36.5,121/75,125,58.0,No symptoms reported. Vitals are within expected range.,0
PAT-00400,2024-01-08 09:38:44,94.0,54,36.1,168/108,75,58.0,"Notes slow pulse, vision issues.",0
PAT-00400,2024-01-09 09:36:26,98.3,67,37.1,120/85,116,58.0,Vitals remain within acceptable limits. No issues noted.,0
PAT-00400,2024-01-10 08:06:48,95.6,96,36.8,176/108,80,58.0,"Today, patient states chest tightness.",1
PAT-00400,2024-01-11 08:56:47,94.4,52,35.6,129/70,141,58.0,"Indicates lightheadedness, mild coldness, frequent urination.",1
PAT-00400,2024-01-12 10:23:26,96.8,87,37.6,135/90,95,58.0,Patient notes that mild fever.,0
PAT-00400,2024-01-13 09:40:09,96.4,63,38.4,168/118,115,58.0,"Patient describes muscle aches, chills, chest tightness.",1
PAT-00400,2024-01-14 09:17:24,100.0,57,36.9,123/77,114,58.0,No symptoms reported. Vitals are within expected range.,0
PAT-00400,2024-01-15 09:24:49,100.0,84,37.1,130/91,122,58.0,Patient is feeling well with all parameters stable.,0
PAT-00400,2024-01-16 08:44:08,96.7,52,36.5,135/95,97,58.0,Patient notes that fatigue.,0
PAT-00400,2024-01-17 10:14:35,96.9,68,37.0,113/82,92,58.0,Patient denies any symptoms or discomfort.,0
PAT-00400,2024-01-18 09:36:35,97.4,60,36.6,119/85,90,58.0,No symptoms reported. Vitals are within expected range.,0
PAT-00400,2024-01-19 08:35:03,94.1,75,37.4,123/73,77,58.0,No symptoms reported. Vitals are within expected range.,0
PAT-00400,2024-01-20 08:14:20,94.8,102,36.8,112/78,89,58.0,Notes anxiety.,0
PAT-00400,2024-01-21 10:10:12,96.4,89,37.3,122/73,73,58.0,Vitals remain within acceptable limits. No issues noted.,0
PAT-00400,2024-01-22 09:50:16,93.7,104,37.3,189/114,76,58.0,"Today, patient states palpitations, chest pain, severe headache. worsening symptoms present.",1
PAT-00400,2024-01-23 09:45:58,95.1,93,36.8,113/85,125,58.0,Patient is feeling well with all parameters stable.,0
PAT-00400,2024-01-24 09:08:36,94.4,83,38.0,137/90,93,58.0,"Today, patient states muscle aches, headache.",1
PAT-00400,2024-01-25 10:32:48,98.8,102,38.6,127/85,72,58.0,"Patient describes restlessness, headache, muscle aches.",1
PAT-00400,2024-01-26 09:32:12,96.1,109,37.0,128/73,74,58.0,Observes palpitations.,1
PAT-00400,2024-01-27 10:21:21,99.2,109,37.6,146/94,93,58.0,"Today, patient states palpitations, body aches.",0
PAT-00400,2024-01-28 09:55:22,94.1,95,37.1,114/76,97,58.0,Vitals remain within acceptable limits. No issues noted.,0
PAT-00400,2024-01-29 09:57:56,93.1,55,37.4,112/80,124,58.0,Patient denies any symptoms or discomfort.,0
PAT-00400,2024-01-30 08:31:41,92.2,70,35.6,118/73,178,58.0,"Observes mild coldness, severe blurred vision, dry mouth, frequent urination. immediate attention may be needed.",1
PAT-00401,2024-01-01 10:22:33,97.2,106,35.7,117/78,82,64.8,"Patient describes palpitations, lowered energy.",0
PAT-00401,2024-01-02 10:49:55,96.5,51,37.9,112/73,174,64.8,"Patient describes fatigue, body aches, severe blurred vision, dry mouth, frequent urination. immediate attention may be needed.",0
PAT-00401,2024-01-03 10:07:11,92.6,70,38.3,178/111,78,64.8,"Notes chills, muscle aches, chest tightness.",1
PAT-00401,2024-01-04 09:18:08,97.3,103,36.5,114/70,143,64.8,"Notes restlessness, blurred vision.",1
PAT-00401,2024-01-05 10:59:02,100.0,76,35.7,111/78,97,64.8,Indicates lowered energy.,0
PAT-00401,2024-01-06 08:19:14,97.0,87,35.9,117/71,82,64.8,Observes lowered energy.,0
PAT-00401,2024-01-07 09:21:49,94.4,87,38.8,114/77,83,64.8,"Today, patient states severe discomfort, chills. worsening symptoms present.",0
PAT-00401,2024-01-08 08:48:10,90.5,91,37.0,121/70,75,64.8,Patient describes dizziness.,0
PAT-00401,2024-01-09 10:49:39,99.8,54,37.2,173/117,106,64.8,"Today, patient states lightheadedness, headaches.",0
PAT-00401,2024-01-10 10:39:19,95.0,90,36.8,148/93,96,64.8,Vitals remain within acceptable limits. No issues noted.,0
PAT-00401,2024-01-11 10:07:38,94.8,77,37.7,122/78,170,64.8,"Observes body aches, severe blurred vision, dry mouth, frequent urination. worsening symptoms present.",0
PAT-00401,2024-01-12 10:27:27,94.8,100,36.1,148/88,81,64.8,Patient is feeling well with all parameters stable.,0
PAT-00401,2024-01-13 10:23:30,95.1,82,36.6,113/75,103,64.8,Patient is feeling well with all parameters stable.,0
PAT-00401,2024-01-14 10:31:56,98.4,50,38.4,113/73,118,64.8,"Indicates lightheadedness, chills, muscle aches.",0
PAT-00401,2024-01-15 10:45:46,94.6,96,36.2,179/107,98,64.8,Patient notes that chest tightness.,1
PAT-00401,2024-01-16 08:04:53,98.0,59,37.2,165/105,85,64.8,Reports vision issues.,0
PAT-00401,2024-01-17 09:57:47,93.1,75,37.1,130/70,107,64.8,No symptoms reported. Vitals are within expected range.,0
PAT-00401,2024-01-18 09:50:12,100.0,83,37.1,125/73,94,64.8,Patient denies any symptoms or discomfort.,0
PAT-00401,2024-01-19 10:09:01,97.6,55,35.9,137/95,106,64.8,Indicates lowered energy.,0
PAT-00401,2024-01-20 08:09:33,95.2,98,35.7,124/78,77,64.8,Reports mild coldness.,0
PAT-00401,2024-01-21 10:09:05,95.1,56,37.0,143/89,91,64.8,No significant complaints today.,0
PAT-00401,2024-01-22 09:47:00,98.0,80,37.4,144/95,78,64.8,No symptoms reported. Vitals are within expected range.,0
PAT-00401,2024-01-23 09:33:31,95.8,106,37.3,117/70,71,64.8,Indicates restlessness.,0
PAT-00401,2024-01-24 09:31:23,95.0,106,38.3,116/82,99,64.8,"Observes restlessness, severe discomfort, chills. worsening symptoms present.",0
PAT-00401,2024-01-25 10:04:00,98.3,87,38.6,143/95,77,64.8,"Indicates fever, severe discomfort. worsening symptoms present.",1
PAT-00401,2024-01-26 10:10:06,96.4,58,37.1,187/105,94,64.8,"Observes chest pain, severe headache. worsening symptoms present.",1
PAT-00401,2024-01-27 08:46:52,98.2,55,36.8,137/93,75,64.8,Patient denies any symptoms or discomfort.,0
PAT-00401,2024-01-28 08:01:34,93.9,90,36.4,127/83,174,64.8,"Notes severe blurred vision, dry mouth, frequent urination. worsening symptoms present.",0
PAT-00401,2024-01-29 10:57:17,98.1,60,38.2,137/87,131,64.8,"Today, patient states muscle aches, headache, dry mouth.",0
PAT-00401,2024-01-30 09:16:36,98.3,99,36.7,113/70,89,64.8,No significant complaints today.,0
PAT-00402,2024-01-01 10:30:46,92.2,57,36.2,123/85,88,51.1,No symptoms reported. Vitals are within expected range.,0
PAT-00402,2024-01-02 10:28:57,94.7,91,38.7,129/76,81,51.1,"Indicates muscle aches, chills.",1
PAT-00402,2024-01-03 08:38:13,93.6,51,37.3,124/85,71,51.1,Indicates fatigue.,0
PAT-00402,2024-01-04 08:42:02,98.3,60,36.8,149/91,83,51.1,No symptoms reported. Vitals are within expected range.,0
PAT-00402,2024-01-05 09:11:02,93.8,97,36.5,113/81,97,51.1,No significant complaints today.,0
PAT-00402,2024-01-06 09:12:06,94.7,69,37.4,116/70,111,51.1,No symptoms reported. Vitals are within expected range.,0
PAT-00402,2024-01-07 09:01:56,93.8,71,36.7,110/81,91,51.1,Patient is feeling well with all parameters stable.,0
PAT-00402,2024-01-08 09:05:48,100.0,76,35.8,116/82,71,51.1,Patient describes lowered energy.,0
PAT-00402,2024-01-09 08:36:48,98.5,107,37.9,114/75,90,51.1,"Today, patient states palpitations, body aches.",1
PAT-00402,2024-01-10 10:40:40,92.9,81,37.3,110/70,82,51.1,No significant complaints today.,0
PAT-00402,2024-01-11 09:19:10,96.3,98,38.5,120/72,89,51.1,"Today, patient states headache, chills.",1
PAT-00402,2024-01-12 08:48:09,96.5,69,36.7,115/74,90,51.1,Vitals remain within acceptable limits. No issues noted.,0
PAT-00402,2024-01-13 08:25:28,98.8,67,37.1,117/82,94,51.1,No symptoms reported. Vitals are within expected range.,0
PAT-00402,2024-01-14 09:12:33,97.2,108,36.5,118/78,110,51.1,Notes palpitations.,0
PAT-00402,2024-01-15 08:40:20,96.8,54,36.5,112/77,75,51.1,Indicates lightheadedness.,1
PAT-00402,2024-01-16 08:23:54,90.2,104,36.8,149/90,77,51.1,"Notes low energy, anxiety.",0
PAT-00402,2024-01-17 09:41:23,95.4,109,36.1,114/73,123,51.1,Reports restlessness.,0
PAT-00402,2024-01-18 09:30:51,94.5,53,36.7,142/90,76,51.1,"Today, patient states lightheadedness.",0
PAT-00402,2024-01-19 09:21:09,97.8,81,37.1,110/77,146,51.1,Observes dry mouth.,0
PAT-00402,2024-01-20 10:00:22,96.3,60,36.6,119/77,88,51.1,Patient is feeling well with all parameters stable.,0
PAT-00402,2024-01-21 08:10:23,94.2,110,37.1,170/113,94,51.1,"Patient describes anxiety, chest tightness.",1
PAT-00402,2024-01-22 08:18:43,94.9,100,36.3,119/85,161,51.1,"Today, patient states severe blurred vision, dry mouth, frequent urination. immediate attention may be needed.",1
PAT-00402,2024-01-23 09:55:14,94.1,104,36.9,138/93,94,51.1,Observes palpitations.,0
PAT-00402,2024-01-24 08:09:51,93.8,108,36.6,127/83,99,51.1,Reports anxiety.,0
PAT-00402,2024-01-25 10:39:04,97.1,76,36.8,122/76,81,51.1,Patient is feeling well with all parameters stable.,0
PAT-00402,2024-01-26 09:28:00,94.8,68,36.6,116/73,120,51.1,No significant complaints today.,0
PAT-00402,2024-01-27 08:08:40,96.9,92,37.3,119/71,89,51.1,No significant complaints today.,0
PAT-00402,2024-01-28 10:45:50,95.5,64,37.1,112/78,131,51.1,Reports dry mouth.,0
PAT-00402,2024-01-29 08:38:05,99.5,85,36.2,120/79,71,51.1,Patient is feeling well with all parameters stable.,0
PAT-00402,2024-01-30 09:50:34,95.7,83,38.0,161/113,78,51.1,"Observes chills, fever, headaches.",0
PAT-00403,2024-01-01 10:10:01,97.0,60,36.7,111/75,113,87.3,Patient denies any symptoms or discomfort.,0
PAT-00403,2024-01-02 09:55:03,91.9,60,35.7,144/88,78,87.3,"Today, patient states low energy, lowered energy.",1
PAT-00403,2024-01-03 08:00:07,95.1,90,37.9,117/83,72,87.3,Patient notes that mild fever.,0
PAT-00403,2024-01-04 10:54:25,97.5,69,36.9,144/90,82,87.3,No symptoms reported. Vitals are within expected range.,0
PAT-00403,2024-01-05 08:39:26,99.9,51,35.6,132/85,85,87.3,"Indicates fatigue, lowered energy.",0
PAT-00403,2024-01-06 08:40:15,99.7,103,35.9,163/116,78,87.3,"Notes palpitations, lowered energy, chest tightness.",1
PAT-00403,2024-01-07 10:44:34,95.2,80,36.9,120/78,83,87.3,No symptoms reported. Vitals are within expected range.,0
PAT-00403,2024-01-08 10:06:59,95.1,92,36.1,146/89,82,87.3,No symptoms reported. Vitals are within expected range.,0
PAT-00403,2024-01-09 08:59:08,94.0,90,38.8,130/92,85,87.3,"Reports chills, headache.",0
PAT-00403,2024-01-10 10:17:39,95.0,67,36.9,137/86,167,87.3,"Notes severe blurred vision, dry mouth, frequent urination. worsening symptoms present.",0
PAT-00403,2024-01-11 09:33:45,94.4,54,36.2,142/88,125,87.3,"Today, patient states slow pulse.",0
PAT-00403,2024-01-12 09:41:55,96.3,96,35.6,130/86,116,87.3,Notes lowered energy.,0
PAT-00403,2024-01-13 10:43:56,95.8,50,36.7,135/90,95,87.3,Notes lightheadedness.,1
PAT-00403,2024-01-14 08:49:54,95.3,78,36.6,121/78,77,87.3,Patient is feeling well with all parameters stable.,0
PAT-00403,2024-01-15 10:02:15,95.9,71,37.2,165/118,145,87.3,"Today, patient states headaches, blurred vision.",1
PAT-00403,2024-01-16 08:48:55,96.3,72,37.3,124/75,86,87.3,No significant complaints today.,0
PAT-00403,2024-01-17 08:53:18,94.1,98,36.1,115/76,107,87.3,No symptoms reported. Vitals are within expected range.,0
PAT-00403,2024-01-18 08:11:28,97.1,57,36.7,116/78,104,87.3,Vitals remain within acceptable limits. No issues noted.,0
PAT-00403,2024-01-19 09:46:59,95.2,59,37.2,124/85,101,87.3,No significant complaints today.,0
PAT-00403,2024-01-20 08:52:59,99.8,64,37.3,160/110,118,87.3,Indicates vision issues.,0
PAT-00403,2024-01-21 10:43:34,99.4,90,37.2,168/111,110,87.3,"This morning, headaches.",0
PAT-00403,2024-01-22 10:14:00,96.7,71,37.4,126/73,83,87.3,No symptoms reported. Vitals are within expected range.,0
PAT-00403,2024-01-23 10:04:40,95.2,106,35.6,117/75,159,87.3,"Patient notes that palpitations, lowered energy, severe blurred vision, dry mouth, frequent urination. immediate attention may be needed.",0
PAT-00403,2024-01-24 09:28:51,95.0,73,38.3,181/116,156,87.3,"Observes severe discomfort, headache, chest pain, severe headache, severe blurred vision, dry mouth, frequent urination. worsening symptoms present.",1
PAT-00403,2024-01-25 09:38:05,97.0,82,38.4,114/84,118,87.3,"This morning, headache, chills.",1
PAT-00403,2024-01-26 09:12:22,97.3,58,38.8,121/76,135,87.3,"Patient notes that fever, severe discomfort, frequent urination. worsening symptoms present.",0
PAT-00403,2024-01-27 09:20:52,98.1,75,38.6,172/117,70,87.3,"This morning, fever, headache, vision issues.",0
PAT-00403,2024-01-28 10:40:10,97.0,73,37.2,126/81,131,87.3,Patient notes that dry mouth.,0
PAT-00403,2024-01-29 10:25:21,94.8,85,35.7,124/72,83,87.3,Indicates mild coldness.,0
PAT-00403,2024-01-30 08:07:16,97.5,82,36.7,110/78,73,87.3,Patient is feeling well with all parameters stable.,0
PAT-00404,2024-01-01 09:19:56,94.4,58,37.2,113/76,85,84.7,Patient is feeling well with all parameters stable.,0
PAT-00404,2024-01-02 09:58:50,94.3,89,37.3,184/116,118,84.7,"This morning, chest pain, severe headache. immediate attention may be needed.",1
PAT-00404,2024-01-03 08:55:21,96.5,77,36.7,135/85,89,84.7,No significant complaints today.,0
PAT-00404,2024-01-04 09:18:56,96.4,99,36.0,112/73,79,84.7,Patient denies any symptoms or discomfort.,0
PAT-00404,2024-01-05 10:49:21,97.9,81,37.6,180/101,98,84.7,"Reports night sweats, vision issues.",0
PAT-00404,2024-01-06 08:50:23,97.3,84,37.7,126/71,96,84.7,Notes body aches.,0
PAT-00404,2024-01-07 09:08:04,98.3,51,37.4,147/92,125,84.7,Notes lightheadedness.,0
PAT-00404,2024-01-08 09:39:29,95.5,109,36.6,111/76,111,84.7,Patient notes that restlessness.,1
PAT-00404,2024-01-09 09:54:38,97.7,109,37.3,146/91,70,84.7,Indicates restlessness.,0
PAT-00404,2024-01-10 10:19:48,96.4,60,37.1,117/73,91,84.7,No significant complaints today.,0
PAT-00404,2024-01-11 10:38:43,97.9,100,37.9,117/75,99,84.7,Patient describes night sweats.,0
PAT-00404,2024-01-12 09:33:01,99.2,54,37.8,114/82,125,84.7,"Observes fatigue, mild fever.",0
PAT-00404,2024-01-13 09:35:08,94.1,54,36.7,128/78,95,84.7,Notes fatigue.,1
PAT-00404,2024-01-14 08:20:39,96.1,74,37.0,123/74,78,84.7,No significant complaints today.,0
PAT-00404,2024-01-15 10:58:17,98.2,50,35.8,166/110,74,84.7,"This morning, fatigue, mild coldness, chest tightness.",0
PAT-00404,2024-01-16 08:30:35,97.2,69,36.2,138/88,115,84.7,No symptoms reported. Vitals are within expected range.,0
PAT-00404,2024-01-17 08:54:14,94.1,62,35.8,185/110,77,84.7,"This morning, mild coldness, chest pain, severe headache. immediate attention may be needed.",1
PAT-00404,2024-01-18 09:02:46,93.0,58,35.5,111/82,106,84.7,Observes lowered energy.,0
PAT-00404,2024-01-19 09:32:26,96.0,59,36.6,110/79,98,84.7,No symptoms reported. Vitals are within expected range.,0
PAT-00404,2024-01-20 08:10:39,93.0,66,37.9,113/72,141,84.7,"Today, patient states night sweats, blurred vision.",0
PAT-00404,2024-01-21 10:15:02,96.9,76,37.7,122/77,85,84.7,Reports mild fever.,0
PAT-00404,2024-01-22 09:31:46,94.1,110,38.4,145/85,114,84.7,"Notes anxiety, muscle aches, fever.",1
PAT-00404,2024-01-23 10:11:16,95.5,77,37.0,127/77,102,84.7,No significant complaints today.,0
PAT-00404,2024-01-24 10:27:34,95.4,95,36.8,131/89,97,84.7,No symptoms reported. Vitals are within expected range.,0
PAT-00404,2024-01-25 10:00:42,94.9,75,36.9,129/78,89,84.7,No symptoms reported. Vitals are within expected range.,0
PAT-00404,2024-01-26 10:26:22,97.1,79,36.8,171/107,78,84.7,Patient notes that headaches.,0
PAT-00404,2024-01-27 09:55:20,99.0,51,37.1,116/83,71,84.7,"Today, patient states lightheadedness.",0
PAT-00404,2024-01-28 08:05:01,94.8,75,37.2,180/100,93,84.7,"This morning, chest tightness.",1
PAT-00404,2024-01-29 08:56:29,94.2,82,37.1,113/74,90,84.7,No significant complaints today.,0
PAT-00404,2024-01-30 09:50:14,95.9,86,37.1,128/79,86,84.7,No symptoms reported. Vitals are within expected range.,0
PAT-00405,2024-01-01 10:18:36,97.3,106,37.3,123/77,110,68.3,"This morning, palpitations.",0
PAT-00405,2024-01-02 10:23:00,96.9,51,37.0,118/83,116,68.3,Indicates slow pulse.,0
PAT-00405,2024-01-03 08:22:13,95.1,81,37.4,143/93,83,68.3,Vitals remain within acceptable limits. No issues noted.,0
PAT-00405,2024-01-04 10:38:26,96.1,92,37.2,124/71,105,68.3,Vitals remain within acceptable limits. No issues noted.,0
PAT-00405,2024-01-05 09:47:36,96.5,51,37.0,112/70,114,68.3,"This morning, slow pulse.",1
PAT-00405,2024-01-06 09:50:33,92.7,96,38.2,140/86,94,68.3,"Patient describes headache, severe discomfort. immediate attention may be needed.",0
PAT-00405,2024-01-07 08:43:31,99.7,57,35.7,120/83,81,68.3,Patient notes that lowered energy.,0
PAT-00405,2024-01-08 10:17:25,94.6,105,36.6,182/106,99,68.3,"Patient notes that anxiety, chest pain, severe headache. immediate attention may be needed.",0
PAT-00405,2024-01-09 08:06:37,90.3,57,36.7,123/82,95,68.3,Patient notes that dizziness.,0
PAT-00405,2024-01-10 08:29:05,94.6,109,36.3,184/101,83,68.3,"Patient notes that restlessness, chest pain, severe headache. immediate attention may be needed.",0
PAT-00405,2024-01-11 08:02:58,97.8,64,36.5,118/82,74,68.3,Vitals remain within acceptable limits. No issues noted.,0
PAT-00405,2024-01-12 09:32:56,94.3,60,36.0,141/86,72,68.3,Vitals remain within acceptable limits. No issues noted.,0
PAT-00405,2024-01-13 08:20:42,95.7,85,35.5,128/79,116,68.3,Indicates lowered energy.,0
PAT-00405,2024-01-14 08:58:10,94.3,73,36.6,146/90,107,68.3,No significant complaints today.,0
PAT-00405,2024-01-15 10:44:45,96.7,90,36.8,110/71,137,68.3,Indicates blurred vision.,0
PAT-00405,2024-01-16 09:30:13,94.9,73,36.6,110/81,102,68.3,No symptoms reported. Vitals are within expected range.,0
PAT-00405,2024-01-17 08:54:24,97.9,54,36.5,168/110,164,68.3,"Today, patient states slow pulse, chest tightness, severe blurred vision, dry mouth, frequent urination. immediate attention may be needed.",0
PAT-00405,2024-01-18 10:38:31,94.7,83,37.9,128/81,102,68.3,Notes mild fever.,0
PAT-00405,2024-01-19 10:59:10,98.4,100,38.4,121/80,122,68.3,"Today, patient states headache, chills.",0
PAT-00405,2024-01-20 08:53:07,97.2,98,37.9,115/81,82,68.3,"Today, patient states mild fever.",0
PAT-00405,2024-01-21 10:35:13,100.0,57,36.1,116/77,89,68.3,Patient denies any symptoms or discomfort.,0
PAT-00405,2024-01-22 09:41:56,98.3,81,37.6,176/113,70,68.3,"Patient notes that night sweats, chest tightness.",0
PAT-00405,2024-01-23 09:33:23,95.5,69,37.2,176/115,79,68.3,Patient describes chest tightness.,1
PAT-00405,2024-01-24 08:47:10,98.6,50,37.3,146/94,103,68.3,Patient describes fatigue.,1
PAT-00405,2024-01-25 09:17:25,95.1,72,37.1,118/75,109,68.3,No symptoms reported. Vitals are within expected range.,0
PAT-00405,2024-01-26 10:10:54,95.6,75,35.9,120/79,122,68.3,Patient describes mild coldness.,0
PAT-00405,2024-01-27 10:07:19,97.2,80,36.9,112/84,109,68.3,No symptoms reported. Vitals are within expected range.,0
PAT-00405,2024-01-28 09:29:17,99.2,59,36.5,128/82,93,68.3,Vitals remain within acceptable limits. No issues noted.,0
PAT-00405,2024-01-29 08:58:13,96.7,87,36.9,123/82,72,68.3,Vitals remain within acceptable limits. No issues noted.,0
PAT-00405,2024-01-30 09:04:17,94.9,75,36.6,110/75,180,68.3,"Indicates severe blurred vision, dry mouth, frequent urination. worsening symptoms present.",1
PAT-00406,2024-01-01 10:16:41,99.3,91,36.7,118/82,72,67.9,No symptoms reported. Vitals are within expected range.,0
PAT-00406,2024-01-02 09:10:17,97.5,85,36.8,174/117,119,67.9,Notes chest tightness.,0
PAT-00406,2024-01-03 09:15:47,94.9,68,35.9,122/72,96,67.9,Notes mild coldness.,0
PAT-00406,2024-01-04 08:05:46,97.6,52,37.4,111/74,88,67.9,Patient notes that slow pulse.,0
PAT-00406,2024-01-05 09:51:33,95.1,87,37.8,113/84,75,67.9,Indicates night sweats.,0
PAT-00406,2024-01-06 10:14:04,92.7,60,37.2,114/76,109,67.9,No significant complaints today.,0
PAT-00406,2024-01-07 09:10:05,94.0,62,36.7,125/78,81,67.9,No symptoms reported. Vitals are within expected range.,0
PAT-00406,2024-01-08 08:47:26,98.4,85,36.9,125/72,79,67.9,Vitals remain within acceptable limits. No issues noted.,0
PAT-00406,2024-01-09 08:01:46,96.8,59,36.6,142/95,76,67.9,Vitals remain within acceptable limits. No issues noted.,0
PAT-00406,2024-01-10 10:56:35,94.2,72,36.1,118/84,73,67.9,Patient is feeling well with all parameters stable.,0
PAT-00406,2024-01-11 10:27:26,96.0,110,37.5,130/71,123,67.9,"Observes palpitations, body aches.",0
PAT-00406,2024-01-12 08:43:01,97.5,50,37.2,132/88,76,67.9,"Today, patient states lightheadedness.",0
PAT-00406,2024-01-13 10:00:11,97.9,101,36.1,175/110,102,67.9,"Reports palpitations, vision issues.",0
PAT-00406,2024-01-14 10:13:56,98.8,79,35.7,111/73,91,67.9,Notes lowered energy.,0
PAT-00406,2024-01-15 09:51:25,94.2,65,36.5,123/80,88,67.9,No symptoms reported. Vitals are within expected range.,0
PAT-00406,2024-01-16 10:31:20,96.8,96,37.0,129/81,79,67.9,Vitals remain within acceptable limits. No issues noted.,0
PAT-00406,2024-01-17 10:41:00,93.9,78,36.8,138/86,147,67.9,Observes frequent urination.,0
PAT-00406,2024-01-18 08:36:23,94.2,86,35.9,148/85,77,67.9,Indicates lowered energy.,0
PAT-00406,2024-01-19 10:03:26,98.1,52,37.7,115/78,87,67.9,"This morning, lightheadedness, mild fever.",0
PAT-00406,2024-01-20 10:16:57,98.7,65,38.0,146/92,134,67.9,"Reports headache, severe discomfort, dry mouth. worsening symptoms present.",1
PAT-00406,2024-01-21 08:47:19,94.6,61,36.6,135/85,177,67.9,"Patient describes severe blurred vision, dry mouth, frequent urination. worsening symptoms present.",0
PAT-00406,2024-01-22 10:48:44,97.3,96,36.7,163/120,100,67.9,Patient notes that headaches.,0
PAT-00406,2024-01-23 09:31:25,97.2,57,36.6,123/77,88,67.9,Vitals remain within acceptable limits. No issues noted.,0
PAT-00406,2024-01-24 08:01:18,94.8,97,36.2,118/72,71,67.9,Patient is feeling well with all parameters stable.,0
PAT-00406,2024-01-25 10:25:44,94.1,54,35.6,145/95,164,67.9,"Reports lightheadedness, mild coldness, severe blurred vision, dry mouth, frequent urination. immediate attention may be needed.",1
PAT-00406,2024-01-26 10:47:45,97.3,56,37.4,132/95,73,67.9,Vitals remain within acceptable limits. No issues noted.,0
PAT-00406,2024-01-27 10:53:40,95.9,76,36.0,146/87,109,67.9,Patient denies any symptoms or discomfort.,0
PAT-00406,2024-01-28 08:53:20,98.4,85,35.9,123/78,104,67.9,Notes lowered energy.,0
PAT-00406,2024-01-29 10:42:27,95.0,79,36.7,118/81,89,67.9,No significant complaints today.,0
PAT-00406,2024-01-30 08:42:04,95.2,56,38.6,132/88,73,67.9,"Reports muscle aches, headache.",0
PAT-00407,2024-01-01 10:21:21,93.5,93,37.2,138/91,105,78.4,No symptoms reported. Vitals are within expected range.,0
PAT-00407,2024-01-02 10:54:07,96.6,84,37.9,130/76,85,78.4,"Today, patient states mild fever.",0
PAT-00407,2024-01-03 09:25:27,95.3,101,38.3,114/83,86,78.4,"Indicates restlessness, chills, fever.",1
PAT-00407,2024-01-04 09:46:47,94.9,69,36.6,111/73,92,78.4,Patient is feeling well with all parameters stable.,0
PAT-00407,2024-01-05 09:27:42,96.5,68,35.7,118/83,88,78.4,"This morning, mild coldness.",0
PAT-00407,2024-01-06 09:25:26,93.7,54,37.3,150/90,71,78.4,Indicates lightheadedness.,1
PAT-00407,2024-01-07 10:36:14,94.3,53,37.1,113/78,84,78.4,"This morning, slow pulse.",0
PAT-00407,2024-01-08 09:10:58,93.9,83,36.2,118/71,115,78.4,Patient denies any symptoms or discomfort.,0
PAT-00407,2024-01-09 10:42:53,94.9,56,35.8,137/86,109,78.4,Reports mild coldness.,0
PAT-00407,2024-01-10 08:24:32,96.4,102,36.7,134/86,104,78.4,"Today, patient states restlessness.",0
PAT-00407,2024-01-11 10:33:07,94.0,71,36.3,129/84,167,78.4,"Today, patient states severe blurred vision, dry mouth, frequent urination. immediate attention may be needed.",1
PAT-00407,2024-01-12 10:42:44,95.3,80,36.5,116/73,119,78.4,No significant complaints today.,0
PAT-00407,2024-01-13 10:55:52,100.0,54,38.9,189/105,88,78.4,"Patient notes that fatigue, severe discomfort, muscle aches, chest pain, severe headache. immediate attention may be needed.",0
PAT-00407,2024-01-14 08:37:39,96.7,76,37.1,124/75,93,78.4,No symptoms reported. Vitals are within expected range.,0
PAT-00407,2024-01-15 09:06:33,93.8,75,36.8,110/84,110,78.4,Patient denies any symptoms or discomfort.,0
PAT-00407,2024-01-16 09:04:44,97.0,53,38.9,190/104,89,78.4,"Reports lightheadedness, severe discomfort, headache, chest pain, severe headache. immediate attention may be needed.",0
PAT-00407,2024-01-17 10:40:13,94.5,77,36.7,147/89,89,78.4,Patient denies any symptoms or discomfort.,0
PAT-00407,2024-01-18 08:43:51,96.7,98,37.3,117/80,117,78.4,Patient denies any symptoms or discomfort.,0
PAT-00407,2024-01-19 09:42:44,94.7,65,38.2,125/84,88,78.4,"Notes fever, chills.",0
PAT-00407,2024-01-20 08:36:18,94.1,58,36.7,137/87,112,78.4,Vitals remain within acceptable limits. No issues noted.,0
PAT-00407,2024-01-21 09:24:16,97.3,70,37.0,123/85,174,78.4,"Notes severe blurred vision, dry mouth, frequent urination. worsening symptoms present.",1
PAT-00407,2024-01-22 09:35:23,92.3,57,37.4,142/92,122,78.4,Patient is feeling well with all parameters stable.,0
PAT-00407,2024-01-23 09:02:22,95.1,107,36.6,134/94,99,78.4,Indicates palpitations.,0
PAT-00407,2024-01-24 09:40:27,95.3,58,37.1,116/75,74,78.4,Patient is feeling well with all parameters stable.,0
PAT-00407,2024-01-25 10:48:23,91.6,78,36.2,119/85,72,78.4,Patient notes that dizziness.,1
PAT-00407,2024-01-26 08:40:19,93.4,81,37.1,111/73,71,78.4,Vitals remain within acceptable limits. No issues noted.,0
PAT-00407,2024-01-27 10:46:47,98.7,98,36.7,124/70,96,78.4,Patient is feeling well with all parameters stable.,0
PAT-00407,2024-01-28 09:01:44,95.3,104,37.3,183/108,96,78.4,"Notes palpitations, chest pain, severe headache. worsening symptoms present.",0
PAT-00407,2024-01-29 09:43:57,95.6,50,36.0,130/87,98,78.4,Patient describes slow pulse.,0
PAT-00407,2024-01-30 10:26:20,96.2,88,35.9,140/94,128,78.4,"Reports lowered energy, blurred vision.",0
PAT-00408,2024-01-01 10:20:05,97.1,88,37.0,123/76,81,94.5,Vitals remain within acceptable limits. No issues noted.,0
PAT-00408,2024-01-02 08:00:33,96.4,59,36.6,144/94,73,94.5,Vitals remain within acceptable limits. No issues noted.,0
PAT-00408,2024-01-03 08:27:19,97.2,101,35.5,181/112,89,94.5,"This morning, anxiety, mild coldness, chest pain, severe headache. immediate attention may be needed.",0
PAT-00408,2024-01-04 08:07:58,95.2,109,36.9,178/110,159,94.5,"This morning, anxiety, vision issues, severe blurred vision, dry mouth, frequent urination. immediate attention may be needed.",0
PAT-00408,2024-01-05 10:42:28,97.9,80,36.8,147/86,97,94.5,Patient denies any symptoms or discomfort.,0
PAT-00408,2024-01-06 08:03:03,93.9,84,35.8,160/115,96,94.5,"Indicates lowered energy, chest tightness.",0
PAT-00408,2024-01-07 09:10:10,98.5,75,38.6,142/94,96,94.5,"Observes fever, chills.",1
PAT-00408,2024-01-08 09:17:14,97.1,67,38.6,114/84,117,94.5,"Patient notes that severe discomfort, muscle aches. immediate attention may be needed.",1
PAT-00408,2024-01-09 10:48:37,98.2,64,37.2,186/112,124,94.5,"This morning, chest pain, severe headache. immediate attention may be needed.",0
PAT-00408,2024-01-10 09:46:28,97.2,66,36.7,130/95,104,94.5,Vitals remain within acceptable limits. No issues noted.,0
PAT-00408,2024-01-11 08:15:06,95.8,103,36.7,121/71,86,94.5,Patient notes that restlessness.,0
PAT-00408,2024-01-12 08:31:14,95.8,59,37.0,129/74,90,94.5,No significant complaints today.,0
PAT-00408,2024-01-13 08:43:31,93.9,110,36.8,124/72,158,94.5,"Indicates anxiety, severe blurred vision, dry mouth, frequent urination. immediate attention may be needed.",0
PAT-00408,2024-01-14 09:16:56,100.0,82,36.9,165/106,73,94.5,Reports vision issues.,1
PAT-00408,2024-01-15 08:41:58,96.3,81,38.0,125/77,73,94.5,"Indicates severe discomfort, fever. immediate attention may be needed.",0
PAT-00408,2024-01-16 09:47:33,96.7,67,36.5,135/91,96,94.5,No symptoms reported. Vitals are within expected range.,0
PAT-00408,2024-01-17 09:22:47,93.5,89,36.2,143/94,99,94.5,Vitals remain within acceptable limits. No issues noted.,0
PAT-00408,2024-01-18 08:55:18,98.2,76,37.2,188/112,80,94.5,"Notes chest pain, severe headache. immediate attention may be needed.",0
PAT-00408,2024-01-19 10:54:50,95.7,87,38.0,114/74,139,94.5,"Patient notes that fever, chills, blurred vision.",0
PAT-00408,2024-01-20 08:35:57,92.4,90,36.7,127/85,71,94.5,Vitals remain within acceptable limits. No issues noted.,0
PAT-00408,2024-01-21 09:27:32,95.6,50,36.7,115/70,76,94.5,Indicates fatigue.,0
PAT-00408,2024-01-22 08:51:56,99.6,67,38.0,117/72,74,94.5,"Patient describes chills, headache.",0
PAT-00408,2024-01-23 08:00:35,96.8,77,36.2,126/84,99,94.5,Patient is feeling well with all parameters stable.,0
PAT-00408,2024-01-24 09:17:19,94.1,76,35.9,130/71,123,94.5,Indicates lowered energy.,0
PAT-00408,2024-01-25 10:44:14,98.0,86,37.4,139/90,76,94.5,No significant complaints today.,0
PAT-00408,2024-01-26 08:20:37,95.3,72,38.3,147/90,92,94.5,"Patient describes headache, chills.",1
PAT-00408,2024-01-27 09:10:56,97.1,56,37.3,126/83,113,94.5,Vitals remain within acceptable limits. No issues noted.,0
PAT-00408,2024-01-28 09:26:17,97.4,50,38.4,172/100,70,94.5,"Indicates slow pulse, chills, fever, chest tightness.",1
PAT-00408,2024-01-29 08:47:01,94.6,80,37.2,123/77,89,94.5,No significant complaints today.,0
PAT-00408,2024-01-30 10:17:57,96.7,58,38.4,138/85,77,94.5,"Today, patient states fever, chills.",0
PAT-00409,2024-01-01 09:42:51,96.1,87,37.5,124/78,75,54.0,Notes body aches.,0
PAT-00409,2024-01-02 10:52:20,97.9,92,37.2,144/95,85,54.0,Vitals remain within acceptable limits. No issues noted.,0
PAT-00409,2024-01-03 09:25:52,93.6,70,37.0,147/93,122,54.0,Vitals remain within acceptable limits. No issues noted.,0
PAT-00409,2024-01-04 10:44:07,91.3,77,37.2,112/82,110,54.0,Observes dizziness.,0
PAT-00409,2024-01-05 10:46:03,96.2,71,36.7,135/89,110,54.0,Patient denies any symptoms or discomfort.,0
PAT-00409,2024-01-06 09:05:28,100.0,61,37.1,142/95,79,54.0,Patient is feeling well with all parameters stable.,0
PAT-00409,2024-01-07 10:31:24,98.0,92,38.8,122/81,81,54.0,"This morning, chills, severe discomfort. worsening symptoms present.",0
PAT-00409,2024-01-08 09:27:16,96.9,52,35.5,123/80,130,54.0,"This morning, slow pulse, lowered energy, dry mouth.",1
PAT-00409,2024-01-09 10:47:08,97.2,56,36.4,123/77,146,54.0,Patient notes that blurred vision.,0
PAT-00409,2024-01-10 09:00:21,98.3,78,36.0,113/85,86,54.0,Vitals remain within acceptable limits. No issues noted.,0
PAT-00409,2024-01-11 09:40:13,95.8,54,37.2,115/77,76,54.0,"Today, patient states lightheadedness.",1
PAT-00409,2024-01-12 10:42:32,94.1,67,36.6,121/83,75,54.0,Patient is feeling well with all parameters stable.,0
PAT-00409,2024-01-13 09:06:05,96.4,59,37.2,112/74,97,54.0,Vitals remain within acceptable limits. No issues noted.,0
PAT-00409,2024-01-14 08:18:22,96.2,69,36.9,110/83,94,54.0,Patient is feeling well with all parameters stable.,0
PAT-00409,2024-01-15 10:45:53,95.1,61,36.4,162/102,76,54.0,"This morning, headaches.",1
PAT-00409,2024-01-16 10:21:05,96.1,64,37.3,127/84,117,54.0,No significant complaints today.,0
PAT-00409,2024-01-17 10:47:04,97.8,80,37.8,148/90,85,54.0,Notes mild fever.,0
PAT-00409,2024-01-18 09:14:38,94.1,75,36.3,110/70,138,54.0,Patient notes that dry mouth.,0
PAT-00409,2024-01-19 08:40:36,96.9,74,35.5,111/82,110,54.0,Reports mild coldness.,0
PAT-00409,2024-01-20 08:31:15,94.5,66,37.1,126/76,75,54.0,Vitals remain within acceptable limits. No issues noted.,0
PAT-00409,2024-01-21 10:48:06,96.1,93,36.4,190/107,103,54.0,"Today, patient states chest pain, severe headache. immediate attention may be needed.",1
PAT-00409,2024-01-22 09:45:35,96.9,79,36.7,189/108,99,54.0,"This morning, chest pain, severe headache. worsening symptoms present.",0
PAT-00409,2024-01-23 10:15:35,94.5,62,35.8,123/79,111,54.0,Indicates mild coldness.,0
PAT-00409,2024-01-24 08:16:06,96.3,107,35.8,131/86,77,54.0,"This morning, restlessness, lowered energy.",1
PAT-00409,2024-01-25 10:31:05,94.8,63,37.8,123/85,73,54.0,"This morning, night sweats.",0
PAT-00409,2024-01-26 09:23:19,92.8,63,38.3,131/94,110,54.0,"Patient notes that severe discomfort, headache. immediate attention may be needed.",0
PAT-00409,2024-01-27 09:45:19,97.3,52,38.3,130/91,82,54.0,"Notes fatigue, fever, chills.",1
PAT-00409,2024-01-28 09:14:19,95.4,106,37.3,185/110,97,54.0,"This morning, restlessness, chest pain, severe headache. immediate attention may be needed.",1
PAT-00409,2024-01-29 10:36:35,97.1,80,37.1,123/70,95,54.0,Patient denies any symptoms or discomfort.,0
PAT-00409,2024-01-30 09:44:43,95.8,58,37.1,166/116,88,54.0,"This morning, chest tightness.",1
PAT-00410,2024-01-01 08:42:41,96.6,58,35.7,112/72,74,61.9,Observes mild coldness.,0
PAT-00410,2024-01-02 10:13:34,96.4,94,36.9,146/93,155,61.9,"Indicates severe blurred vision, dry mouth, frequent urination. immediate attention may be needed.",0
PAT-00410,2024-01-03 10:52:52,93.3,57,37.0,116/73,77,61.9,No symptoms reported. Vitals are within expected range.,0
PAT-00410,2024-01-04 08:22:30,98.2,68,38.7,117/77,99,61.9,"Patient describes severe discomfort, muscle aches. worsening symptoms present.",0
PAT-00410,2024-01-05 10:12:55,96.1,108,36.1,124/82,77,61.9,Notes palpitations.,0
PAT-00410,2024-01-06 09:18:06,94.6,79,37.2,126/82,112,61.9,No symptoms reported. Vitals are within expected range.,0
PAT-00410,2024-01-07 10:33:13,94.3,72,37.0,175/109,83,61.9,"Today, patient states vision issues.",0
PAT-00410,2024-01-08 10:03:15,96.2,69,37.3,128/78,82,61.9,No symptoms reported. Vitals are within expected range.,0
PAT-00410,2024-01-09 08:51:55,95.5,60,36.6,145/91,87,61.9,Vitals remain within acceptable limits. No issues noted.,0
PAT-00410,2024-01-10 09:02:16,95.3,58,36.8,111/76,87,61.9,No significant complaints today.,0
PAT-00410,2024-01-11 10:12:49,97.6,90,36.9,123/70,125,61.9,No significant complaints today.,0
PAT-00410,2024-01-12 10:22:24,94.9,68,35.7,112/82,114,61.9,Patient describes mild coldness.,0
PAT-00410,2024-01-13 09:36:07,93.3,52,35.9,115/73,117,61.9,"Today, patient states slow pulse, mild coldness.",1
PAT-00410,2024-01-14 09:13:04,96.2,60,38.3,112/77,95,61.9,"Observes severe discomfort, fever. immediate attention may be needed.",0
PAT-00410,2024-01-15 10:47:44,95.1,102,36.5,130/83,105,61.9,"This morning, anxiety.",1
PAT-00410,2024-01-16 10:06:40,99.4,65,38.3,115/82,83,61.9,"Patient notes that headache, muscle aches.",0
PAT-00410,2024-01-17 10:12:30,99.5,110,35.8,116/80,85,61.9,"Today, patient states anxiety, lowered energy.",1
PAT-00410,2024-01-18 09:34:45,98.8,79,37.0,137/94,73,61.9,Patient is feeling well with all parameters stable.,0
PAT-00410,2024-01-19 08:57:49,96.4,82,36.9,118/84,88,61.9,Patient denies any symptoms or discomfort.,0
PAT-00410,2024-01-20 10:12:35,99.5,56,36.9,128/76,87,61.9,No symptoms reported. Vitals are within expected range.,0
PAT-00410,2024-01-21 08:57:51,95.7,77,38.8,171/108,114,61.9,"Notes chills, muscle aches, vision issues.",0
PAT-00410,2024-01-22 08:07:51,94.9,68,36.5,120/81,82,61.9,Patient denies any symptoms or discomfort.,0
PAT-00410,2024-01-23 09:56:58,99.9,76,36.7,110/79,180,61.9,"Reports severe blurred vision, dry mouth, frequent urination. worsening symptoms present.",0
PAT-00410,2024-01-24 10:41:47,93.5,50,36.0,114/71,73,61.9,Reports slow pulse.,1
PAT-00410,2024-01-25 09:02:29,98.1,80,35.8,114/78,161,61.9,"Reports mild coldness, severe blurred vision, dry mouth, frequent urination. worsening symptoms present.",0
PAT-00410,2024-01-26 08:02:56,97.3,87,36.6,145/95,70,61.9,Vitals remain within acceptable limits. No issues noted.,0
PAT-00410,2024-01-27 08:31:30,95.0,67,36.7,136/94,124,61.9,No symptoms reported. Vitals are within expected range.,0
PAT-00410,2024-01-28 09:55:02,97.2,78,36.1,130/82,72,61.9,Patient is feeling well with all parameters stable.,0
PAT-00410,2024-01-29 10:49:44,98.2,95,38.9,115/70,138,61.9,"Notes chills, muscle aches, dry mouth.",0
PAT-00410,2024-01-30 08:15:31,95.5,52,36.7,125/85,83,61.9,"Today, patient states slow pulse.",0
PAT-00411,2024-01-01 08:43:20,96.8,92,38.4,137/91,95,66.6,"Reports headache, muscle aches.",1
PAT-00411,2024-01-02 10:15:01,97.0,73,37.3,125/72,95,66.6,Patient is feeling well with all parameters stable.,0
PAT-00411,2024-01-03 10:16:14,97.5,54,38.4,122/77,91,66.6,"Indicates lightheadedness, severe discomfort, muscle aches. immediate attention may be needed.",1
PAT-00411,2024-01-04 08:19:02,93.9,56,36.6,114/76,84,66.6,No significant complaints today.,0
PAT-00411,2024-01-05 08:53:17,99.5,75,36.6,145/92,88,66.6,Patient is feeling well with all parameters stable.,0
PAT-00411,2024-01-06 08:32:52,92.1,52,36.7,147/89,73,66.6,Notes slow pulse.,1
PAT-00411,2024-01-07 10:20:35,96.7,88,36.4,118/85,73,66.6,Vitals remain within acceptable limits. No issues noted.,0
PAT-00411,2024-01-08 10:33:26,96.6,68,35.6,130/76,83,66.6,"This morning, mild coldness.",0
PAT-00411,2024-01-09 10:05:30,93.8,96,35.5,132/85,146,66.6,"Reports mild coldness, frequent urination.",0
PAT-00411,2024-01-10 08:31:58,95.1,107,35.6,116/72,176,66.6,"Notes palpitations, mild coldness, severe blurred vision, dry mouth, frequent urination. immediate attention may be needed.",1
PAT-00411,2024-01-11 10:52:40,97.3,59,36.8,115/82,78,66.6,Vitals remain within acceptable limits. No issues noted.,0
PAT-00411,2024-01-12 10:38:26,99.3,70,38.3,111/77,70,66.6,"Patient describes fever, muscle aches.",0
PAT-00411,2024-01-13 09:12:01,99.2,109,35.8,141/90,91,66.6,"Indicates anxiety, lowered energy.",0
PAT-00411,2024-01-14 09:13:40,99.1,110,37.0,123/73,99,66.6,Reports restlessness.,0
PAT-00411,2024-01-15 10:05:51,96.3,64,37.6,161/109,82,66.6,"Notes night sweats, headaches.",1
PAT-00411,2024-01-16 09:16:04,97.8,96,35.6,129/85,145,66.6,"Today, patient states lowered energy, dry mouth.",0
PAT-00411,2024-01-17 09:49:19,97.3,109,38.3,111/81,92,66.6,"Patient describes restlessness, muscle aches, chills.",1
PAT-00411,2024-01-18 08:48:19,97.8,107,37.7,130/83,76,66.6,"Reports palpitations, body aches.",1
PAT-00411,2024-01-19 08:14:53,99.2,60,35.6,127/72,76,66.6,Patient describes mild coldness.,0
PAT-00411,2024-01-20 09:01:30,93.4,72,36.8,134/91,110,66.6,Vitals remain within acceptable limits. No issues noted.,0
PAT-00411,2024-01-21 09:54:51,97.2,90,35.6,136/91,87,66.6,Patient describes lowered energy.,0
PAT-00411,2024-01-22 10:28:10,96.3,95,37.0,121/84,75,66.6,No symptoms reported. Vitals are within expected range.,0
PAT-00411,2024-01-23 08:06:02,98.4,104,36.0,135/91,124,66.6,"This morning, restlessness.",0
PAT-00411,2024-01-24 09:11:20,94.6,62,37.2,122/71,94,66.6,No significant complaints today.,0
PAT-00411,2024-01-25 09:31:05,92.1,102,37.4,120/76,111,66.6,"Today, patient states restlessness.",0
PAT-00411,2024-01-26 09:38:38,93.8,81,36.7,119/70,80,66.6,No symptoms reported. Vitals are within expected range.,0
PAT-00411,2024-01-27 10:05:59,96.8,77,36.9,175/116,102,66.6,Indicates headaches.,0
PAT-00411,2024-01-28 10:30:25,95.9,96,37.2,115/74,76,66.6,Patient is feeling well with all parameters stable.,0
PAT-00411,2024-01-29 08:51:13,98.0,55,37.2,113/79,94,66.6,Patient is feeling well with all parameters stable.,0
PAT-00411,2024-01-30 10:45:45,96.9,55,37.2,119/79,92,66.6,Patient is feeling well with all parameters stable.,0
PAT-00412,2024-01-01 09:00:33,96.9,82,35.6,122/77,74,102.7,Reports mild coldness.,0
PAT-00412,2024-01-02 08:43:24,95.5,107,36.2,146/87,115,102.7,Observes palpitations.,0
PAT-00412,2024-01-03 10:23:59,90.7,61,37.0,115/72,123,102.7,"Today, patient states low energy.",0
PAT-00412,2024-01-04 10:02:24,94.5,61,39.0,177/107,120,102.7,"This morning, fever, headache, headaches.",0
PAT-00412,2024-01-05 09:18:33,93.2,87,36.4,128/73,82,102.7,No significant complaints today.,0
PAT-00412,2024-01-06 10:54:45,95.3,54,37.0,135/91,75,102.7,Patient notes that slow pulse.,0
PAT-00412,2024-01-07 09:04:07,96.2,77,37.9,120/81,112,102.7,Indicates night sweats.,0
PAT-00412,2024-01-08 08:35:57,95.2,95,38.1,146/93,77,102.7,"Patient describes muscle aches, headache.",1
PAT-00412,2024-01-09 09:56:38,95.8,101,38.7,170/108,81,102.7,"Patient notes that anxiety, headache, chills, chest tightness.",1
PAT-00412,2024-01-10 08:26:04,92.9,70,38.1,128/75,82,102.7,"Patient describes severe discomfort, fever. worsening symptoms present.",0
PAT-00412,2024-01-11 10:56:58,99.3,73,36.7,164/110,101,102.7,Observes headaches.,1
PAT-00412,2024-01-12 08:40:24,98.3,91,36.7,135/91,80,102.7,Vitals remain within acceptable limits. No issues noted.,0
PAT-00412,2024-01-13 08:20:41,94.1,96,38.4,125/76,121,102.7,"Notes chills, severe discomfort. immediate attention may be needed.",0
PAT-00412,2024-01-14 10:03:01,94.2,60,36.6,118/85,83,102.7,Patient denies any symptoms or discomfort.,0
PAT-00412,2024-01-15 10:16:20,97.4,79,37.0,115/83,116,102.7,Patient denies any symptoms or discomfort.,0
PAT-00412,2024-01-16 09:53:58,94.4,85,37.7,117/71,99,102.7,Patient describes body aches.,0
PAT-00412,2024-01-17 09:10:13,94.2,97,36.4,122/76,95,102.7,No significant complaints today.,0
PAT-00412,2024-01-18 09:17:40,98.4,73,37.0,132/90,75,102.7,No significant complaints today.,0
PAT-00412,2024-01-19 09:54:20,94.3,63,38.8,128/82,115,102.7,"Indicates muscle aches, headache.",0
PAT-00412,2024-01-20 09:17:46,95.3,58,37.3,111/78,75,102.7,No symptoms reported. Vitals are within expected range.,0
PAT-00412,2024-01-21 08:40:49,94.0,50,36.5,123/74,73,102.7,"This morning, slow pulse.",1
PAT-00412,2024-01-22 09:33:27,97.6,53,36.7,122/77,93,102.7,Indicates slow pulse.,0
PAT-00412,2024-01-23 08:05:41,98.2,68,37.8,182/116,95,102.7,"Patient describes body aches, chest pain, severe headache. immediate attention may be needed.",0
PAT-00412,2024-01-24 10:49:21,96.3,90,37.3,115/83,112,102.7,No significant complaints today.,0
PAT-00412,2024-01-25 09:29:03,96.8,81,36.6,114/83,98,102.7,No significant complaints today.,0
PAT-00412,2024-01-26 10:43:00,97.1,54,35.7,161/111,108,102.7,"Today, patient states lightheadedness, mild coldness, headaches.",1
PAT-00412,2024-01-27 09:03:45,95.3,84,36.5,121/82,92,102.7,No significant complaints today.,0
PAT-00412,2024-01-28 08:58:49,99.4,110,37.3,146/89,180,102.7,"Observes restlessness, severe blurred vision, dry mouth, frequent urination. immediate attention may be needed.",1
PAT-00412,2024-01-29 09:09:09,97.7,106,35.7,126/74,121,102.7,"Patient describes anxiety, lowered energy.",1
PAT-00412,2024-01-30 08:20:52,98.8,57,38.5,129/82,83,102.7,"Today, patient states severe discomfort, muscle aches. immediate attention may be needed.",1
PAT-00413,2024-01-01 10:50:22,95.4,93,35.8,117/79,84,98.1,Notes lowered energy.,0
PAT-00413,2024-01-02 10:24:28,94.0,74,36.5,127/85,90,98.1,Vitals remain within acceptable limits. No issues noted.,0
PAT-00413,2024-01-03 08:42:23,97.7,65,35.6,125/76,77,98.1,Patient describes mild coldness.,0
PAT-00413,2024-01-04 09:08:55,94.7,86,38.9,125/84,104,98.1,"Reports headache, fever.",1
PAT-00413,2024-01-05 09:40:25,96.9,78,36.9,138/92,122,98.1,Patient is feeling well with all parameters stable.,0
PAT-00413,2024-01-06 09:31:14,97.1,56,37.3,140/85,115,98.1,Patient is feeling well with all parameters stable.,0
PAT-00413,2024-01-07 08:43:16,98.6,50,36.6,125/78,89,98.1,Patient describes lightheadedness.,0
PAT-00413,2024-01-08 08:42:10,97.9,103,36.5,114/71,105,98.1,Reports anxiety.,0
PAT-00413,2024-01-09 08:14:01,94.1,78,36.5,110/83,103,98.1,No symptoms reported. Vitals are within expected range.,0
PAT-00413,2024-01-10 10:34:21,95.7,77,37.9,166/101,112,98.1,"Today, patient states night sweats, headaches.",0
PAT-00413,2024-01-11 09:12:58,94.6,102,37.0,126/81,122,98.1,Patient describes palpitations.,1
PAT-00413,2024-01-12 08:42:16,97.7,92,36.3,147/91,125,98.1,Vitals remain within acceptable limits. No issues noted.,0
PAT-00413,2024-01-13 08:14:27,95.7,54,36.8,186/100,76,98.1,"Observes lightheadedness, chest pain, severe headache. immediate attention may be needed.",0
PAT-00413,2024-01-14 08:39:47,95.5,59,36.1,113/84,110,98.1,No significant complaints today.,0
PAT-00413,2024-01-15 10:19:44,95.0,81,36.6,129/70,79,98.1,Vitals remain within acceptable limits. No issues noted.,0
PAT-00413,2024-01-16 10:27:14,97.1,108,38.8,111/81,122,98.1,"Patient notes that restlessness, muscle aches, chills.",0
PAT-00413,2024-01-17 08:25:12,97.7,101,36.8,149/85,78,98.1,Notes palpitations.,1
PAT-00413,2024-01-18 08:29:22,96.4,57,36.9,125/82,112,98.1,Patient is feeling well with all parameters stable.,0
PAT-00413,2024-01-19 08:14:01,94.9,87,37.3,143/95,100,98.1,Patient denies any symptoms or discomfort.,0
PAT-00413,2024-01-20 09:24:28,93.8,105,37.1,116/72,95,98.1,Notes anxiety.,0
PAT-00413,2024-01-21 08:17:31,94.2,58,36.6,129/76,129,98.1,"This morning, dry mouth.",0
PAT-00413,2024-01-22 10:01:45,95.3,70,36.9,141/89,168,98.1,"Today, patient states severe blurred vision, dry mouth, frequent urination. worsening symptoms present.",0
PAT-00413,2024-01-23 08:35:46,94.2,71,36.8,127/75,88,98.1,Patient is feeling well with all parameters stable.,0
PAT-00413,2024-01-24 10:02:56,95.1,50,37.1,115/79,103,98.1,"This morning, slow pulse.",0
PAT-00413,2024-01-25 10:52:02,92.0,66,36.2,140/89,75,98.1,Patient denies any symptoms or discomfort.,0
PAT-00413,2024-01-26 09:54:43,92.5,87,36.5,129/80,116,98.1,No symptoms reported. Vitals are within expected range.,0
PAT-00413,2024-01-27 08:08:24,93.8,68,37.7,119/85,76,98.1,Notes body aches.,0
PAT-00413,2024-01-28 10:57:30,99.4,80,36.9,119/83,120,98.1,Patient is feeling well with all parameters stable.,0
PAT-00413,2024-01-29 08:11:44,98.5,107,35.6,130/81,81,98.1,"Today, patient states palpitations, lowered energy.",1
PAT-00413,2024-01-30 08:22:19,96.2,76,36.3,180/120,100,98.1,Patient describes chest tightness.,0
PAT-00414,2024-01-01 08:29:43,94.6,98,38.4,130/85,100,71.8,"Indicates muscle aches, fever.",1
PAT-00414,2024-01-02 10:28:34,95.7,102,37.0,117/70,84,71.8,Reports anxiety.,0
PAT-00414,2024-01-03 09:21:37,94.9,74,36.2,117/76,90,71.8,No significant complaints today.,0
PAT-00414,2024-01-04 10:51:15,98.3,70,35.7,149/92,76,71.8,Patient notes that mild coldness.,0
PAT-00414,2024-01-05 08:05:21,96.4,101,35.8,114/78,131,71.8,"This morning, restlessness, lowered energy, dry mouth.",1
PAT-00414,2024-01-06 10:40:45,93.1,70,35.7,166/100,99,71.8,"Observes mild coldness, chest tightness.",0
PAT-00414,2024-01-07 09:23:41,93.2,76,37.1,114/77,121,71.8,No significant complaints today.,0
PAT-00414,2024-01-08 09:49:38,93.9,96,36.3,115/81,80,71.8,Patient denies any symptoms or discomfort.,0
PAT-00414,2024-01-09 08:33:43,95.7,61,37.2,120/76,93,71.8,Vitals remain within acceptable limits. No issues noted.,0
PAT-00414,2024-01-10 10:50:48,94.2,107,39.0,120/73,97,71.8,"Patient notes that palpitations, chills, severe discomfort. worsening symptoms present.",1
PAT-00414,2024-01-11 08:50:21,97.4,60,36.6,143/89,83,71.8,No symptoms reported. Vitals are within expected range.,0
PAT-00414,2024-01-12 09:27:54,94.8,93,37.3,119/72,95,71.8,No significant complaints today.,0
PAT-00414,2024-01-13 10:32:24,98.5,76,37.1,128/82,80,71.8,No symptoms reported. Vitals are within expected range.,0
PAT-00414,2024-01-14 10:16:26,95.6,58,37.1,138/95,85,71.8,Patient denies any symptoms or discomfort.,0
PAT-00414,2024-01-15 10:25:14,99.0,60,37.2,147/86,104,71.8,Patient denies any symptoms or discomfort.,0
PAT-00414,2024-01-16 09:28:40,91.4,90,36.7,117/85,103,71.8,Observes shortness of breath.,0
PAT-00414,2024-01-17 10:28:11,98.4,75,37.2,136/85,95,71.8,No significant complaints today.,0
PAT-00414,2024-01-18 08:33:23,94.6,50,37.2,130/85,71,71.8,Patient notes that slow pulse.,1
PAT-00414,2024-01-19 09:25:28,96.6,55,37.4,112/82,72,71.8,Patient is feeling well with all parameters stable.,0
PAT-00414,2024-01-20 09:40:56,98.2,104,37.6,128/80,77,71.8,"Observes palpitations, body aches.",1
PAT-00414,2024-01-21 08:43:51,97.0,58,36.9,112/71,85,71.8,Patient denies any symptoms or discomfort.,0
PAT-00414,2024-01-22 08:26:29,94.4,59,37.4,123/73,97,71.8,No symptoms reported. Vitals are within expected range.,0
PAT-00414,2024-01-23 10:31:36,98.5,71,36.1,128/85,100,71.8,Patient is feeling well with all parameters stable.,0
PAT-00414,2024-01-24 08:17:07,96.6,107,37.3,112/79,107,71.8,Indicates anxiety.,1
PAT-00414,2024-01-25 08:06:31,97.7,99,36.0,110/77,89,71.8,Patient is feeling well with all parameters stable.,0
PAT-00414,2024-01-26 10:11:15,93.5,98,36.5,115/72,99,71.8,No significant complaints today.,0
PAT-00414,2024-01-27 08:34:02,96.0,90,37.5,144/87,95,71.8,"This morning, body aches.",0
PAT-00414,2024-01-28 09:44:57,97.4,74,36.8,149/93,163,71.8,"Reports severe blurred vision, dry mouth, frequent urination. immediate attention may be needed.",0
PAT-00414,2024-01-29 10:21:27,94.9,98,38.9,129/75,74,71.8,"Notes headache, fever.",1
PAT-00414,2024-01-30 09:09:23,94.2,83,36.8,118/71,73,71.8,Patient denies any symptoms or discomfort.,0
PAT-00415,2024-01-01 09:06:09,98.3,57,35.8,113/77,93,67.6,Patient notes that mild coldness.,0
PAT-00415,2024-01-02 08:27:04,94.9,74,37.2,145/86,91,67.6,No significant complaints today.,0
PAT-00415,2024-01-03 08:33:41,98.3,78,36.9,129/71,88,67.6,Patient denies any symptoms or discomfort.,0
PAT-00415,2024-01-04 09:36:18,93.3,110,36.3,122/82,74,67.6,"This morning, anxiety.",1
PAT-00415,2024-01-05 08:20:35,94.0,81,36.4,131/92,107,67.6,No significant complaints today.,0
PAT-00415,2024-01-06 09:05:05,98.7,106,36.7,130/84,173,67.6,"Patient describes restlessness, severe blurred vision, dry mouth, frequent urination. worsening symptoms present.",0
PAT-00415,2024-01-07 10:16:39,96.5,78,36.8,112/73,180,67.6,"Patient notes that severe blurred vision, dry mouth, frequent urination. worsening symptoms present.",1
PAT-00415,2024-01-08 08:39:01,94.6,63,36.5,141/94,89,67.6,Patient is feeling well with all parameters stable.,0
PAT-00415,2024-01-09 09:55:18,94.3,88,36.9,137/90,173,67.6,"Patient describes severe blurred vision, dry mouth, frequent urination. worsening symptoms present.",0
PAT-00415,2024-01-10 08:47:07,96.1,110,37.6,129/75,94,67.6,"Patient describes anxiety, night sweats.",0
PAT-00415,2024-01-11 08:52:33,90.8,73,37.3,122/72,100,67.6,Reports low energy.,1
PAT-00415,2024-01-12 09:23:02,98.7,99,36.6,150/95,95,67.6,Patient denies any symptoms or discomfort.,0
PAT-00415,2024-01-13 10:44:33,96.4,91,38.2,185/111,70,67.6,"This morning, muscle aches, severe discomfort, chest pain, severe headache. immediate attention may be needed.",1
PAT-00415,2024-01-14 10:20:07,99.0,94,36.0,111/77,120,67.6,Patient is feeling well with all parameters stable.,0
PAT-00415,2024-01-15 09:21:48,97.1,97,36.6,136/91,110,67.6,No significant complaints today.,0
PAT-00415,2024-01-16 08:27:36,95.7,68,37.0,130/75,126,67.6,Patient notes that dry mouth.,0
PAT-00415,2024-01-17 08:54:20,92.6,55,37.2,115/77,79,67.6,Patient is feeling well with all parameters stable.,0
PAT-00415,2024-01-18 09:05:20,95.3,102,36.4,126/71,94,67.6,Indicates anxiety.,0
PAT-00415,2024-01-19 09:27:00,96.5,60,36.6,125/77,87,67.6,No symptoms reported. Vitals are within expected range.,0
PAT-00415,2024-01-20 10:41:07,94.5,107,37.2,188/100,121,67.6,"Reports restlessness, chest pain, severe headache. worsening symptoms present.",0
PAT-00415,2024-01-21 09:07:44,94.9,92,37.1,128/76,72,67.6,No significant complaints today.,0
PAT-00415,2024-01-22 08:19:07,92.4,62,35.9,150/90,86,67.6,"This morning, mild coldness.",0
PAT-00415,2024-01-23 09:32:22,94.7,104,38.1,124/70,75,67.6,"Indicates anxiety, severe discomfort, fever. worsening symptoms present.",0
PAT-00415,2024-01-24 08:38:49,97.5,110,36.9,171/113,127,67.6,"Patient notes that restlessness, chest tightness, frequent urination.",1
PAT-00415,2024-01-25 10:53:43,92.9,90,35.9,122/74,80,67.6,Reports lowered energy.,0
PAT-00415,2024-01-26 08:47:26,94.3,89,36.4,122/83,99,67.6,Patient denies any symptoms or discomfort.,0
PAT-00415,2024-01-27 10:02:03,91.7,79,38.6,180/114,74,67.6,"This morning, dizziness, muscle aches, severe discomfort, headaches. immediate attention may be needed.",1
PAT-00415,2024-01-28 08:54:55,97.9,64,38.3,163/110,81,67.6,"Notes headache, chills, chest tightness.",1
PAT-00415,2024-01-29 10:01:17,95.8,70,35.6,181/113,86,67.6,"Indicates lowered energy, chest pain, severe headache. worsening symptoms present.",0
PAT-00415,2024-01-30 09:20:53,98.8,73,38.9,135/91,165,67.6,"This morning, fever, muscle aches, severe blurred vision, dry mouth, frequent urination. worsening symptoms present.",0
PAT-00416,2024-01-01 10:37:09,96.3,57,35.5,113/70,82,39.1,Observes lowered energy.,0
PAT-00416,2024-01-02 09:46:52,97.2,55,37.2,130/77,96,39.1,No symptoms reported. Vitals are within expected range.,0
PAT-00416,2024-01-03 08:34:53,93.7,51,36.8,135/88,108,39.1,"Today, patient states slow pulse.",1
PAT-00416,2024-01-04 08:24:18,98.5,60,37.9,120/72,91,39.1,Observes mild fever.,0
PAT-00416,2024-01-05 10:40:05,95.3,74,39.0,123/70,87,39.1,"Notes fever, headache.",0
PAT-00416,2024-01-06 09:26:45,91.6,63,36.5,117/71,138,39.1,"Today, patient states shortness of breath, frequent urination.",0
PAT-00416,2024-01-07 09:09:40,98.4,52,35.8,112/76,110,39.1,"Notes lightheadedness, lowered energy.",0
PAT-00416,2024-01-08 08:43:01,98.3,110,36.8,128/81,117,39.1,Observes restlessness.,0
PAT-00416,2024-01-09 08:44:40,93.5,52,36.8,112/77,92,39.1,Patient describes lightheadedness.,0
PAT-00416,2024-01-10 09:42:05,94.4,85,36.2,121/73,89,39.1,Patient denies any symptoms or discomfort.,0
PAT-00416,2024-01-11 08:12:30,93.6,94,36.5,141/86,106,39.1,Patient denies any symptoms or discomfort.,0
PAT-00416,2024-01-12 09:48:13,96.5,59,37.4,129/84,81,39.1,Vitals remain within acceptable limits. No issues noted.,0
PAT-00416,2024-01-13 10:09:44,95.0,66,36.6,126/80,85,39.1,No symptoms reported. Vitals are within expected range.,0
PAT-00416,2024-01-14 08:23:28,94.7,96,35.7,167/108,71,39.1,"Today, patient states lowered energy, chest tightness.",1
PAT-00416,2024-01-15 10:58:41,94.7,90,36.1,184/105,113,39.1,"Patient notes that chest pain, severe headache. worsening symptoms present.",0
PAT-00416,2024-01-16 09:25:21,95.2,50,36.7,148/88,115,39.1,Patient describes lightheadedness.,1
PAT-00416,2024-01-17 09:12:35,96.6,58,36.7,112/85,85,39.1,Patient is feeling well with all parameters stable.,0
PAT-00416,2024-01-18 08:51:58,95.7,92,36.4,130/95,123,39.1,Patient is feeling well with all parameters stable.,0
PAT-00416,2024-01-19 10:57:14,93.8,51,37.0,112/72,70,39.1,Indicates lightheadedness.,0
PAT-00416,2024-01-20 08:52:51,96.6,59,36.9,141/91,92,39.1,Vitals remain within acceptable limits. No issues noted.,0
PAT-00416,2024-01-21 10:36:40,95.5,99,36.8,125/72,77,39.1,Vitals remain within acceptable limits. No issues noted.,0
PAT-00416,2024-01-22 08:58:01,93.3,73,36.4,163/100,75,39.1,"Today, patient states vision issues.",1
PAT-00416,2024-01-23 09:40:00,96.0,102,37.3,130/73,112,39.1,Notes anxiety.,0
PAT-00416,2024-01-24 10:13:07,97.2,65,37.2,116/71,151,39.1,"Reports severe blurred vision, dry mouth, frequent urination. immediate attention may be needed.",1
PAT-00416,2024-01-25 09:46:32,97.4,105,35.7,126/73,90,39.1,"Patient describes anxiety, mild coldness.",1
PAT-00416,2024-01-26 09:11:31,96.8,50,37.2,123/73,104,39.1,Observes lightheadedness.,0
PAT-00416,2024-01-27 10:26:44,96.3,63,37.3,169/105,78,39.1,Observes headaches.,0
PAT-00416,2024-01-28 09:21:47,95.8,58,36.8,115/77,130,39.1,Notes blurred vision.,0
PAT-00416,2024-01-29 09:52:56,97.8,66,38.9,167/106,70,39.1,"Indicates headache, severe discomfort, chest tightness. worsening symptoms present.",0
PAT-00416,2024-01-30 08:19:31,96.2,98,36.6,174/108,177,39.1,"Notes headaches, severe blurred vision, dry mouth, frequent urination. immediate attention may be needed.",0
PAT-00417,2024-01-01 08:00:22,99.6,86,37.1,141/95,79,56.5,Patient is feeling well with all parameters stable.,0
PAT-00417,2024-01-02 08:10:19,95.1,64,38.2,176/106,80,56.5,"Reports severe discomfort, muscle aches, headaches. immediate attention may be needed.",1
PAT-00417,2024-01-03 09:00:57,92.0,85,37.0,130/73,98,56.5,No symptoms reported. Vitals are within expected range.,0
PAT-00417,2024-01-04 08:14:24,99.3,105,37.3,143/94,92,56.5,"This morning, palpitations.",0
PAT-00417,2024-01-05 10:51:28,98.2,59,36.9,113/70,100,56.5,Patient is feeling well with all parameters stable.,0
PAT-00417,2024-01-06 08:25:57,98.1,57,36.1,121/70,82,56.5,No symptoms reported. Vitals are within expected range.,0
PAT-00417,2024-01-07 09:56:00,96.1,90,36.5,128/82,84,56.5,No symptoms reported. Vitals are within expected range.,0
PAT-00417,2024-01-08 09:12:45,97.5,51,36.7,172/111,92,56.5,"Patient notes that slow pulse, headaches.",0
PAT-00417,2024-01-09 09:52:43,92.0,74,36.8,141/89,125,56.5,Patient denies any symptoms or discomfort.,0
PAT-00417,2024-01-10 08:40:47,94.3,102,37.6,111/84,72,56.5,"Reports restlessness, mild fever.",1
PAT-00417,2024-01-11 09:12:37,99.6,103,36.7,165/114,164,56.5,"Today, patient states restlessness, headaches, severe blurred vision, dry mouth, frequent urination. immediate attention may be needed.",0
PAT-00417,2024-01-12 08:42:27,97.8,99,37.8,127/84,72,56.5,"This morning, mild fever.",0
PAT-00417,2024-01-13 08:17:39,100.0,66,35.6,181/118,112,56.5,"Reports lowered energy, chest pain, severe headache. immediate attention may be needed.",1
PAT-00417,2024-01-14 09:41:16,92.8,69,37.2,179/108,71,56.5,"Today, patient states chest tightness.",1
PAT-00417,2024-01-15 09:53:02,97.6,104,37.3,120/73,103,56.5,Patient describes palpitations.,0
PAT-00417,2024-01-16 08:04:50,97.8,64,36.9,147/88,90,56.5,No symptoms reported. Vitals are within expected range.,0
PAT-00417,2024-01-17 08:22:46,94.8,73,37.4,115/71,74,56.5,No significant complaints today.,0
PAT-00417,2024-01-18 09:08:40,97.1,61,37.8,119/77,92,56.5,Patient notes that body aches.,0
PAT-00417,2024-01-19 09:17:04,91.7,97,37.3,112/82,146,56.5,"Indicates low energy, frequent urination.",1
PAT-00417,2024-01-20 08:02:22,97.4,61,37.0,163/104,74,56.5,"Today, patient states vision issues.",1
PAT-00417,2024-01-21 09:05:46,93.1,67,37.8,114/70,89,56.5,Notes mild fever.,0
PAT-00417,2024-01-22 09:44:56,98.5,63,37.8,134/94,82,56.5,Reports mild fever.,0
PAT-00417,2024-01-23 09:25:36,98.4,89,36.5,145/86,92,56.5,No symptoms reported. Vitals are within expected range.,0
PAT-00417,2024-01-24 09:08:26,95.0,75,37.3,188/117,104,56.5,"Reports chest pain, severe headache. immediate attention may be needed.",0
PAT-00417,2024-01-25 10:24:29,95.7,83,36.8,119/84,146,56.5,"This morning, blurred vision.",0
PAT-00417,2024-01-26 08:42:22,95.3,58,38.9,123/73,87,56.5,"Today, patient states headache, fever.",0
PAT-00417,2024-01-27 09:04:31,96.6,72,36.9,130/72,168,56.5,"Today, patient states severe blurred vision, dry mouth, frequent urination. worsening symptoms present.",1
PAT-00417,2024-01-28 10:35:52,96.0,58,38.7,143/92,96,56.5,"Patient notes that muscle aches, severe discomfort. worsening symptoms present.",1
PAT-00417,2024-01-29 09:13:28,93.5,77,35.6,143/95,75,56.5,Patient notes that lowered energy.,0
PAT-00417,2024-01-30 08:54:07,96.3,75,36.8,129/82,76,56.5,No symptoms reported. Vitals are within expected range.,0
PAT-00418,2024-01-01 09:38:11,95.9,110,38.5,116/77,78,61.5,"Observes palpitations, chills, muscle aches.",0
PAT-00418,2024-01-02 08:34:01,95.2,76,35.5,142/94,105,61.5,"Today, patient states lowered energy.",0
PAT-00418,2024-01-03 08:00:43,96.9,58,38.9,124/77,85,61.5,"This morning, headache, muscle aches.",0
PAT-00418,2024-01-04 09:19:50,97.4,97,38.0,120/83,79,61.5,"Indicates severe discomfort, fever. worsening symptoms present.",0
PAT-00418,2024-01-05 09:03:25,96.9,64,37.2,124/77,71,61.5,Vitals remain within acceptable limits. No issues noted.,0
PAT-00418,2024-01-06 10:51:48,96.6,56,36.4,119/77,87,61.5,Patient is feeling well with all parameters stable.,0
PAT-00418,2024-01-07 08:18:45,95.8,72,36.9,115/75,109,61.5,No significant complaints today.,0
PAT-00418,2024-01-08 09:08:34,98.6,74,38.6,115/75,96,61.5,"Today, patient states chills, fever.",0
PAT-00418,2024-01-09 09:58:59,100.0,60,37.6,110/80,102,61.5,Notes mild fever.,0
PAT-00418,2024-01-10 09:39:12,95.3,70,36.6,185/100,79,61.5,"Patient notes that chest pain, severe headache. immediate attention may be needed.",1
PAT-00418,2024-01-11 10:18:03,94.7,97,37.5,121/75,84,61.5,"Today, patient states mild fever.",0
PAT-00418,2024-01-12 08:00:12,95.1,103,38.7,130/72,77,61.5,"Today, patient states restlessness, chills, headache.",1
PAT-00418,2024-01-13 08:49:32,96.6,68,37.0,115/79,87,61.5,Patient is feeling well with all parameters stable.,0
PAT-00418,2024-01-14 08:00:35,96.7,79,37.8,121/78,72,61.5,Patient notes that mild fever.,0
PAT-00418,2024-01-15 09:08:52,99.4,95,37.0,126/72,70,61.5,No symptoms reported. Vitals are within expected range.,0
PAT-00418,2024-01-16 08:02:46,97.4,59,37.1,163/119,99,61.5,Observes headaches.,1
PAT-00418,2024-01-17 10:18:07,94.3,91,37.6,121/71,76,61.5,Indicates mild fever.,0
PAT-00418,2024-01-18 08:07:47,92.1,57,37.1,130/70,87,61.5,Patient denies any symptoms or discomfort.,0
PAT-00418,2024-01-19 10:09:09,96.6,97,36.9,126/80,80,61.5,Vitals remain within acceptable limits. No issues noted.,0
PAT-00418,2024-01-20 09:41:32,98.6,98,38.4,174/112,85,61.5,"Observes muscle aches, fever, vision issues.",0
PAT-00418,2024-01-21 09:16:29,99.2,60,37.0,128/78,109,61.5,Patient is feeling well with all parameters stable.,0
PAT-00418,2024-01-22 09:16:03,96.1,75,38.7,142/91,143,61.5,"Patient describes muscle aches, severe discomfort, blurred vision. worsening symptoms present.",1
PAT-00418,2024-01-23 08:36:10,98.6,91,36.0,126/79,124,61.5,Patient is feeling well with all parameters stable.,0
PAT-00418,2024-01-24 08:09:02,96.3,97,38.3,127/85,91,61.5,"Today, patient states headache, severe discomfort. worsening symptoms present.",1
PAT-00418,2024-01-25 10:19:08,96.8,78,36.2,183/102,86,61.5,"Notes chest pain, severe headache. worsening symptoms present.",0
PAT-00418,2024-01-26 08:09:08,96.7,97,36.9,128/73,86,61.5,No significant complaints today.,0
PAT-00418,2024-01-27 10:23:42,96.2,93,37.0,119/71,93,61.5,No significant complaints today.,0
PAT-00418,2024-01-28 08:18:02,94.8,65,36.0,129/75,82,61.5,Vitals remain within acceptable limits. No issues noted.,0
PAT-00418,2024-01-29 10:13:06,93.9,103,36.9,124/81,70,61.5,"Today, patient states restlessness.",0
PAT-00418,2024-01-30 09:18:15,98.2,51,36.7,129/84,92,61.5,Notes fatigue.,1
PAT-00419,2024-01-01 10:29:58,92.5,52,36.7,126/70,73,102.9,Indicates slow pulse.,1
PAT-00419,2024-01-02 09:47:11,93.5,58,35.8,168/111,107,102.9,"Patient notes that mild coldness, chest tightness.",1
PAT-00419,2024-01-03 09:02:29,98.2,79,36.8,162/108,117,102.9,Reports vision issues.,0
PAT-00419,2024-01-04 08:38:33,93.4,95,38.5,148/93,102,102.9,"Patient describes fever, headache.",0
PAT-00419,2024-01-05 10:58:06,94.9,55,36.8,128/77,116,102.9,No symptoms reported. Vitals are within expected range.,0
PAT-00419,2024-01-06 10:34:04,97.6,76,35.7,112/78,88,102.9,Observes lowered energy.,0
PAT-00419,2024-01-07 10:23:13,94.6,97,36.8,183/114,73,102.9,"Patient notes that chest pain, severe headache. worsening symptoms present.",0
PAT-00419,2024-01-08 09:46:16,97.1,53,36.7,137/88,79,102.9,Notes lightheadedness.,0
PAT-00419,2024-01-09 10:32:11,92.5,60,37.0,121/73,99,102.9,Patient denies any symptoms or discomfort.,0
PAT-00419,2024-01-10 09:47:44,93.5,68,37.8,110/74,75,102.9,Notes body aches.,0
PAT-00419,2024-01-11 08:03:44,94.6,84,36.2,164/120,135,102.9,"Notes chest tightness, frequent urination.",0
PAT-00419,2024-01-12 08:33:28,94.7,69,36.6,137/95,119,102.9,Patient is feeling well with all parameters stable.,0
PAT-00419,2024-01-13 10:22:35,95.3,90,36.9,122/74,73,102.9,No symptoms reported. Vitals are within expected range.,0
PAT-00419,2024-01-14 10:40:17,100.0,92,36.7,188/117,97,102.9,"Patient describes chest pain, severe headache. worsening symptoms present.",1
PAT-00419,2024-01-15 08:40:28,93.6,77,37.4,161/118,87,102.9,Observes vision issues.,1
PAT-00419,2024-01-16 10:33:22,96.4,90,35.5,119/72,85,102.9,"This morning, mild coldness.",0
PAT-00419,2024-01-17 09:41:10,97.3,55,38.6,113/76,86,102.9,"Indicates headache, fever.",0
PAT-00419,2024-01-18 09:26:20,93.8,62,35.6,124/76,167,102.9,"This morning, lowered energy, severe blurred vision, dry mouth, frequent urination. immediate attention may be needed.",0
PAT-00419,2024-01-19 10:02:41,96.7,80,36.4,130/83,99,102.9,Patient denies any symptoms or discomfort.,0
PAT-00419,2024-01-20 09:51:47,95.6,97,37.9,168/116,81,102.9,"Patient notes that mild fever, chest tightness.",1
PAT-00419,2024-01-21 09:29:46,91.8,60,37.2,110/80,79,102.9,Reports low energy.,0
PAT-00419,2024-01-22 08:18:45,93.3,54,37.4,145/93,117,102.9,"Today, patient states fatigue.",0
PAT-00419,2024-01-23 10:50:48,94.1,81,35.5,140/85,155,102.9,"Patient notes that mild coldness, severe blurred vision, dry mouth, frequent urination. immediate attention may be needed.",1
PAT-00419,2024-01-24 08:11:16,96.6,69,38.8,118/74,118,102.9,"Indicates muscle aches, headache.",1
PAT-00419,2024-01-25 10:59:07,95.2,64,36.5,147/91,70,102.9,Patient is feeling well with all parameters stable.,0
PAT-00419,2024-01-26 09:08:47,94.1,65,37.8,187/120,75,102.9,"Observes night sweats, chest pain, severe headache. immediate attention may be needed.",1
PAT-00419,2024-01-27 09:59:25,96.4,82,35.9,125/85,146,102.9,"Observes mild coldness, dry mouth.",0
PAT-00419,2024-01-28 09:14:00,97.0,67,37.3,112/85,121,102.9,No symptoms reported. Vitals are within expected range.,0
PAT-00419,2024-01-29 08:27:10,93.1,99,36.3,138/87,102,102.9,Patient denies any symptoms or discomfort.,0
PAT-00419,2024-01-30 09:04:43,94.7,88,36.7,124/83,128,102.9,Patient describes blurred vision.,0
PAT-00420,2024-01-01 08:44:34,97.3,96,37.0,128/76,113,83.6,Vitals remain within acceptable limits. No issues noted.,0
PAT-00420,2024-01-02 09:25:48,94.8,94,35.9,172/101,158,83.6,"Patient notes that lowered energy, vision issues, severe blurred vision, dry mouth, frequent urination. worsening symptoms present.",0
PAT-00420,2024-01-03 10:54:44,96.6,66,37.3,130/85,133,83.6,"Today, patient states blurred vision.",0
PAT-00420,2024-01-04 09:35:17,96.6,71,36.7,116/85,115,83.6,Patient is feeling well with all parameters stable.,0
PAT-00420,2024-01-05 09:07:29,93.2,99,37.0,110/78,85,83.6,No significant complaints today.,0
PAT-00420,2024-01-06 10:08:36,94.0,63,36.5,114/73,107,83.6,Patient denies any symptoms or discomfort.,0
PAT-00420,2024-01-07 10:31:56,100.0,60,35.7,118/76,135,83.6,"Patient describes mild coldness, frequent urination.",0
PAT-00420,2024-01-08 09:33:55,96.8,108,38.7,149/85,71,83.6,"Patient notes that anxiety, severe discomfort, headache. immediate attention may be needed.",1
PAT-00420,2024-01-09 08:12:47,93.5,98,37.2,130/81,118,83.6,No symptoms reported. Vitals are within expected range.,0
PAT-00420,2024-01-10 10:44:30,96.7,51,36.8,184/114,80,83.6,"This morning, slow pulse, chest pain, severe headache. immediate attention may be needed.",0
PAT-00420,2024-01-11 10:55:27,97.8,79,37.0,137/93,119,83.6,No symptoms reported. Vitals are within expected range.,0
PAT-00420,2024-01-12 08:00:00,96.4,86,36.4,140/87,118,83.6,Vitals remain within acceptable limits. No issues noted.,0
PAT-00420,2024-01-13 09:10:25,91.3,80,36.7,115/79,176,83.6,"Patient notes that low energy, severe blurred vision, dry mouth, frequent urination. worsening symptoms present.",0
PAT-00420,2024-01-14 08:12:17,96.4,74,36.2,122/72,177,83.6,"Patient notes that severe blurred vision, dry mouth, frequent urination. immediate attention may be needed.",0
PAT-00420,2024-01-15 08:06:11,95.5,76,36.5,126/70,72,83.6,Patient is feeling well with all parameters stable.,0
PAT-00420,2024-01-16 09:07:34,98.4,60,37.1,115/79,111,83.6,Patient denies any symptoms or discomfort.,0
PAT-00420,2024-01-17 10:00:25,96.3,57,36.6,125/74,105,83.6,Patient is feeling well with all parameters stable.,0
PAT-00420,2024-01-18 08:36:00,94.8,72,37.1,148/90,93,83.6,Patient is feeling well with all parameters stable.,0
PAT-00420,2024-01-19 08:14:06,96.8,60,37.3,132/87,173,83.6,"Patient notes that severe blurred vision, dry mouth, frequent urination. immediate attention may be needed.",0
PAT-00420,2024-01-20 10:14:14,96.9,75,35.6,130/92,119,83.6,Patient describes mild coldness.,0
PAT-00420,2024-01-21 08:11:17,94.7,60,38.8,115/84,88,83.6,"Observes chills, fever.",0
PAT-00420,2024-01-22 10:44:50,95.2,94,36.5,188/108,131,83.6,"Patient describes chest pain, severe headache, frequent urination. worsening symptoms present.",0
PAT-00420,2024-01-23 08:49:57,97.7,68,37.3,125/79,98,83.6,No significant complaints today.,0
PAT-00420,2024-01-24 08:15:22,94.5,106,36.0,127/74,93,83.6,Patient describes anxiety.,1
PAT-00420,2024-01-25 08:04:08,97.7,98,36.7,187/106,86,83.6,"Indicates chest pain, severe headache. worsening symptoms present.",0
PAT-00420,2024-01-26 08:28:25,99.3,109,36.6,116/73,79,83.6,"This morning, palpitations.",0
PAT-00420,2024-01-27 09:38:50,93.6,83,36.7,112/74,118,83.6,Patient is feeling well with all parameters stable.,0
PAT-00420,2024-01-28 09:10:49,96.3,108,37.2,124/79,81,83.6,"Today, patient states anxiety.",0
PAT-00420,2024-01-29 08:45:53,99.0,80,37.8,143/87,94,83.6,Notes body aches.,0
PAT-00420,2024-01-30 10:02:17,97.1,110,37.2,125/83,76,83.6,Patient describes palpitations.,1
PAT-00421,2024-01-01 08:50:04,95.5,65,38.9,110/80,103,77.9,"Notes muscle aches, severe discomfort. immediate attention may be needed.",1
PAT-00421,2024-01-02 09:35:35,100.0,71,36.2,124/72,70,77.9,Patient is feeling well with all parameters stable.,0
PAT-00421,2024-01-03 09:48:13,98.0,108,37.4,125/83,108,77.9,Reports restlessness.,0
PAT-00421,2024-01-04 10:33:23,95.8,50,38.3,141/95,73,77.9,"Patient describes slow pulse, fever, headache.",0
PAT-00421,2024-01-05 10:05:23,93.7,90,36.7,160/117,125,77.9,Patient describes vision issues.,1
PAT-00421,2024-01-06 08:47:51,97.2,74,36.4,115/85,109,77.9,Patient is feeling well with all parameters stable.,0
PAT-00421,2024-01-07 09:49:44,94.3,76,37.1,164/105,105,77.9,Notes chest tightness.,0
PAT-00421,2024-01-08 08:10:09,92.2,82,36.5,116/71,88,77.9,No symptoms reported. Vitals are within expected range.,0
PAT-00421,2024-01-09 10:05:45,95.1,65,36.5,172/117,94,77.9,Reports chest tightness.,0
PAT-00421,2024-01-10 09:08:52,96.0,96,35.9,124/78,171,77.9,"Observes mild coldness, severe blurred vision, dry mouth, frequent urination. worsening symptoms present.",1
PAT-00421,2024-01-11 08:52:48,97.6,64,37.3,116/75,156,77.9,"Patient describes severe blurred vision, dry mouth, frequent urination. immediate attention may be needed.",0
PAT-00421,2024-01-12 09:09:39,96.7,68,37.4,116/85,90,77.9,No significant complaints today.,0
PAT-00421,2024-01-13 08:11:28,98.6,78,36.6,136/89,172,77.9,"Observes severe blurred vision, dry mouth, frequent urination. immediate attention may be needed.",0
PAT-00421,2024-01-14 10:02:30,94.1,100,37.4,114/75,84,77.9,No significant complaints today.,0
PAT-00421,2024-01-15 10:32:54,93.8,106,36.3,144/86,109,77.9,Observes palpitations.,1
PAT-00421,2024-01-16 10:37:12,94.2,98,37.4,144/94,85,77.9,Patient is feeling well with all parameters stable.,0
PAT-00421,2024-01-17 08:33:34,96.8,69,37.8,111/78,94,77.9,Observes night sweats.,0
PAT-00421,2024-01-18 09:21:36,96.4,82,36.6,119/77,150,77.9,"Indicates severe blurred vision, dry mouth, frequent urination. worsening symptoms present.",1
PAT-00421,2024-01-19 08:34:39,96.6,54,36.7,171/112,73,77.9,"Reports slow pulse, chest tightness.",1
PAT-00421,2024-01-20 09:21:30,95.8,85,38.1,128/72,90,77.9,"Observes severe discomfort, chills. immediate attention may be needed.",0
PAT-00421,2024-01-21 08:30:03,95.4,92,37.6,130/77,124,77.9,"Today, patient states night sweats.",0
PAT-00421,2024-01-22 08:01:00,95.0,90,36.8,168/120,97,77.9,Patient notes that headaches.,0
PAT-00421,2024-01-23 08:49:38,94.4,57,36.9,176/105,117,77.9,Indicates chest tightness.,1
PAT-00421,2024-01-24 08:22:53,96.6,109,37.2,138/93,75,77.9,Reports restlessness.,0
PAT-00421,2024-01-25 10:24:35,93.8,94,36.7,112/77,77,77.9,No symptoms reported. Vitals are within expected range.,0
PAT-00421,2024-01-26 09:27:12,94.3,93,38.7,126/78,88,77.9,"Notes severe discomfort, chills. immediate attention may be needed.",0
PAT-00421,2024-01-27 09:23:52,99.5,88,36.4,145/85,117,77.9,Vitals remain within acceptable limits. No issues noted.,0
PAT-00421,2024-01-28 09:20:43,94.9,96,37.3,119/76,107,77.9,No significant complaints today.,0
PAT-00421,2024-01-29 09:58:49,97.2,59,38.1,150/94,123,77.9,"Patient notes that muscle aches, severe discomfort. worsening symptoms present.",1
PAT-00421,2024-01-30 08:37:23,96.9,64,36.7,130/85,83,77.9,Patient is feeling well with all parameters stable.,0
PAT-00422,2024-01-01 10:00:52,94.8,61,37.3,121/83,107,66.0,Vitals remain within acceptable limits. No issues noted.,0
PAT-00422,2024-01-02 09:44:50,94.6,82,37.0,137/93,135,66.0,"This morning, frequent urination.",0
PAT-00422,2024-01-03 10:30:34,99.0,101,35.9,139/90,95,66.0,"Patient describes restlessness, lowered energy.",0
PAT-00422,2024-01-04 08:49:20,98.6,77,36.6,125/70,95,66.0,Patient denies any symptoms or discomfort.,0
PAT-00422,2024-01-05 08:57:24,95.6,91,35.7,122/84,121,66.0,Notes mild coldness.,0
PAT-00422,2024-01-06 10:44:14,97.5,90,37.0,129/74,138,66.0,"This morning, blurred vision.",0
PAT-00422,2024-01-07 10:03:19,94.9,90,37.1,122/79,101,66.0,No symptoms reported. Vitals are within expected range.,0
PAT-00422,2024-01-08 10:16:56,97.2,96,35.5,187/108,85,66.0,"Indicates lowered energy, chest pain, severe headache. worsening symptoms present.",0
PAT-00422,2024-01-09 10:31:36,96.8,105,37.2,146/87,83,66.0,Observes anxiety.,0
PAT-00422,2024-01-10 09:58:55,96.8,58,36.6,116/72,121,66.0,No symptoms reported. Vitals are within expected range.,0
PAT-00422,2024-01-11 10:07:43,94.1,60,38.1,124/73,108,66.0,"Indicates headache, chills.",0
PAT-00422,2024-01-12 08:49:57,93.1,79,37.2,136/94,111,66.0,Patient denies any symptoms or discomfort.,0
PAT-00422,2024-01-13 10:35:41,94.2,97,37.6,120/76,140,66.0,"This morning, night sweats, blurred vision.",0
PAT-00422,2024-01-14 09:29:20,94.3,91,36.2,123/76,172,66.0,"Indicates severe blurred vision, dry mouth, frequent urination. worsening symptoms present.",0
PAT-00422,2024-01-15 10:13:48,93.1,95,38.6,130/80,111,66.0,"Notes muscle aches, fever.",0
PAT-00422,2024-01-16 10:51:47,93.2,107,36.7,169/111,86,66.0,"Observes anxiety, vision issues.",0
PAT-00422,2024-01-17 10:04:12,96.3,79,37.2,122/85,84,66.0,Patient is feeling well with all parameters stable.,0
PAT-00422,2024-01-18 09:43:54,97.5,80,36.4,113/78,112,66.0,No symptoms reported. Vitals are within expected range.,0
PAT-00422,2024-01-19 09:41:00,95.0,92,35.5,189/113,79,66.0,"This morning, lowered energy, chest pain, severe headache. worsening symptoms present.",0
PAT-00422,2024-01-20 10:30:13,95.1,71,39.0,134/95,174,66.0,"Reports severe discomfort, fever, severe blurred vision, dry mouth, frequent urination. immediate attention may be needed.",0
PAT-00422,2024-01-21 09:45:47,98.8,53,35.8,142/94,79,66.0,"Patient notes that fatigue, lowered energy.",0
PAT-00422,2024-01-22 09:23:03,95.3,90,37.7,119/70,132,66.0,"Observes night sweats, dry mouth.",0
PAT-00422,2024-01-23 09:08:56,96.4,61,38.8,110/77,145,66.0,"Reports severe discomfort, muscle aches, frequent urination. worsening symptoms present.",1
PAT-00422,2024-01-24 09:08:38,95.7,78,36.9,115/82,109,66.0,No symptoms reported. Vitals are within expected range.,0
PAT-00422,2024-01-25 10:40:16,93.9,63,36.9,110/82,96,66.0,Patient is feeling well with all parameters stable.,0
PAT-00422,2024-01-26 09:01:42,94.1,96,38.4,110/80,92,66.0,"Patient notes that muscle aches, headache.",0
PAT-00422,2024-01-27 10:31:56,91.9,58,37.3,144/89,90,66.0,Indicates low energy.,0
PAT-00422,2024-01-28 09:57:05,100.0,59,38.6,117/74,88,66.0,"Today, patient states severe discomfort, headache. immediate attention may be needed.",1
PAT-00422,2024-01-29 08:04:55,93.1,63,37.0,130/75,89,66.0,Patient denies any symptoms or discomfort.,0
PAT-00422,2024-01-30 10:33:15,97.1,106,36.9,110/78,73,66.0,"Today, patient states restlessness.",0
PAT-00423,2024-01-01 09:47:39,94.0,74,37.3,110/83,77,69.2,Patient denies any symptoms or discomfort.,0
PAT-00423,2024-01-02 09:25:47,96.7,75,36.2,120/78,88,69.2,No symptoms reported. Vitals are within expected range.,0
PAT-00423,2024-01-03 10:31:45,96.3,69,37.2,137/91,135,69.2,Reports dry mouth.,0
PAT-00423,2024-01-04 08:40:54,97.0,80,37.5,145/87,104,69.2,"Today, patient states mild fever.",0
PAT-00423,2024-01-05 10:26:55,93.5,74,38.4,146/87,116,69.2,"Today, patient states severe discomfort, muscle aches. immediate attention may be needed.",0
PAT-00423,2024-01-06 10:56:15,98.5,106,36.6,130/73,94,69.2,Observes restlessness.,0
PAT-00423,2024-01-07 10:18:40,93.7,90,37.3,130/75,72,69.2,No significant complaints today.,0
PAT-00423,2024-01-08 10:26:50,95.7,73,38.6,150/92,73,69.2,"Notes severe discomfort, chills. worsening symptoms present.",0
PAT-00423,2024-01-09 08:38:34,98.0,73,38.8,134/89,87,69.2,"This morning, chills, severe discomfort. worsening symptoms present.",1
PAT-00423,2024-01-10 09:14:08,94.1,95,36.5,124/73,98,69.2,No significant complaints today.,0
PAT-00423,2024-01-11 08:13:57,95.3,83,37.0,141/92,116,69.2,No significant complaints today.,0
PAT-00423,2024-01-12 10:07:54,95.2,77,35.7,111/75,95,69.2,Patient notes that mild coldness.,0
PAT-00423,2024-01-13 09:49:00,96.4,100,35.6,126/74,115,69.2,Notes mild coldness.,0
PAT-00423,2024-01-14 08:46:35,96.5,60,36.5,173/118,71,69.2,Observes headaches.,0
PAT-00423,2024-01-15 10:01:18,95.5,90,36.7,110/79,111,69.2,Patient is feeling well with all parameters stable.,0
PAT-00423,2024-01-16 09:58:09,96.8,103,38.2,140/89,150,69.2,"This morning, palpitations, headache, severe discomfort, severe blurred vision, dry mouth, frequent urination. immediate attention may be needed.",0
PAT-00423,2024-01-17 10:32:57,93.1,53,36.3,117/79,92,69.2,Patient describes fatigue.,1
PAT-00423,2024-01-18 10:39:26,96.4,67,37.3,110/80,93,69.2,Vitals remain within acceptable limits. No issues noted.,0
PAT-00423,2024-01-19 09:20:03,94.9,80,36.8,166/114,99,69.2,Notes headaches.,1
PAT-00423,2024-01-20 09:32:37,94.5,90,38.0,163/107,77,69.2,"Indicates severe discomfort, fever, chest tightness. immediate attention may be needed.",1
PAT-00423,2024-01-21 08:33:25,97.3,78,36.7,163/103,71,69.2,Patient describes headaches.,1
PAT-00423,2024-01-22 10:46:34,97.4,96,36.6,121/85,85,69.2,Vitals remain within acceptable limits. No issues noted.,0
PAT-00423,2024-01-23 08:56:06,96.3,56,36.6,162/119,87,69.2,Observes vision issues.,1
PAT-00423,2024-01-24 10:03:23,96.6,87,36.0,167/115,83,69.2,Patient describes headaches.,1
PAT-00423,2024-01-25 08:20:07,99.5,60,37.8,122/72,98,69.2,Patient notes that mild fever.,0
PAT-00423,2024-01-26 08:25:59,95.9,91,37.2,140/92,89,69.2,No significant complaints today.,0
PAT-00423,2024-01-27 10:07:44,92.4,90,38.9,165/102,170,69.2,"Notes muscle aches, severe discomfort, chest tightness, severe blurred vision, dry mouth, frequent urination. immediate attention may be needed.",0
PAT-00423,2024-01-28 09:44:36,93.1,55,37.1,142/85,81,69.2,No symptoms reported. Vitals are within expected range.,0
PAT-00423,2024-01-29 09:15:29,98.0,74,36.6,112/73,86,69.2,No significant complaints today.,0
PAT-00423,2024-01-30 08:01:54,95.5,55,37.3,113/75,81,69.2,Patient is feeling well with all parameters stable.,0
PAT-00424,2024-01-01 08:00:25,94.1,60,36.8,133/94,78,56.8,Vitals remain within acceptable limits. No issues noted.,0
PAT-00424,2024-01-02 08:30:48,99.2,82,36.5,133/89,90,56.8,Patient is feeling well with all parameters stable.,0
PAT-00424,2024-01-03 08:18:53,99.6,60,36.7,135/85,89,56.8,No symptoms reported. Vitals are within expected range.,0
PAT-00424,2024-01-04 10:03:46,95.7,52,37.1,130/77,92,56.8,Observes fatigue.,1
PAT-00424,2024-01-05 10:23:20,95.0,88,37.3,124/85,123,56.8,No significant complaints today.,0
PAT-00424,2024-01-06 08:40:29,94.4,87,38.7,115/80,109,56.8,"Patient notes that fever, chills.",0
PAT-00424,2024-01-07 08:47:05,98.3,51,35.9,122/84,92,56.8,"Observes lightheadedness, lowered energy.",0
PAT-00424,2024-01-08 08:47:47,95.1,110,37.3,126/71,71,56.8,"Today, patient states restlessness.",0
PAT-00424,2024-01-09 09:11:26,94.8,87,36.9,146/89,102,56.8,No symptoms reported. Vitals are within expected range.,0
PAT-00424,2024-01-10 09:12:39,93.5,91,35.7,131/94,70,56.8,Notes lowered energy.,0
PAT-00424,2024-01-11 08:15:26,95.6,60,36.7,150/94,180,56.8,"Patient notes that severe blurred vision, dry mouth, frequent urination. immediate attention may be needed.",0
PAT-00424,2024-01-12 09:57:26,95.6,70,36.8,143/91,82,56.8,Patient is feeling well with all parameters stable.,0
PAT-00424,2024-01-13 08:44:35,95.4,60,37.2,135/90,78,56.8,Vitals remain within acceptable limits. No issues noted.,0
PAT-00424,2024-01-14 08:06:55,97.4,102,38.9,124/83,89,56.8,"Reports anxiety, headache, muscle aches.",0
PAT-00424,2024-01-15 10:49:48,94.3,99,37.1,142/89,82,56.8,Vitals remain within acceptable limits. No issues noted.,0
PAT-00424,2024-01-16 08:58:20,96.7,60,37.3,112/71,78,56.8,Patient denies any symptoms or discomfort.,0
PAT-00424,2024-01-17 08:04:42,92.2,57,38.7,119/81,79,56.8,"Observes headache, severe discomfort. immediate attention may be needed.",0
PAT-00424,2024-01-18 09:58:34,93.0,108,36.8,180/115,76,56.8,"Reports anxiety, chest tightness.",0
PAT-00424,2024-01-19 08:52:45,96.8,59,38.8,181/118,81,56.8,"This morning, headache, severe discomfort, chest pain, severe headache. immediate attention may be needed.",0
PAT-00424,2024-01-20 09:38:21,98.8,87,36.9,141/88,170,56.8,"Observes severe blurred vision, dry mouth, frequent urination. worsening symptoms present.",0
PAT-00424,2024-01-21 09:17:36,96.7,72,36.8,150/87,133,56.8,Indicates frequent urination.,0
PAT-00424,2024-01-22 10:54:32,92.3,76,37.2,172/100,92,56.8,Reports vision issues.,1
PAT-00424,2024-01-23 08:22:56,97.5,63,36.3,130/72,99,56.8,Patient is feeling well with all parameters stable.,0
PAT-00424,2024-01-24 10:33:37,100.0,105,37.1,125/75,94,56.8,Patient describes restlessness.,0
PAT-00424,2024-01-25 09:04:24,98.3,58,36.9,119/71,98,56.8,No symptoms reported. Vitals are within expected range.,0
PAT-00424,2024-01-26 09:30:43,93.9,66,36.8,186/113,107,56.8,"Patient notes that chest pain, severe headache. immediate attention may be needed.",1
PAT-00424,2024-01-27 10:48:43,96.2,61,37.5,173/104,90,56.8,"Observes body aches, chest tightness.",0
PAT-00424,2024-01-28 09:51:20,95.3,63,37.2,113/83,116,56.8,Patient is feeling well with all parameters stable.,0
PAT-00424,2024-01-29 08:16:05,92.5,88,37.2,117/84,81,56.8,Vitals remain within acceptable limits. No issues noted.,0
PAT-00424,2024-01-30 08:41:46,96.2,64,37.7,123/78,71,56.8,Patient describes night sweats.,0
PAT-00425,2024-01-01 10:10:42,95.1,86,36.6,130/95,113,109.1,Patient is feeling well with all parameters stable.,0
PAT-00425,2024-01-02 08:21:42,94.3,61,36.5,123/85,89,109.1,Vitals remain within acceptable limits. No issues noted.,0
PAT-00425,2024-01-03 09:57:10,94.6,50,36.2,124/72,105,109.1,Reports lightheadedness.,0
PAT-00425,2024-01-04 10:54:33,95.6,74,37.4,113/75,96,109.1,No symptoms reported. Vitals are within expected range.,0
PAT-00425,2024-01-05 10:14:37,97.3,57,37.4,133/95,80,109.1,No significant complaints today.,0
PAT-00425,2024-01-06 10:28:06,95.6,53,36.8,119/71,122,109.1,"Today, patient states slow pulse.",1
PAT-00425,2024-01-07 09:41:29,94.0,80,36.9,162/106,122,109.1,Patient notes that headaches.,1
PAT-00425,2024-01-08 08:48:57,95.9,101,36.6,125/83,99,109.1,Patient notes that anxiety.,0
PAT-00425,2024-01-09 08:54:47,95.6,74,38.5,118/78,119,109.1,"This morning, fever, muscle aches.",1
PAT-00425,2024-01-10 08:40:17,95.5,74,38.4,112/71,80,109.1,"Reports headache, muscle aches.",1
PAT-00425,2024-01-11 10:52:13,94.7,95,36.5,112/81,109,109.1,No symptoms reported. Vitals are within expected range.,0
PAT-00425,2024-01-12 10:35:30,97.6,68,38.0,113/74,83,109.1,"Patient notes that fever, severe discomfort. immediate attention may be needed.",0
PAT-00425,2024-01-13 09:36:53,98.1,107,36.2,113/79,87,109.1,Indicates anxiety.,1
PAT-00425,2024-01-14 08:26:37,93.7,100,37.3,122/75,80,109.1,No significant complaints today.,0
PAT-00425,2024-01-15 09:22:48,95.3,58,36.8,128/75,121,109.1,Patient denies any symptoms or discomfort.,0
PAT-00425,2024-01-16 09:15:04,94.8,57,37.2,145/92,92,109.1,Patient denies any symptoms or discomfort.,0
PAT-00425,2024-01-17 08:14:01,96.8,83,36.4,122/73,75,109.1,Patient is feeling well with all parameters stable.,0
PAT-00425,2024-01-18 09:32:15,95.2,88,37.1,118/75,76,109.1,Patient denies any symptoms or discomfort.,0
PAT-00425,2024-01-19 09:27:55,94.2,81,35.5,111/71,111,109.1,Notes lowered energy.,0
PAT-00425,2024-01-20 10:40:38,96.4,110,36.4,169/111,99,109.1,"Reports palpitations, chest tightness.",0
PAT-00425,2024-01-21 08:57:50,95.8,78,37.5,110/76,82,109.1,Notes night sweats.,0
PAT-00425,2024-01-22 09:19:07,98.7,79,37.1,127/77,86,109.1,Vitals remain within acceptable limits. No issues noted.,0
PAT-00425,2024-01-23 08:07:56,93.4,58,37.2,175/118,87,109.1,Reports headaches.,1
PAT-00425,2024-01-24 08:11:52,94.6,104,37.3,127/81,120,109.1,"This morning, anxiety.",0
PAT-00425,2024-01-25 09:10:26,98.0,92,37.1,114/82,74,109.1,No symptoms reported. Vitals are within expected range.,0
PAT-00425,2024-01-26 10:42:39,93.9,95,36.9,142/85,135,109.1,Observes frequent urination.,0
PAT-00425,2024-01-27 08:18:59,96.4,59,37.1,130/85,96,109.1,No significant complaints today.,0
PAT-00425,2024-01-28 10:20:52,94.8,76,38.4,111/83,164,109.1,"Patient describes muscle aches, chills, severe blurred vision, dry mouth, frequent urination. immediate attention may be needed.",0
PAT-00425,2024-01-29 10:13:13,97.0,62,37.0,120/79,73,109.1,Patient denies any symptoms or discomfort.,0
PAT-00425,2024-01-30 08:32:22,98.2,60,37.0,116/84,88,109.1,No symptoms reported. Vitals are within expected range.,0
PAT-00426,2024-01-01 08:20:19,96.5,87,37.4,148/86,124,63.2,Vitals remain within acceptable limits. No issues noted.,0
PAT-00426,2024-01-02 09:07:16,95.1,90,39.0,118/78,145,63.2,"Observes muscle aches, chills, dry mouth.",0
PAT-00426,2024-01-03 10:03:57,94.0,56,36.7,125/84,99,63.2,Patient is feeling well with all parameters stable.,0
PAT-00426,2024-01-04 08:24:25,96.6,71,38.4,121/83,105,63.2,"Observes fever, chills.",0
PAT-00426,2024-01-05 09:05:25,100.0,69,38.4,130/88,135,63.2,"Today, patient states muscle aches, headache, frequent urination.",1
PAT-00426,2024-01-06 08:02:51,95.9,50,35.9,185/114,130,63.2,"Reports lightheadedness, lowered energy, chest pain, severe headache, frequent urination. immediate attention may be needed.",1
PAT-00426,2024-01-07 09:06:35,95.5,104,37.3,126/83,124,63.2,Notes palpitations.,1
PAT-00426,2024-01-08 10:13:05,93.3,54,36.6,143/85,73,63.2,Notes lightheadedness.,0
PAT-00426,2024-01-09 09:52:23,93.4,96,36.9,162/109,90,63.2,Patient describes chest tightness.,0
PAT-00426,2024-01-10 08:55:53,98.4,57,37.4,184/102,73,63.2,"Patient describes chest pain, severe headache. immediate attention may be needed.",0
PAT-00426,2024-01-11 10:12:33,96.1,71,36.5,134/92,84,63.2,Patient denies any symptoms or discomfort.,0
PAT-00426,2024-01-12 08:58:32,98.6,78,37.1,145/90,116,63.2,No significant complaints today.,0
PAT-00426,2024-01-13 08:46:08,95.8,83,37.2,183/105,93,63.2,"Notes chest pain, severe headache. immediate attention may be needed.",1
PAT-00426,2024-01-14 09:59:33,97.9,82,37.0,146/92,71,63.2,No significant complaints today.,0
PAT-00426,2024-01-15 09:28:18,92.6,60,36.8,183/108,97,63.2,"Notes chest pain, severe headache. worsening symptoms present.",1
PAT-00426,2024-01-16 09:38:00,95.2,59,36.5,116/82,91,63.2,Vitals remain within acceptable limits. No issues noted.,0
PAT-00426,2024-01-17 09:11:03,95.6,55,35.5,174/100,96,63.2,"Indicates lowered energy, chest tightness.",0
PAT-00426,2024-01-18 09:48:07,94.8,83,38.6,132/87,114,63.2,"Observes severe discomfort, fever. immediate attention may be needed.",1
PAT-00426,2024-01-19 08:24:32,99.1,77,36.7,130/73,96,63.2,Patient denies any symptoms or discomfort.,0
PAT-00426,2024-01-20 10:02:51,97.9,63,37.1,181/114,116,63.2,"Patient notes that chest pain, severe headache. immediate attention may be needed.",1
PAT-00426,2024-01-21 09:21:29,98.3,95,37.1,131/85,84,63.2,Patient is feeling well with all parameters stable.,0
PAT-00426,2024-01-22 08:32:59,96.4,62,38.9,117/77,121,63.2,"Reports chills, muscle aches.",0
PAT-00426,2024-01-23 09:18:36,96.0,56,37.1,110/73,93,63.2,Patient is feeling well with all parameters stable.,0
PAT-00426,2024-01-24 09:34:48,97.2,55,36.1,116/82,116,63.2,Patient denies any symptoms or discomfort.,0
PAT-00426,2024-01-25 08:37:34,95.2,57,36.9,144/91,85,63.2,Patient denies any symptoms or discomfort.,0
PAT-00426,2024-01-26 09:28:05,93.8,87,37.4,148/89,94,63.2,No symptoms reported. Vitals are within expected range.,0
PAT-00426,2024-01-27 08:23:54,96.0,91,37.9,128/77,99,63.2,Patient describes night sweats.,0
PAT-00426,2024-01-28 10:06:05,99.0,51,36.5,123/80,76,63.2,Indicates fatigue.,0
PAT-00426,2024-01-29 09:26:56,97.6,95,37.2,127/79,71,63.2,No symptoms reported. Vitals are within expected range.,0
PAT-00426,2024-01-30 09:42:13,93.9,83,36.6,115/76,118,63.2,Vitals remain within acceptable limits. No issues noted.,0
PAT-00427,2024-01-01 09:59:23,93.3,81,35.9,186/115,75,81.1,"Notes lowered energy, chest pain, severe headache. immediate attention may be needed.",0
PAT-00427,2024-01-02 10:07:19,92.1,59,36.5,128/72,87,81.1,Vitals remain within acceptable limits. No issues noted.,0
PAT-00427,2024-01-03 08:05:23,96.4,88,37.0,164/119,95,81.1,"This morning, chest tightness.",1
PAT-00427,2024-01-04 10:54:59,94.0,63,39.0,139/86,172,81.1,"Observes fever, muscle aches, severe blurred vision, dry mouth, frequent urination. worsening symptoms present.",1
PAT-00427,2024-01-05 08:57:22,97.8,84,38.8,123/72,74,81.1,"Observes chills, fever.",0
PAT-00427,2024-01-06 09:04:58,95.7,70,35.5,121/81,82,81.1,Patient describes lowered energy.,0
PAT-00427,2024-01-07 10:24:28,95.9,56,38.9,171/110,101,81.1,"Patient notes that muscle aches, headache, chest tightness.",1
PAT-00427,2024-01-08 08:13:24,94.7,110,36.8,119/85,79,81.1,"Today, patient states anxiety.",1
PAT-00427,2024-01-09 08:36:00,96.3,105,37.2,143/92,72,81.1,Notes anxiety.,0
PAT-00427,2024-01-10 10:27:10,93.6,66,36.5,140/86,73,81.1,Patient is feeling well with all parameters stable.,0
PAT-00427,2024-01-11 08:17:55,95.7,58,37.0,147/89,95,81.1,Patient denies any symptoms or discomfort.,0
PAT-00427,2024-01-12 08:38:49,96.3,90,36.7,140/95,137,81.1,Indicates dry mouth.,0
PAT-00427,2024-01-13 08:55:15,97.9,92,36.6,121/73,93,81.1,Vitals remain within acceptable limits. No issues noted.,0
PAT-00427,2024-01-14 09:32:35,96.5,64,38.7,117/81,81,81.1,"Patient notes that fever, chills.",1
PAT-00427,2024-01-15 09:22:37,97.6,94,37.2,137/90,72,81.1,No symptoms reported. Vitals are within expected range.,0
PAT-00427,2024-01-16 08:32:03,94.0,109,37.3,125/84,158,81.1,"Reports restlessness, severe blurred vision, dry mouth, frequent urination. worsening symptoms present.",1
PAT-00427,2024-01-17 10:23:15,96.2,81,37.2,126/80,105,81.1,Patient denies any symptoms or discomfort.,0
PAT-00427,2024-01-18 09:51:24,95.6,54,37.1,150/92,70,81.1,Observes slow pulse.,0
PAT-00427,2024-01-19 09:36:16,97.1,96,37.7,116/80,90,81.1,Patient notes that body aches.,0
PAT-00427,2024-01-20 09:09:09,96.6,67,37.3,112/79,79,81.1,Patient denies any symptoms or discomfort.,0
PAT-00427,2024-01-21 08:29:11,96.5,94,38.4,141/93,71,81.1,"This morning, chills, headache.",1
PAT-00427,2024-01-22 08:39:26,94.9,95,38.8,116/83,96,81.1,"Observes muscle aches, severe discomfort. worsening symptoms present.",0
PAT-00427,2024-01-23 10:05:29,100.0,100,36.9,145/93,78,81.1,No symptoms reported. Vitals are within expected range.,0
PAT-00427,2024-01-24 08:46:24,97.5,56,38.7,114/74,71,81.1,"Today, patient states headache, chills.",1
PAT-00427,2024-01-25 08:25:57,94.2,72,36.8,161/105,99,81.1,Patient notes that headaches.,1
PAT-00427,2024-01-26 09:58:53,97.3,83,38.3,141/89,125,81.1,"Today, patient states chills, muscle aches.",0
PAT-00427,2024-01-27 10:52:46,92.1,57,38.2,178/117,100,81.1,"Reports muscle aches, chills, chest tightness.",1
PAT-00427,2024-01-28 09:30:58,94.1,110,36.7,127/84,74,81.1,Patient describes palpitations.,1
PAT-00427,2024-01-29 09:19:21,97.1,109,37.0,126/76,71,81.1,Patient notes that anxiety.,0
PAT-00427,2024-01-30 10:08:11,97.9,60,35.6,122/76,117,81.1,Patient describes lowered energy.,0
PAT-00428,2024-01-01 10:05:22,96.7,59,36.7,115/72,116,76.6,Vitals remain within acceptable limits. No issues noted.,0
PAT-00428,2024-01-02 10:54:53,95.9,75,36.5,125/80,74,76.6,Vitals remain within acceptable limits. No issues noted.,0
PAT-00428,2024-01-03 09:25:54,94.6,54,36.6,132/90,84,76.6,Patient describes fatigue.,0
PAT-00428,2024-01-04 09:12:05,97.2,73,36.7,139/93,98,76.6,Patient denies any symptoms or discomfort.,0
PAT-00428,2024-01-05 08:21:14,91.1,103,38.9,133/85,77,76.6,"Reports low energy, restlessness, muscle aches, headache.",0
PAT-00428,2024-01-06 09:22:25,93.0,60,37.2,149/85,104,76.6,No symptoms reported. Vitals are within expected range.,0
PAT-00428,2024-01-07 09:13:15,93.6,93,37.8,123/79,70,76.6,Patient describes body aches.,0
PAT-00428,2024-01-08 09:52:36,97.2,88,37.0,142/90,86,76.6,No significant complaints today.,0
PAT-00428,2024-01-09 10:28:25,96.1,101,38.5,112/70,92,76.6,"Today, patient states palpitations, headache, muscle aches.",1
PAT-00428,2024-01-10 08:29:37,93.1,57,36.9,146/90,156,76.6,"Patient describes severe blurred vision, dry mouth, frequent urination. worsening symptoms present.",0
PAT-00428,2024-01-11 10:16:30,96.7,91,37.1,144/94,84,76.6,No symptoms reported. Vitals are within expected range.,0
PAT-00428,2024-01-12 08:18:55,94.9,64,37.5,141/95,74,76.6,Observes night sweats.,0
PAT-00428,2024-01-13 10:44:58,94.6,55,36.4,167/109,120,76.6,Reports vision issues.,0
PAT-00428,2024-01-14 09:19:14,94.0,61,36.6,116/75,70,76.6,No significant complaints today.,0
PAT-00428,2024-01-15 08:55:57,97.6,62,37.1,176/108,73,76.6,Observes vision issues.,0
PAT-00428,2024-01-16 09:11:09,95.6,53,36.6,121/83,70,76.6,"Today, patient states fatigue.",0
PAT-00428,2024-01-17 10:55:44,93.6,108,36.5,123/75,79,76.6,Indicates anxiety.,0
PAT-00428,2024-01-18 09:51:32,98.1,65,35.5,129/79,86,76.6,Reports lowered energy.,0
PAT-00428,2024-01-19 08:50:18,93.5,95,36.1,123/84,135,76.6,"Today, patient states dry mouth.",0
PAT-00428,2024-01-20 10:18:01,95.5,58,38.8,135/93,122,76.6,"Today, patient states headache, severe discomfort. worsening symptoms present.",0
PAT-00428,2024-01-21 10:54:37,94.2,89,36.4,135/94,126,76.6,Patient notes that blurred vision.,0
PAT-00428,2024-01-22 09:52:51,98.1,60,36.8,132/89,70,76.6,No significant complaints today.,0
PAT-00428,2024-01-23 08:44:46,94.5,100,37.8,188/101,139,76.6,"Patient describes mild fever, chest pain, severe headache, frequent urination. worsening symptoms present.",0
PAT-00428,2024-01-24 10:16:55,98.0,72,38.3,118/73,85,76.6,"Today, patient states chills, fever.",0
PAT-00428,2024-01-25 08:38:39,97.2,90,37.1,119/80,94,76.6,Vitals remain within acceptable limits. No issues noted.,0
PAT-00428,2024-01-26 10:10:55,98.1,89,36.6,142/93,72,76.6,No symptoms reported. Vitals are within expected range.,0
PAT-00428,2024-01-27 08:18:04,95.7,68,36.5,140/86,154,76.6,"Notes severe blurred vision, dry mouth, frequent urination. worsening symptoms present.",1
PAT-00428,2024-01-28 09:16:49,99.2,60,37.4,123/76,81,76.6,No symptoms reported. Vitals are within expected range.,0
PAT-00428,2024-01-29 09:46:44,97.3,60,37.4,133/94,71,76.6,Patient denies any symptoms or discomfort.,0
PAT-00428,2024-01-30 09:13:39,96.5,88,36.7,117/72,76,76.6,No significant complaints today.,0
PAT-00429,2024-01-01 09:05:43,98.6,104,38.3,130/79,77,59.4,"Today, patient states restlessness, muscle aches, severe discomfort. immediate attention may be needed.",0
PAT-00429,2024-01-02 08:28:14,97.2,66,38.9,124/73,159,59.4,"Patient notes that fever, chills, severe blurred vision, dry mouth, frequent urination. worsening symptoms present.",0
PAT-00429,2024-01-03 10:55:08,94.8,60,36.8,114/83,82,59.4,Patient is feeling well with all parameters stable.,0
PAT-00429,2024-01-04 10:41:54,95.0,84,36.7,135/91,79,59.4,Patient is feeling well with all parameters stable.,0
PAT-00429,2024-01-05 10:07:09,99.0,94,36.9,138/88,70,59.4,Patient denies any symptoms or discomfort.,0
PAT-00429,2024-01-06 10:40:24,96.9,58,37.3,170/113,91,59.4,Notes headaches.,0
PAT-00429,2024-01-07 08:45:12,96.6,94,37.9,135/85,98,59.4,Reports night sweats.,0
PAT-00429,2024-01-08 09:09:22,97.8,56,36.4,121/74,87,59.4,Patient denies any symptoms or discomfort.,0
PAT-00429,2024-01-09 10:45:07,98.1,87,36.7,141/94,71,59.4,No symptoms reported. Vitals are within expected range.,0
PAT-00429,2024-01-10 10:08:37,95.1,83,38.7,114/75,72,59.4,"Observes muscle aches, chills.",0
PAT-00429,2024-01-11 09:44:29,97.8,82,37.8,123/78,72,59.4,"Today, patient states night sweats.",0
PAT-00429,2024-01-12 09:06:53,92.6,61,35.6,146/95,86,59.4,"Today, patient states lowered energy.",0
PAT-00429,2024-01-13 09:58:06,97.2,107,37.8,126/79,148,59.4,"Notes palpitations, night sweats, blurred vision.",1
PAT-00429,2024-01-14 09:50:09,94.9,69,37.2,117/82,116,59.4,No symptoms reported. Vitals are within expected range.,0
PAT-00429,2024-01-15 09:57:03,99.3,58,36.6,116/84,98,59.4,No symptoms reported. Vitals are within expected range.,0
PAT-00429,2024-01-16 08:51:17,95.3,82,37.3,110/80,76,59.4,No symptoms reported. Vitals are within expected range.,0
PAT-00429,2024-01-17 10:30:22,95.0,104,37.0,141/86,79,59.4,Observes anxiety.,0
PAT-00429,2024-01-18 09:24:00,95.9,105,35.7,142/95,123,59.4,"Today, patient states anxiety, mild coldness.",0
PAT-00429,2024-01-19 09:49:23,100.0,74,37.5,143/86,73,59.4,"This morning, mild fever.",0
PAT-00429,2024-01-20 08:22:05,99.2,69,36.8,169/112,108,59.4,Notes vision issues.,0
PAT-00429,2024-01-21 08:14:54,97.0,95,36.5,143/94,114,59.4,Vitals remain within acceptable limits. No issues noted.,0
PAT-00429,2024-01-22 10:42:39,94.9,87,37.2,117/75,117,59.4,Patient denies any symptoms or discomfort.,0
PAT-00429,2024-01-23 09:17:11,92.8,105,36.6,187/102,90,59.4,"Indicates restlessness, chest pain, severe headache. worsening symptoms present.",1
PAT-00429,2024-01-24 08:24:41,92.8,97,36.7,179/109,77,59.4,Observes headaches.,0
PAT-00429,2024-01-25 08:05:58,96.6,94,35.7,114/85,79,59.4,"Today, patient states lowered energy.",0
PAT-00429,2024-01-26 10:30:18,97.8,90,38.1,172/104,103,59.4,"Indicates muscle aches, chills, vision issues.",0
PAT-00429,2024-01-27 08:48:45,95.4,107,37.7,112/81,147,59.4,"Notes restlessness, body aches, dry mouth.",1
PAT-00429,2024-01-28 10:06:49,97.1,57,37.1,141/87,82,59.4,No significant complaints today.,0
PAT-00429,2024-01-29 08:11:02,93.5,57,37.1,149/93,97,59.4,Vitals remain within acceptable limits. No issues noted.,0
PAT-00429,2024-01-30 08:02:29,99.2,94,38.7,114/71,84,59.4,"Today, patient states fever, muscle aches.",0
PAT-00430,2024-01-01 08:00:50,97.4,82,36.6,164/113,95,76.1,Notes chest tightness.,0
PAT-00430,2024-01-02 09:52:02,94.9,105,35.9,110/80,73,76.1,"Reports anxiety, lowered energy.",0
PAT-00430,2024-01-03 08:49:53,96.0,97,36.4,163/110,80,76.1,"Today, patient states chest tightness.",1
PAT-00430,2024-01-04 08:22:15,97.9,108,38.2,111/76,129,76.1,"Indicates palpitations, chills, severe discomfort, dry mouth. worsening symptoms present.",0
PAT-00430,2024-01-05 09:17:50,92.4,88,36.8,136/94,169,76.1,"Reports severe blurred vision, dry mouth, frequent urination. immediate attention may be needed.",0
PAT-00430,2024-01-06 10:37:46,96.5,80,36.5,134/88,91,76.1,No symptoms reported. Vitals are within expected range.,0
PAT-00430,2024-01-07 09:53:03,99.4,67,35.8,121/79,86,76.1,Indicates mild coldness.,0
PAT-00430,2024-01-08 10:39:37,96.2,97,38.6,163/119,82,76.1,"Observes muscle aches, fever, headaches.",0
PAT-00430,2024-01-09 09:43:02,96.8,90,36.2,119/77,86,76.1,Patient is feeling well with all parameters stable.,0
PAT-00430,2024-01-10 10:26:37,95.0,62,38.6,118/73,139,76.1,"Notes chills, headache, blurred vision.",0
PAT-00430,2024-01-11 10:06:28,97.7,59,36.6,127/76,71,76.1,Patient is feeling well with all parameters stable.,0
PAT-00430,2024-01-12 08:48:52,97.2,51,35.8,113/71,89,76.1,"Reports lightheadedness, lowered energy.",0
PAT-00430,2024-01-13 08:45:36,96.6,89,36.1,141/91,99,76.1,Vitals remain within acceptable limits. No issues noted.,0
PAT-00430,2024-01-14 08:23:37,93.8,75,36.2,164/118,76,76.1,Reports vision issues.,0
PAT-00430,2024-01-15 10:12:57,95.6,56,36.9,146/94,97,76.1,Patient denies any symptoms or discomfort.,0
PAT-00430,2024-01-16 09:41:21,96.3,73,36.0,148/93,160,76.1,"Observes severe blurred vision, dry mouth, frequent urination. immediate attention may be needed.",0
PAT-00430,2024-01-17 10:04:40,99.1,99,36.4,130/78,119,76.1,No significant complaints today.,0
PAT-00430,2024-01-18 09:56:36,96.4,83,37.2,115/77,96,76.1,Vitals remain within acceptable limits. No issues noted.,0
PAT-00430,2024-01-19 08:05:31,98.4,79,37.9,119/77,78,76.1,"Today, patient states mild fever.",0
PAT-00430,2024-01-20 10:00:17,95.8,77,37.0,128/70,84,76.1,Patient denies any symptoms or discomfort.,0
PAT-00430,2024-01-21 10:13:06,95.5,83,36.7,114/74,116,76.1,Patient denies any symptoms or discomfort.,0
PAT-00430,2024-01-22 08:20:05,96.8,85,37.4,114/70,120,76.1,Patient is feeling well with all parameters stable.,0
PAT-00430,2024-01-23 09:26:15,94.6,69,36.9,139/88,124,76.1,Patient is feeling well with all parameters stable.,0
PAT-00430,2024-01-24 08:45:53,92.7,56,36.4,189/118,70,76.1,"Patient describes chest pain, severe headache. immediate attention may be needed.",0
PAT-00430,2024-01-25 08:37:42,97.8,102,35.9,128/70,98,76.1,"Indicates restlessness, mild coldness.",0
PAT-00430,2024-01-26 08:55:44,99.5,75,36.4,122/75,147,76.1,Observes frequent urination.,0
PAT-00430,2024-01-27 08:17:38,94.3,65,36.0,142/86,97,76.1,Patient is feeling well with all parameters stable.,0
PAT-00430,2024-01-28 09:04:38,94.3,69,38.9,130/83,92,76.1,"Observes headache, muscle aches.",0
PAT-00430,2024-01-29 10:34:13,98.5,72,38.4,116/76,77,76.1,"Today, patient states fever, chills.",0
PAT-00430,2024-01-30 10:11:50,97.7,89,36.1,119/82,82,76.1,Patient denies any symptoms or discomfort.,0
PAT-00431,2024-01-01 10:12:31,95.6,88,37.1,117/74,117,86.1,No symptoms reported. Vitals are within expected range.,0
PAT-00431,2024-01-02 10:57:56,95.0,63,37.0,140/90,170,86.1,"Patient describes severe blurred vision, dry mouth, frequent urination. immediate attention may be needed.",1
PAT-00431,2024-01-03 09:41:10,95.2,60,37.1,113/83,128,86.1,"This morning, blurred vision.",0
PAT-00431,2024-01-04 09:47:25,94.4,100,36.8,118/79,119,86.1,Patient denies any symptoms or discomfort.,0
PAT-00431,2024-01-05 08:44:25,96.9,70,35.7,135/87,115,86.1,Patient describes mild coldness.,0
PAT-00431,2024-01-06 10:42:04,94.3,99,38.0,162/104,102,86.1,"Observes muscle aches, severe discomfort, headaches. immediate attention may be needed.",1
PAT-00431,2024-01-07 09:53:46,93.5,71,36.9,175/114,104,86.1,Patient describes chest tightness.,0
PAT-00431,2024-01-08 08:53:23,100.0,90,37.1,126/71,78,86.1,Patient denies any symptoms or discomfort.,0
PAT-00431,2024-01-09 10:22:17,96.6,64,38.9,146/90,75,86.1,"Patient notes that chills, fever.",0
PAT-00431,2024-01-10 10:33:12,96.5,81,37.4,114/74,109,86.1,Patient denies any symptoms or discomfort.,0
PAT-00431,2024-01-11 09:37:28,98.7,96,37.4,147/91,152,86.1,"Observes severe blurred vision, dry mouth, frequent urination. immediate attention may be needed.",0
PAT-00431,2024-01-12 08:04:54,94.7,61,36.7,124/79,91,86.1,No symptoms reported. Vitals are within expected range.,0
PAT-00431,2024-01-13 10:41:34,95.7,55,37.9,138/94,88,86.1,Patient notes that mild fever.,0
PAT-00431,2024-01-14 10:46:22,96.9,102,36.7,132/94,110,86.1,"This morning, restlessness.",1
PAT-00431,2024-01-15 10:56:49,95.5,57,36.4,126/78,100,86.1,Vitals remain within acceptable limits. No issues noted.,0
PAT-00431,2024-01-16 10:25:42,93.7,84,37.2,125/82,110,86.1,Patient is feeling well with all parameters stable.,0
PAT-00431,2024-01-17 10:32:20,93.7,66,36.7,126/71,80,86.1,Patient is feeling well with all parameters stable.,0
PAT-00431,2024-01-18 09:13:09,95.4,72,36.2,120/75,115,86.1,Patient denies any symptoms or discomfort.,0
PAT-00431,2024-01-19 10:07:59,95.8,86,36.5,121/70,124,86.1,No symptoms reported. Vitals are within expected range.,0
PAT-00431,2024-01-20 08:10:51,100.0,109,37.0,129/71,157,86.1,"Observes restlessness, severe blurred vision, dry mouth, frequent urination. immediate attention may be needed.",1
PAT-00431,2024-01-21 10:08:58,100.0,58,37.0,111/84,93,86.1,Vitals remain within acceptable limits. No issues noted.,0
PAT-00431,2024-01-22 08:23:34,93.2,73,38.3,124/79,104,86.1,"Patient notes that severe discomfort, fever. worsening symptoms present.",0
PAT-00431,2024-01-23 10:27:36,95.4,51,36.0,140/85,125,86.1,Patient describes lightheadedness.,1
PAT-00431,2024-01-24 08:40:15,97.0,105,35.6,112/75,87,86.1,"Patient describes palpitations, lowered energy.",1
PAT-00431,2024-01-25 08:31:12,96.5,56,38.0,186/107,95,86.1,"Patient notes that headache, chills, chest pain, severe headache. worsening symptoms present.",1
PAT-00431,2024-01-26 10:18:57,97.0,68,36.3,112/78,107,86.1,Patient is feeling well with all parameters stable.,0
PAT-00431,2024-01-27 09:38:32,94.1,54,38.0,128/78,94,86.1,"This morning, slow pulse, fever, chills.",1
PAT-00431,2024-01-28 10:09:49,96.7,58,36.3,120/71,105,86.1,No significant complaints today.,0
PAT-00431,2024-01-29 10:44:38,95.8,98,36.9,131/91,92,86.1,Vitals remain within acceptable limits. No issues noted.,0
PAT-00431,2024-01-30 09:53:49,96.7,106,37.2,117/84,178,86.1,"Today, patient states palpitations, severe blurred vision, dry mouth, frequent urination. worsening symptoms present.",0
PAT-00432,2024-01-01 10:24:45,99.3,77,36.9,125/83,114,68.7,Patient is feeling well with all parameters stable.,0
PAT-00432,2024-01-02 08:12:29,95.2,67,36.1,148/87,105,68.7,Patient is feeling well with all parameters stable.,0
PAT-00432,2024-01-03 10:03:29,98.4,89,37.0,141/85,123,68.7,Vitals remain within acceptable limits. No issues noted.,0
PAT-00432,2024-01-04 08:08:57,94.2,56,36.8,123/71,85,68.7,Patient is feeling well with all parameters stable.,0
PAT-00432,2024-01-05 10:33:02,95.1,57,36.5,127/72,75,68.7,Vitals remain within acceptable limits. No issues noted.,0
PAT-00432,2024-01-06 08:54:19,94.8,108,37.0,161/103,95,68.7,"This morning, anxiety, vision issues.",1
PAT-00432,2024-01-07 09:54:21,100.0,50,36.7,111/77,89,68.7,Reports slow pulse.,0
PAT-00432,2024-01-08 10:56:12,95.9,54,36.7,136/89,99,68.7,Reports fatigue.,1
PAT-00432,2024-01-09 08:13:20,95.1,60,38.8,113/76,118,68.7,"Indicates muscle aches, chills.",0
PAT-00432,2024-01-10 09:24:35,96.0,63,37.9,123/74,126,68.7,"Today, patient states mild fever, dry mouth.",0
PAT-00432,2024-01-11 08:22:30,96.2,85,37.1,132/89,70,68.7,Patient denies any symptoms or discomfort.,0
PAT-00432,2024-01-12 08:48:19,94.0,57,36.6,113/73,135,68.7,Patient notes that blurred vision.,0
PAT-00432,2024-01-13 08:21:36,95.7,55,35.5,145/87,109,68.7,"Today, patient states lowered energy.",0
PAT-00432,2024-01-14 09:24:41,96.4,96,36.8,112/76,72,68.7,Patient denies any symptoms or discomfort.,0
PAT-00432,2024-01-15 09:40:22,93.2,73,35.9,111/79,88,68.7,Indicates mild coldness.,0
PAT-00432,2024-01-16 09:42:41,96.8,59,36.5,169/102,84,68.7,Indicates headaches.,0
PAT-00432,2024-01-17 08:14:06,96.0,103,38.2,120/83,78,68.7,"Observes restlessness, fever, chills.",1
PAT-00432,2024-01-18 09:35:02,91.7,54,38.8,125/78,106,68.7,"Patient describes dizziness, slow pulse, muscle aches, headache.",0
PAT-00432,2024-01-19 10:43:25,100.0,97,37.2,120/78,95,68.7,No significant complaints today.,0
PAT-00432,2024-01-20 08:02:20,95.6,66,38.7,146/91,107,68.7,"This morning, headache, severe discomfort. immediate attention may be needed.",0
PAT-00432,2024-01-21 10:38:41,96.4,86,37.3,115/72,168,68.7,"Notes severe blurred vision, dry mouth, frequent urination. immediate attention may be needed.",1
PAT-00432,2024-01-22 10:27:33,100.0,101,36.6,112/74,112,68.7,"Today, patient states restlessness.",0
PAT-00432,2024-01-23 10:33:54,95.5,80,35.8,123/78,168,68.7,"Today, patient states mild coldness, severe blurred vision, dry mouth, frequent urination. immediate attention may be needed.",1
PAT-00432,2024-01-24 08:45:10,97.6,71,36.2,120/75,178,68.7,"Notes severe blurred vision, dry mouth, frequent urination. worsening symptoms present.",0
PAT-00432,2024-01-25 10:56:03,96.6,86,37.0,117/81,76,68.7,No significant complaints today.,0
PAT-00432,2024-01-26 09:20:28,94.9,56,37.2,146/93,123,68.7,Patient is feeling well with all parameters stable.,0
PAT-00432,2024-01-27 09:05:25,96.1,72,37.6,161/115,85,68.7,"Observes mild fever, vision issues.",0
PAT-00432,2024-01-28 09:12:50,96.9,74,38.6,126/83,92,68.7,"Indicates severe discomfort, headache. immediate attention may be needed.",1
PAT-00432,2024-01-29 10:29:06,99.4,83,37.3,116/75,70,68.7,Patient is feeling well with all parameters stable.,0
PAT-00432,2024-01-30 08:45:26,92.6,75,35.8,125/75,75,68.7,Observes lowered energy.,0
PAT-00433,2024-01-01 08:14:10,97.4,66,36.4,115/70,155,55.6,"Patient notes that severe blurred vision, dry mouth, frequent urination. worsening symptoms present.",1
PAT-00433,2024-01-02 09:33:07,96.5,58,36.6,127/72,88,55.6,No significant complaints today.,0
PAT-00433,2024-01-03 09:28:18,97.8,87,38.6,118/84,112,55.6,"Reports severe discomfort, headache. worsening symptoms present.",0
PAT-00433,2024-01-04 08:06:26,97.1,109,37.1,135/86,70,55.6,"Today, patient states anxiety.",0
PAT-00433,2024-01-05 08:38:56,94.4,64,37.4,139/90,71,55.6,No significant complaints today.,0
PAT-00433,2024-01-06 10:25:34,94.7,105,36.6,130/71,86,55.6,"Today, patient states anxiety.",0
PAT-00433,2024-01-07 08:25:51,94.6,88,37.0,184/104,75,55.6,"This morning, chest pain, severe headache. immediate attention may be needed.",0
PAT-00433,2024-01-08 10:03:02,96.9,83,38.6,115/82,102,55.6,"Patient notes that headache, severe discomfort. immediate attention may be needed.",1
PAT-00433,2024-01-09 09:14:11,94.1,109,35.6,120/71,122,55.6,"Observes restlessness, lowered energy.",0
PAT-00433,2024-01-10 08:55:23,97.9,55,37.0,113/82,83,55.6,Vitals remain within acceptable limits. No issues noted.,0
PAT-00433,2024-01-11 08:34:58,97.4,108,35.6,181/117,97,55.6,"Patient notes that anxiety, lowered energy, chest pain, severe headache. worsening symptoms present.",1
PAT-00433,2024-01-12 08:03:37,97.4,76,36.7,117/83,152,55.6,"Notes severe blurred vision, dry mouth, frequent urination. worsening symptoms present.",0
PAT-00433,2024-01-13 10:05:54,96.7,103,36.5,121/70,125,55.6,Observes restlessness.,1
PAT-00433,2024-01-14 09:55:15,97.8,107,36.5,190/111,84,55.6,"Reports restlessness, chest pain, severe headache. worsening symptoms present.",1
PAT-00433,2024-01-15 08:18:22,94.2,95,36.4,135/89,72,55.6,Patient denies any symptoms or discomfort.,0
PAT-00433,2024-01-16 08:41:46,95.9,50,39.0,189/118,125,55.6,"Patient describes lightheadedness, muscle aches, chills, chest pain, severe headache. immediate attention may be needed.",0
PAT-00433,2024-01-17 08:57:17,93.3,83,36.8,119/78,132,55.6,Reports frequent urination.,0
PAT-00433,2024-01-18 09:27:36,94.7,53,36.5,120/71,87,55.6,Indicates lightheadedness.,0
PAT-00433,2024-01-19 08:03:50,94.1,72,36.8,120/83,122,55.6,Patient is feeling well with all parameters stable.,0
PAT-00433,2024-01-20 10:52:54,95.8,97,36.5,145/94,74,55.6,Vitals remain within acceptable limits. No issues noted.,0
PAT-00433,2024-01-21 08:34:01,97.3,75,36.8,142/94,83,55.6,Patient is feeling well with all parameters stable.,0
PAT-00433,2024-01-22 10:02:56,95.7,50,38.0,122/78,77,55.6,"This morning, slow pulse, severe discomfort, muscle aches. worsening symptoms present.",1
PAT-00433,2024-01-23 08:37:51,93.6,73,38.4,137/94,103,55.6,"Indicates headache, chills.",1
PAT-00433,2024-01-24 08:30:25,94.9,58,38.0,116/84,90,55.6,"Notes chills, muscle aches.",0
PAT-00433,2024-01-25 10:51:24,93.6,72,37.2,187/118,103,55.6,"Notes chest pain, severe headache. worsening symptoms present.",0
PAT-00433,2024-01-26 09:50:58,94.0,70,36.5,119/74,80,55.6,No significant complaints today.,0
PAT-00433,2024-01-27 10:38:37,93.2,64,36.0,126/80,91,55.6,Patient is feeling well with all parameters stable.,0
PAT-00433,2024-01-28 10:35:57,94.0,75,36.5,122/80,90,55.6,No significant complaints today.,0
PAT-00433,2024-01-29 10:09:16,99.6,90,35.6,127/77,78,55.6,Patient notes that mild coldness.,0
PAT-00433,2024-01-30 09:35:13,96.9,78,35.7,136/91,82,55.6,Patient notes that mild coldness.,0
PAT-00434,2024-01-01 10:40:12,94.1,74,35.5,183/116,75,80.6,"Patient notes that mild coldness, chest pain, severe headache. worsening symptoms present.",0
PAT-00434,2024-01-02 08:54:29,96.4,93,36.8,123/74,114,80.6,No significant complaints today.,0
PAT-00434,2024-01-03 09:17:09,92.3,59,35.6,111/81,85,80.6,Notes lowered energy.,0
PAT-00434,2024-01-04 10:54:21,95.6,95,37.1,139/94,83,80.6,Patient is feeling well with all parameters stable.,0
PAT-00434,2024-01-05 09:37:24,90.4,51,37.3,129/73,96,80.6,"Patient describes shortness of breath, lightheadedness.",0
PAT-00434,2024-01-06 10:49:43,95.4,97,37.3,117/80,70,80.6,Patient is feeling well with all parameters stable.,0
PAT-00434,2024-01-07 09:33:48,97.4,81,37.3,121/76,166,80.6,"Observes severe blurred vision, dry mouth, frequent urination. worsening symptoms present.",0
PAT-00434,2024-01-08 09:07:04,93.8,79,37.8,161/106,97,80.6,"Today, patient states body aches, headaches.",0
PAT-00434,2024-01-09 10:23:25,95.8,67,37.1,126/81,112,80.6,Patient is feeling well with all parameters stable.,0
PAT-00434,2024-01-10 10:05:52,97.7,109,36.9,117/81,99,80.6,Observes restlessness.,0
PAT-00434,2024-01-11 10:51:10,94.1,79,37.8,134/92,95,80.6,Indicates body aches.,0
PAT-00434,2024-01-12 08:58:25,96.5,77,37.2,162/107,125,80.6,Notes chest tightness.,0
PAT-00434,2024-01-13 08:00:16,97.3,65,35.6,119/77,123,80.6,Observes lowered energy.,0
PAT-00434,2024-01-14 10:56:42,98.9,106,36.4,138/94,100,80.6,Patient describes palpitations.,1
PAT-00434,2024-01-15 08:40:54,100.0,53,38.7,114/75,89,80.6,"Reports fatigue, severe discomfort, chills. worsening symptoms present.",1
PAT-00434,2024-01-16 10:19:20,97.5,72,37.0,143/87,80,80.6,Patient denies any symptoms or discomfort.,0
PAT-00434,2024-01-17 08:40:56,96.9,90,36.8,141/86,120,80.6,No significant complaints today.,0
PAT-00434,2024-01-18 10:24:46,94.1,100,37.1,167/120,126,80.6,"Today, patient states chest tightness, frequent urination.",1
PAT-00434,2024-01-19 09:43:16,92.2,90,36.6,119/84,122,80.6,No significant complaints today.,0
PAT-00434,2024-01-20 08:23:10,99.0,82,37.3,120/83,112,80.6,Patient denies any symptoms or discomfort.,0
PAT-00434,2024-01-21 10:20:55,95.1,64,36.0,121/77,94,80.6,Patient is feeling well with all parameters stable.,0
PAT-00434,2024-01-22 08:26:30,96.0,66,36.8,127/70,79,80.6,Vitals remain within acceptable limits. No issues noted.,0
PAT-00434,2024-01-23 09:53:47,100.0,57,36.5,127/77,89,80.6,No symptoms reported. Vitals are within expected range.,0
PAT-00434,2024-01-24 10:13:44,95.0,106,36.6,139/89,71,80.6,Patient describes palpitations.,0
PAT-00434,2024-01-25 08:40:18,96.8,59,38.5,111/75,75,80.6,"Patient describes muscle aches, severe discomfort. worsening symptoms present.",1
PAT-00434,2024-01-26 08:54:33,97.7,107,37.0,145/87,74,80.6,Patient notes that palpitations.,0
PAT-00434,2024-01-27 10:03:14,94.8,53,35.8,123/85,88,80.6,"This morning, slow pulse, mild coldness.",0
PAT-00434,2024-01-28 10:06:24,96.3,103,38.1,112/74,82,80.6,"Reports anxiety, severe discomfort, fever. worsening symptoms present.",1
PAT-00434,2024-01-29 10:11:41,95.9,54,35.5,148/88,123,80.6,"This morning, lightheadedness, mild coldness.",0
PAT-00434,2024-01-30 09:41:58,94.1,54,36.8,119/79,80,80.6,Observes slow pulse.,0
PAT-00435,2024-01-01 09:34:14,94.6,71,36.0,138/86,71,76.0,Patient is feeling well with all parameters stable.,0
PAT-00435,2024-01-02 10:27:29,96.7,77,37.2,127/84,97,76.0,Vitals remain within acceptable limits. No issues noted.,0
PAT-00435,2024-01-03 08:07:15,97.1,90,37.0,163/108,79,76.0,Notes headaches.,1
PAT-00435,2024-01-04 08:19:59,94.4,58,36.8,123/70,83,76.0,Vitals remain within acceptable limits. No issues noted.,0
PAT-00435,2024-01-05 09:25:04,97.6,83,37.3,118/78,99,76.0,Vitals remain within acceptable limits. No issues noted.,0
PAT-00435,2024-01-06 09:37:14,97.5,57,36.7,129/77,96,76.0,No symptoms reported. Vitals are within expected range.,0
PAT-00435,2024-01-07 08:56:57,96.7,85,35.7,113/71,110,76.0,Reports lowered energy.,0
PAT-00435,2024-01-08 10:46:38,95.2,69,36.9,117/72,92,76.0,Vitals remain within acceptable limits. No issues noted.,0
PAT-00435,2024-01-09 10:27:48,95.2,57,35.6,139/95,87,76.0,Indicates lowered energy.,0
PAT-00435,2024-01-10 09:33:25,98.4,83,36.7,114/72,86,76.0,No significant complaints today.,0
PAT-00435,2024-01-11 09:43:50,97.6,50,35.7,130/83,94,76.0,"Patient describes fatigue, lowered energy.",0
PAT-00435,2024-01-12 08:18:21,100.0,107,36.4,141/87,84,76.0,Reports restlessness.,1
PAT-00435,2024-01-13 08:41:22,97.4,89,36.5,129/85,83,76.0,Patient denies any symptoms or discomfort.,0
PAT-00435,2024-01-14 10:47:02,98.7,51,37.3,171/111,103,76.0,"Notes lightheadedness, chest tightness.",0
PAT-00435,2024-01-15 08:10:12,96.5,83,38.1,112/81,101,76.0,"Indicates chills, severe discomfort. worsening symptoms present.",1
PAT-00435,2024-01-16 09:30:42,96.0,98,35.7,125/79,99,76.0,Indicates lowered energy.,0
PAT-00435,2024-01-17 10:33:38,97.6,73,36.8,110/70,101,76.0,Patient is feeling well with all parameters stable.,0
PAT-00435,2024-01-18 08:24:25,98.2,53,36.4,112/85,177,76.0,"Indicates slow pulse, severe blurred vision, dry mouth, frequent urination. worsening symptoms present.",1
PAT-00435,2024-01-19 10:08:50,97.3,94,36.7,127/71,145,76.0,Notes frequent urination.,0
PAT-00435,2024-01-20 08:24:26,99.5,87,36.7,187/101,94,76.0,"Indicates chest pain, severe headache. immediate attention may be needed.",1
PAT-00435,2024-01-21 10:39:53,95.4,76,35.5,128/81,80,76.0,Notes mild coldness.,0
PAT-00435,2024-01-22 09:25:33,96.2,53,37.0,119/75,90,76.0,Indicates lightheadedness.,0
PAT-00435,2024-01-23 10:38:12,94.7,68,38.9,146/89,90,76.0,"Today, patient states chills, severe discomfort. immediate attention may be needed.",0
PAT-00435,2024-01-24 08:17:49,92.0,58,37.1,128/71,125,76.0,No symptoms reported. Vitals are within expected range.,0
PAT-00435,2024-01-25 08:38:01,92.9,78,37.2,116/85,177,76.0,"Observes severe blurred vision, dry mouth, frequent urination. worsening symptoms present.",1
PAT-00435,2024-01-26 10:05:40,96.3,60,38.1,139/92,76,76.0,"This morning, chills, severe discomfort. immediate attention may be needed.",1
PAT-00435,2024-01-27 09:47:42,99.1,66,36.5,180/107,99,76.0,Patient notes that vision issues.,0
PAT-00435,2024-01-28 09:06:00,94.0,67,37.1,138/90,81,76.0,No symptoms reported. Vitals are within expected range.,0
PAT-00435,2024-01-29 08:16:59,99.0,55,37.2,136/85,91,76.0,Patient is feeling well with all parameters stable.,0
PAT-00435,2024-01-30 08:01:11,96.4,52,36.9,128/70,129,76.0,"Indicates slow pulse, dry mouth.",0
PAT-00436,2024-01-01 10:42:51,94.4,73,36.3,120/81,81,75.3,No significant complaints today.,0
PAT-00436,2024-01-02 09:46:54,98.4,85,38.3,122/75,75,75.3,"Observes fever, chills.",0
PAT-00436,2024-01-03 10:21:30,91.8,101,35.9,167/116,101,75.3,"This morning, low energy, palpitations, mild coldness, vision issues.",0
PAT-00436,2024-01-04 08:33:54,97.3,91,36.5,115/72,107,75.3,Vitals remain within acceptable limits. No issues noted.,0
PAT-00436,2024-01-05 09:45:00,91.7,51,35.6,183/103,151,75.3,"Indicates dizziness, lightheadedness, mild coldness, chest pain, severe headache, severe blurred vision, dry mouth, frequent urination. worsening symptoms present.",0
PAT-00436,2024-01-06 10:15:45,94.4,61,36.6,190/117,72,75.3,"Patient notes that chest pain, severe headache. worsening symptoms present.",0
PAT-00436,2024-01-07 09:02:29,94.0,77,36.7,190/113,73,75.3,"Today, patient states chest pain, severe headache. worsening symptoms present.",0
PAT-00436,2024-01-08 10:20:32,96.3,55,37.2,130/95,71,75.3,Vitals remain within acceptable limits. No issues noted.,0
PAT-00436,2024-01-09 09:59:46,98.4,108,35.7,135/85,122,75.3,"Indicates anxiety, mild coldness.",0
PAT-00436,2024-01-10 09:58:57,94.3,107,36.9,110/70,120,75.3,Patient notes that anxiety.,1
PAT-00436,2024-01-11 09:55:49,94.7,108,36.6,169/113,106,75.3,"Observes palpitations, vision issues.",1
PAT-00436,2024-01-12 10:24:11,95.3,99,36.7,136/89,133,75.3,Notes blurred vision.,0
PAT-00436,2024-01-13 10:38:47,93.2,64,36.4,120/81,144,75.3,Patient notes that frequent urination.,0
PAT-00436,2024-01-14 09:55:11,92.1,77,37.8,149/87,131,75.3,"Indicates night sweats, frequent urination.",0
PAT-00436,2024-01-15 10:47:15,95.6,99,36.2,110/75,125,75.3,Patient denies any symptoms or discomfort.,0
PAT-00436,2024-01-16 10:23:29,94.6,53,38.8,173/107,95,75.3,"Patient notes that slow pulse, headache, muscle aches, vision issues.",1
PAT-00436,2024-01-17 09:48:47,95.3,102,36.9,122/82,85,75.3,Reports restlessness.,0
PAT-00436,2024-01-18 09:05:29,96.4,67,36.9,173/118,171,75.3,"Patient notes that headaches, severe blurred vision, dry mouth, frequent urination. immediate attention may be needed.",1
PAT-00436,2024-01-19 10:12:20,96.2,73,37.2,126/84,124,75.3,Patient is feeling well with all parameters stable.,0
PAT-00436,2024-01-20 10:04:08,97.7,59,36.8,116/70,144,75.3,Reports blurred vision.,0
PAT-00436,2024-01-21 10:14:02,96.2,88,37.8,132/87,94,75.3,Patient notes that mild fever.,0
PAT-00436,2024-01-22 08:02:07,97.8,75,38.3,130/75,134,75.3,"Notes muscle aches, headache, dry mouth.",1
PAT-00436,2024-01-23 09:57:50,94.6,98,36.5,134/94,78,75.3,Vitals remain within acceptable limits. No issues noted.,0
PAT-00436,2024-01-24 09:40:48,96.3,60,36.7,111/82,86,75.3,Patient denies any symptoms or discomfort.,0
PAT-00436,2024-01-25 08:56:42,98.9,60,36.6,122/78,77,75.3,Patient denies any symptoms or discomfort.,0
PAT-00436,2024-01-26 09:38:54,96.0,75,37.1,129/81,116,75.3,Patient is feeling well with all parameters stable.,0
PAT-00436,2024-01-27 08:52:19,96.3,105,38.7,112/72,99,75.3,"Indicates restlessness, headache, chills.",1
PAT-00436,2024-01-28 08:34:43,98.2,91,35.5,144/95,88,75.3,"Today, patient states lowered energy.",0
PAT-00436,2024-01-29 09:12:34,95.6,92,37.1,110/82,83,75.3,No symptoms reported. Vitals are within expected range.,0
PAT-00436,2024-01-30 08:35:50,95.8,63,38.3,122/78,103,75.3,"Patient describes chills, severe discomfort. worsening symptoms present.",0
PAT-00437,2024-01-01 10:51:25,95.9,53,37.4,130/80,87,53.6,Indicates slow pulse.,0
PAT-00437,2024-01-02 10:09:53,99.9,92,37.9,134/94,110,53.6,Reports body aches.,0
PAT-00437,2024-01-03 08:53:14,97.7,59,37.1,129/70,111,53.6,No symptoms reported. Vitals are within expected range.,0
PAT-00437,2024-01-04 09:08:23,95.0,83,36.5,145/89,133,53.6,"This morning, frequent urination.",0
PAT-00437,2024-01-05 10:05:20,99.0,66,37.4,118/83,72,53.6,Patient denies any symptoms or discomfort.,0
PAT-00437,2024-01-06 10:53:28,96.4,58,38.9,124/80,87,53.6,"Today, patient states chills, headache.",1
PAT-00437,2024-01-07 09:11:13,99.7,65,37.1,142/86,101,53.6,Patient is feeling well with all parameters stable.,0
PAT-00437,2024-01-08 09:54:02,99.7,66,37.2,163/109,94,53.6,"This morning, headaches.",0
PAT-00437,2024-01-09 10:07:03,95.2,51,37.0,181/102,101,53.6,"Patient describes slow pulse, chest pain, severe headache. worsening symptoms present.",1
PAT-00437,2024-01-10 09:13:40,96.0,57,37.2,131/95,173,53.6,"Observes severe blurred vision, dry mouth, frequent urination. worsening symptoms present.",1
PAT-00437,2024-01-11 10:07:49,94.3,105,36.7,114/75,99,53.6,"Today, patient states anxiety.",1
PAT-00437,2024-01-12 10:37:33,93.7,67,37.0,125/79,113,53.6,Patient is feeling well with all parameters stable.,0
PAT-00437,2024-01-13 08:01:29,96.7,91,37.2,124/76,130,53.6,Indicates frequent urination.,0
PAT-00437,2024-01-14 09:45:29,93.9,102,36.8,115/76,84,53.6,Observes anxiety.,0
PAT-00437,2024-01-15 09:25:14,95.7,104,37.0,172/107,93,53.6,"Today, patient states restlessness, chest tightness.",0
PAT-00437,2024-01-16 09:16:58,96.2,104,37.4,134/89,100,53.6,Reports palpitations.,0
PAT-00437,2024-01-17 10:39:06,93.3,90,37.0,147/95,110,53.6,Patient denies any symptoms or discomfort.,0
PAT-00437,2024-01-18 10:24:58,95.7,93,38.3,120/81,149,53.6,"Today, patient states chills, muscle aches, blurred vision.",0
PAT-00437,2024-01-19 10:36:10,93.3,50,37.1,124/82,83,53.6,Observes fatigue.,0
PAT-00437,2024-01-20 08:51:56,98.4,75,37.1,140/93,125,53.6,Vitals remain within acceptable limits. No issues noted.,0
PAT-00437,2024-01-21 09:40:08,96.3,66,37.5,119/78,164,53.6,"This morning, night sweats, severe blurred vision, dry mouth, frequent urination. worsening symptoms present.",0
PAT-00437,2024-01-22 09:34:30,98.2,102,37.4,112/85,70,53.6,Indicates restlessness.,1
PAT-00437,2024-01-23 08:03:37,98.1,62,37.0,116/79,95,53.6,No significant complaints today.,0
PAT-00437,2024-01-24 08:37:26,99.4,103,37.1,139/88,103,53.6,Reports palpitations.,0
PAT-00437,2024-01-25 10:20:07,93.7,58,38.9,114/72,123,53.6,"This morning, headache, muscle aches.",1
PAT-00437,2024-01-26 08:03:38,97.6,50,36.0,178/117,84,53.6,"Observes slow pulse, vision issues.",0
PAT-00437,2024-01-27 09:10:34,94.8,85,36.1,110/81,84,53.6,No symptoms reported. Vitals are within expected range.,0
PAT-00437,2024-01-28 08:55:00,95.7,67,36.4,171/107,98,53.6,Notes chest tightness.,0
PAT-00437,2024-01-29 09:26:37,97.6,105,38.5,116/85,73,53.6,"Patient describes restlessness, muscle aches, headache.",0
PAT-00437,2024-01-30 09:09:44,96.8,94,38.0,137/90,101,53.6,"Today, patient states chills, fever.",0
PAT-00438,2024-01-01 08:41:43,97.2,50,36.2,115/76,163,46.7,"Reports lightheadedness, severe blurred vision, dry mouth, frequent urination. immediate attention may be needed.",0
PAT-00438,2024-01-02 09:29:15,96.2,89,38.2,136/86,101,46.7,"Patient describes headache, fever.",0
PAT-00438,2024-01-03 09:09:05,96.9,101,38.7,148/95,90,46.7,"Patient notes that restlessness, severe discomfort, fever. worsening symptoms present.",0
PAT-00438,2024-01-04 10:43:57,96.0,108,38.6,163/120,89,46.7,"Today, patient states restlessness, headache, chills, vision issues.",1
PAT-00438,2024-01-05 10:41:26,94.3,70,36.6,113/82,101,46.7,Patient denies any symptoms or discomfort.,0
PAT-00438,2024-01-06 10:25:36,96.0,84,36.9,113/75,89,46.7,Vitals remain within acceptable limits. No issues noted.,0
PAT-00438,2024-01-07 09:44:34,94.6,95,37.1,127/75,73,46.7,Patient is feeling well with all parameters stable.,0
PAT-00438,2024-01-08 09:39:07,96.3,110,36.9,172/103,76,46.7,"Indicates restlessness, headaches.",1
PAT-00438,2024-01-09 09:48:37,92.9,54,35.6,127/75,122,46.7,"Notes slow pulse, mild coldness.",1
PAT-00438,2024-01-10 08:21:00,92.4,51,36.7,123/77,89,46.7,"Today, patient states slow pulse.",1
PAT-00438,2024-01-11 10:27:06,96.1,100,37.3,148/85,84,46.7,Vitals remain within acceptable limits. No issues noted.,0
PAT-00438,2024-01-12 09:57:41,96.8,80,36.6,125/72,152,46.7,"This morning, severe blurred vision, dry mouth, frequent urination. worsening symptoms present.",0
PAT-00438,2024-01-13 09:24:09,95.7,56,36.9,143/90,85,46.7,Vitals remain within acceptable limits. No issues noted.,0
PAT-00438,2024-01-14 09:29:50,93.3,69,36.7,121/70,104,46.7,No significant complaints today.,0
PAT-00438,2024-01-15 08:46:53,95.8,80,38.0,134/95,123,46.7,"Reports fever, severe discomfort. worsening symptoms present.",0
PAT-00438,2024-01-16 10:11:12,98.2,104,36.0,161/104,98,46.7,"Reports restlessness, headaches.",1
PAT-00438,2024-01-17 08:23:31,97.7,65,36.5,172/110,105,46.7,Reports vision issues.,1
PAT-00438,2024-01-18 09:22:43,97.8,95,36.4,118/76,88,46.7,Patient is feeling well with all parameters stable.,0
PAT-00438,2024-01-19 09:27:41,95.5,58,36.1,180/108,92,46.7,Patient describes chest tightness.,1
PAT-00438,2024-01-20 10:50:49,100.0,101,37.2,182/117,82,46.7,"Patient notes that palpitations, chest pain, severe headache. worsening symptoms present.",1
PAT-00438,2024-01-21 09:49:14,100.0,100,35.6,127/73,79,46.7,"This morning, mild coldness.",0
PAT-00438,2024-01-22 09:50:47,96.9,87,37.2,125/81,92,46.7,No symptoms reported. Vitals are within expected range.,0
PAT-00438,2024-01-23 09:26:10,97.6,65,36.7,125/85,72,46.7,No symptoms reported. Vitals are within expected range.,0
PAT-00438,2024-01-24 08:10:58,100.0,61,37.9,180/115,109,46.7,"This morning, mild fever, vision issues.",0
PAT-00438,2024-01-25 08:03:21,97.4,73,35.6,129/71,103,46.7,Reports lowered energy.,0
PAT-00438,2024-01-26 09:23:17,93.7,54,36.9,133/86,122,46.7,Patient notes that lightheadedness.,0
PAT-00438,2024-01-27 08:50:59,94.2,88,37.2,126/78,72,46.7,No significant complaints today.,0
PAT-00438,2024-01-28 08:42:11,95.1,94,38.5,145/93,107,46.7,"Observes fever, severe discomfort. worsening symptoms present.",0
PAT-00438,2024-01-29 08:15:59,92.2,71,36.5,183/119,93,46.7,"Today, patient states chest pain, severe headache. worsening symptoms present.",0
PAT-00438,2024-01-30 10:10:03,95.9,78,37.4,111/77,136,46.7,Patient describes dry mouth.,0
PAT-00439,2024-01-01 09:10:43,98.0,93,36.6,114/73,86,71.9,Patient denies any symptoms or discomfort.,0
PAT-00439,2024-01-02 10:45:52,93.7,70,37.4,119/75,115,71.9,Patient is feeling well with all parameters stable.,0
PAT-00439,2024-01-03 08:37:57,99.1,90,36.2,139/90,80,71.9,No significant complaints today.,0
PAT-00439,2024-01-04 10:27:12,94.4,109,38.9,128/70,94,71.9,"Reports restlessness, chills, severe discomfort. worsening symptoms present.",0
PAT-00439,2024-01-05 10:09:01,96.4,74,36.9,144/93,111,71.9,Vitals remain within acceptable limits. No issues noted.,0
PAT-00439,2024-01-06 09:15:08,96.6,83,36.7,131/91,90,71.9,Patient is feeling well with all parameters stable.,0
PAT-00439,2024-01-07 09:53:07,94.5,59,36.1,135/92,132,71.9,"Today, patient states blurred vision.",0
PAT-00439,2024-01-08 10:16:51,94.5,70,36.5,161/105,73,71.9,Patient notes that headaches.,0
PAT-00439,2024-01-09 08:23:36,95.9,75,36.6,169/119,85,71.9,Observes vision issues.,0
PAT-00439,2024-01-10 10:26:18,94.0,66,37.4,149/86,106,71.9,Vitals remain within acceptable limits. No issues noted.,0
PAT-00439,2024-01-11 08:18:23,95.4,100,37.0,111/75,110,71.9,No symptoms reported. Vitals are within expected range.,0
PAT-00439,2024-01-12 10:59:14,93.9,69,38.9,121/72,135,71.9,"Patient notes that severe discomfort, fever, frequent urination. worsening symptoms present.",0
PAT-00439,2024-01-13 10:30:02,93.2,79,37.2,140/87,83,71.9,Vitals remain within acceptable limits. No issues noted.,0
PAT-00439,2024-01-14 10:11:28,94.5,68,37.3,115/74,110,71.9,Patient is feeling well with all parameters stable.,0
PAT-00439,2024-01-15 10:26:15,91.0,88,35.5,120/70,74,71.9,"Patient notes that low energy, mild coldness.",1
PAT-00439,2024-01-16 08:40:33,96.3,104,36.6,118/84,83,71.9,"This morning, restlessness.",0
PAT-00439,2024-01-17 10:13:43,96.0,107,35.6,118/76,105,71.9,"Observes restlessness, lowered energy.",0
PAT-00439,2024-01-18 08:19:14,91.0,98,36.9,167/116,77,71.9,"Patient describes shortness of breath, headaches.",0
PAT-00439,2024-01-19 10:30:43,96.2,110,36.8,118/79,121,71.9,Observes restlessness.,1
PAT-00439,2024-01-20 10:49:29,96.5,51,35.6,144/89,89,71.9,"Patient notes that lightheadedness, lowered energy.",0
PAT-00439,2024-01-21 10:00:28,100.0,62,38.9,125/83,122,71.9,"This morning, muscle aches, chills.",0
PAT-00439,2024-01-22 10:00:37,95.0,51,38.6,113/85,176,71.9,"Notes fatigue, severe discomfort, headache, severe blurred vision, dry mouth, frequent urination. worsening symptoms present.",1
PAT-00439,2024-01-23 10:45:25,96.1,69,36.5,122/80,86,71.9,Patient denies any symptoms or discomfort.,0
PAT-00439,2024-01-24 08:04:43,98.6,99,37.3,145/90,117,71.9,Vitals remain within acceptable limits. No issues noted.,0
PAT-00439,2024-01-25 08:51:59,96.7,54,38.3,130/94,94,71.9,"Notes slow pulse, chills, headache.",0
PAT-00439,2024-01-26 09:39:41,94.7,50,35.7,114/81,95,71.9,"Patient notes that slow pulse, lowered energy.",0
PAT-00439,2024-01-27 08:22:04,96.1,56,38.8,113/74,96,71.9,"Notes severe discomfort, muscle aches. immediate attention may be needed.",0
PAT-00439,2024-01-28 09:38:45,97.1,101,38.8,121/77,108,71.9,"This morning, palpitations, headache, fever.",1
PAT-00439,2024-01-29 08:02:22,94.7,65,37.0,146/88,149,71.9,Observes frequent urination.,0
PAT-00439,2024-01-30 08:03:03,95.8,89,36.7,137/92,108,71.9,Vitals remain within acceptable limits. No issues noted.,0
PAT-00440,2024-01-01 08:52:30,96.6,88,35.5,112/78,97,104.0,Indicates lowered energy.,0
PAT-00440,2024-01-02 10:25:00,98.3,65,36.8,111/72,81,104.0,Patient is feeling well with all parameters stable.,0
PAT-00440,2024-01-03 10:33:51,93.4,105,36.5,131/89,84,104.0,"Today, patient states anxiety.",0
PAT-00440,2024-01-04 10:01:54,98.4,94,37.7,138/87,113,104.0,"Today, patient states body aches.",0
PAT-00440,2024-01-05 08:57:11,96.2,72,38.6,112/78,155,104.0,"Observes headache, fever, severe blurred vision, dry mouth, frequent urination. worsening symptoms present.",1
PAT-00440,2024-01-06 10:15:31,95.1,63,38.8,135/86,87,104.0,"Today, patient states chills, muscle aches.",1
PAT-00440,2024-01-07 08:11:28,97.7,67,38.0,113/70,83,104.0,"Patient notes that chills, fever.",0
PAT-00440,2024-01-08 08:45:49,96.4,86,37.3,118/83,76,104.0,Vitals remain within acceptable limits. No issues noted.,0
PAT-00440,2024-01-09 08:42:10,97.3,75,37.0,131/85,90,104.0,No symptoms reported. Vitals are within expected range.,0
PAT-00440,2024-01-10 08:01:42,95.7,84,35.7,120/70,163,104.0,"Observes mild coldness, severe blurred vision, dry mouth, frequent urination. worsening symptoms present.",1
PAT-00440,2024-01-11 09:26:48,96.0,70,36.5,143/93,101,104.0,Patient is feeling well with all parameters stable.,0
PAT-00440,2024-01-12 10:22:00,99.1,66,38.0,127/81,125,104.0,"Indicates chills, headache.",0
PAT-00440,2024-01-13 08:29:24,97.0,100,37.1,116/78,115,104.0,Patient denies any symptoms or discomfort.,0
PAT-00440,2024-01-14 08:23:11,99.4,110,36.6,113/79,120,104.0,Patient describes palpitations.,1
PAT-00440,2024-01-15 09:44:50,94.5,74,37.0,133/93,87,104.0,No symptoms reported. Vitals are within expected range.,0
PAT-00440,2024-01-16 08:45:44,97.3,93,35.7,111/73,131,104.0,"Notes mild coldness, dry mouth.",0
PAT-00440,2024-01-17 10:20:18,97.4,50,36.6,129/80,90,104.0,Observes slow pulse.,0
PAT-00440,2024-01-18 09:47:11,95.9,92,37.4,121/78,78,104.0,No significant complaints today.,0
PAT-00440,2024-01-19 09:38:48,96.5,57,38.1,142/86,117,104.0,"Notes muscle aches, headache.",0
PAT-00440,2024-01-20 09:26:08,97.0,71,37.2,131/87,94,104.0,No significant complaints today.,0
PAT-00440,2024-01-21 08:34:41,95.6,51,36.9,126/80,107,104.0,Reports slow pulse.,0
PAT-00440,2024-01-22 09:15:35,95.9,81,36.2,116/72,96,104.0,No significant complaints today.,0
PAT-00440,2024-01-23 08:00:02,95.6,79,36.6,141/92,86,104.0,Patient denies any symptoms or discomfort.,0
PAT-00440,2024-01-24 09:47:43,93.2,62,38.1,182/119,119,104.0,"Patient notes that headache, severe discomfort, chest pain, severe headache. worsening symptoms present.",0
PAT-00440,2024-01-25 08:42:16,96.1,76,35.6,115/84,122,104.0,Reports mild coldness.,0
PAT-00440,2024-01-26 08:48:12,99.3,59,38.8,130/83,92,104.0,"Reports severe discomfort, fever. immediate attention may be needed.",1
PAT-00440,2024-01-27 10:09:04,96.4,107,37.0,124/78,101,104.0,Notes restlessness.,0
PAT-00440,2024-01-28 10:10:02,94.2,74,36.3,117/81,91,104.0,Vitals remain within acceptable limits. No issues noted.,0
PAT-00440,2024-01-29 08:02:08,96.7,110,36.8,114/78,88,104.0,Patient notes that restlessness.,1
PAT-00440,2024-01-30 08:40:04,98.0,90,37.0,129/78,121,104.0,Vitals remain within acceptable limits. No issues noted.,0
PAT-00441,2024-01-01 10:44:43,94.3,88,35.5,181/101,92,77.9,"Reports lowered energy, chest pain, severe headache. worsening symptoms present.",1
PAT-00441,2024-01-02 08:51:01,96.6,95,35.6,132/90,82,77.9,Reports mild coldness.,0
PAT-00441,2024-01-03 10:37:16,92.8,88,36.9,125/82,80,77.9,No significant complaints today.,0
PAT-00441,2024-01-04 09:25:10,99.8,51,36.9,182/120,71,77.9,"Patient notes that slow pulse, chest pain, severe headache. immediate attention may be needed.",0
PAT-00441,2024-01-05 08:27:34,94.3,51,36.8,110/83,88,77.9,Reports fatigue.,1
PAT-00441,2024-01-06 09:49:15,97.2,110,36.3,119/77,110,77.9,Reports restlessness.,1
PAT-00441,2024-01-07 08:45:08,92.9,83,37.1,117/79,114,77.9,No symptoms reported. Vitals are within expected range.,0
PAT-00441,2024-01-08 09:30:46,95.1,64,36.2,148/85,95,77.9,Patient is feeling well with all parameters stable.,0
PAT-00441,2024-01-09 10:34:53,97.4,90,36.8,113/76,88,77.9,Vitals remain within acceptable limits. No issues noted.,0
PAT-00441,2024-01-10 08:36:38,95.7,77,36.5,113/85,82,77.9,Patient is feeling well with all parameters stable.,0
PAT-00441,2024-01-11 08:57:58,91.7,60,36.5,133/85,86,77.9,Reports low energy.,0
PAT-00441,2024-01-12 10:17:16,95.3,91,36.8,129/76,98,77.9,Vitals remain within acceptable limits. No issues noted.,0
PAT-00441,2024-01-13 10:43:17,96.9,77,38.4,135/92,124,77.9,"Notes chills, fever.",0
PAT-00441,2024-01-14 09:24:15,96.6,99,38.0,122/75,84,77.9,"Notes headache, fever.",0
PAT-00441,2024-01-15 08:22:19,96.4,102,37.4,117/77,129,77.9,"Indicates restlessness, blurred vision.",0
PAT-00441,2024-01-16 08:08:47,96.9,55,37.0,173/118,97,77.9,Observes headaches.,0
PAT-00441,2024-01-17 09:25:57,96.2,109,38.0,121/82,103,77.9,"Observes restlessness, chills, headache.",0
PAT-00441,2024-01-18 10:41:03,91.7,88,36.1,120/77,76,77.9,"This morning, low energy.",0
PAT-00441,2024-01-19 08:14:46,94.0,50,38.3,110/76,118,77.9,"Indicates fatigue, fever, muscle aches.",1
PAT-00441,2024-01-20 08:47:16,99.5,64,37.4,127/73,98,77.9,Patient denies any symptoms or discomfort.,0
PAT-00441,2024-01-21 09:56:25,94.2,60,38.6,115/75,100,77.9,"Indicates fever, severe discomfort. immediate attention may be needed.",0
PAT-00441,2024-01-22 10:34:29,95.8,63,36.2,112/83,144,77.9,Indicates frequent urination.,0
PAT-00441,2024-01-23 10:34:53,92.6,67,36.6,137/95,85,77.9,Patient is feeling well with all parameters stable.,0
PAT-00441,2024-01-24 08:51:11,95.7,71,36.7,166/110,77,77.9,Observes vision issues.,1
PAT-00441,2024-01-25 10:58:18,97.7,60,36.8,115/84,98,77.9,No significant complaints today.,0
PAT-00441,2024-01-26 10:48:26,93.1,61,37.1,125/78,72,77.9,Patient denies any symptoms or discomfort.,0
PAT-00441,2024-01-27 10:05:40,93.0,62,37.2,117/79,152,77.9,"Notes severe blurred vision, dry mouth, frequent urination. immediate attention may be needed.",0
PAT-00441,2024-01-28 10:51:58,94.2,70,37.8,141/88,86,77.9,"Today, patient states body aches.",0
PAT-00441,2024-01-29 10:51:41,94.0,105,37.0,120/71,90,77.9,Patient notes that palpitations.,0
PAT-00441,2024-01-30 08:55:16,96.8,107,36.6,127/70,121,77.9,"Today, patient states palpitations.",0
PAT-00442,2024-01-01 08:18:38,97.7,67,35.6,126/85,99,67.7,"Today, patient states mild coldness.",0
PAT-00442,2024-01-02 09:15:36,97.5,63,36.6,120/76,90,67.7,Vitals remain within acceptable limits. No issues noted.,0
PAT-00442,2024-01-03 09:14:22,96.1,109,38.7,118/83,109,67.7,"This morning, restlessness, headache, muscle aches.",0
PAT-00442,2024-01-04 10:10:56,95.4,85,36.2,184/103,97,67.7,"Today, patient states chest pain, severe headache. worsening symptoms present.",0
PAT-00442,2024-01-05 10:42:53,96.6,75,35.6,184/119,82,67.7,"This morning, mild coldness, chest pain, severe headache. immediate attention may be needed.",0
PAT-00442,2024-01-06 08:20:21,96.4,80,37.5,126/77,94,67.7,Reports mild fever.,0
PAT-00442,2024-01-07 08:44:50,96.1,56,37.2,119/83,77,67.7,Patient is feeling well with all parameters stable.,0
PAT-00442,2024-01-08 08:47:09,97.6,107,36.0,117/77,98,67.7,Reports anxiety.,0
PAT-00442,2024-01-09 10:39:53,93.4,91,37.1,150/91,177,67.7,"This morning, severe blurred vision, dry mouth, frequent urination. worsening symptoms present.",0
PAT-00442,2024-01-10 08:08:59,98.5,110,37.0,118/70,118,67.7,Reports palpitations.,0
PAT-00442,2024-01-11 10:49:50,96.6,61,36.5,131/95,70,67.7,Patient is feeling well with all parameters stable.,0
PAT-00442,2024-01-12 08:23:12,97.2,62,37.2,113/74,118,67.7,No significant complaints today.,0
PAT-00442,2024-01-13 09:57:44,97.6,65,38.8,124/70,70,67.7,"Patient notes that chills, fever.",0
PAT-00442,2024-01-14 08:23:42,96.3,88,36.6,160/111,77,67.7,"Today, patient states chest tightness.",0
PAT-00442,2024-01-15 09:32:20,96.9,71,35.8,141/85,94,67.7,Notes mild coldness.,0
PAT-00442,2024-01-16 09:02:19,95.4,63,36.6,113/71,77,67.7,No significant complaints today.,0
PAT-00442,2024-01-17 08:35:27,96.9,84,37.0,111/71,79,67.7,No symptoms reported. Vitals are within expected range.,0
PAT-00442,2024-01-18 08:24:58,91.7,82,37.3,123/78,164,67.7,"Notes dizziness, severe blurred vision, dry mouth, frequent urination. immediate attention may be needed.",0
PAT-00442,2024-01-19 10:14:30,92.7,56,36.9,133/85,88,67.7,No significant complaints today.,0
PAT-00442,2024-01-20 10:17:18,93.0,71,37.4,115/84,96,67.7,No significant complaints today.,0
PAT-00442,2024-01-21 10:33:04,97.6,60,37.2,116/79,125,67.7,No significant complaints today.,0
PAT-00442,2024-01-22 09:46:37,98.8,51,37.1,129/74,118,67.7,"This morning, lightheadedness.",1
PAT-00442,2024-01-23 09:31:44,97.6,63,37.4,122/85,73,67.7,No symptoms reported. Vitals are within expected range.,0
PAT-00442,2024-01-24 08:28:39,95.2,58,36.4,171/102,118,67.7,Reports chest tightness.,1
PAT-00442,2024-01-25 09:54:15,94.5,78,37.1,128/83,118,67.7,Vitals remain within acceptable limits. No issues noted.,0
PAT-00442,2024-01-26 08:28:27,94.2,59,37.3,116/78,76,67.7,Vitals remain within acceptable limits. No issues noted.,0
PAT-00442,2024-01-27 09:09:14,97.4,61,37.0,136/90,91,67.7,Vitals remain within acceptable limits. No issues noted.,0
PAT-00442,2024-01-28 10:00:11,94.3,89,37.3,118/83,119,67.7,Vitals remain within acceptable limits. No issues noted.,0
PAT-00442,2024-01-29 08:42:22,96.9,105,36.8,116/79,175,67.7,"Observes anxiety, severe blurred vision, dry mouth, frequent urination. immediate attention may be needed.",1
PAT-00442,2024-01-30 08:50:56,100.0,81,35.7,112/82,116,67.7,Notes mild coldness.,0
PAT-00443,2024-01-01 08:37:28,93.6,55,37.6,117/76,98,63.4,Notes mild fever.,0
PAT-00443,2024-01-02 08:38:46,95.4,68,36.0,114/77,111,63.4,Patient is feeling well with all parameters stable.,0
PAT-00443,2024-01-03 08:12:27,93.2,70,37.3,188/113,108,63.4,"Reports chest pain, severe headache. worsening symptoms present.",0
PAT-00443,2024-01-04 08:24:09,94.8,53,36.9,110/75,114,63.4,Indicates lightheadedness.,0
PAT-00443,2024-01-05 10:53:43,95.9,60,37.2,122/72,71,63.4,Patient denies any symptoms or discomfort.,0
PAT-00443,2024-01-06 09:10:38,96.1,84,35.8,115/78,95,63.4,Patient describes mild coldness.,0
PAT-00443,2024-01-07 09:12:46,93.0,59,36.9,123/85,84,63.4,Patient denies any symptoms or discomfort.,0
PAT-00443,2024-01-08 08:50:41,95.7,67,36.4,130/75,90,63.4,No symptoms reported. Vitals are within expected range.,0
PAT-00443,2024-01-09 08:10:26,91.6,58,35.5,116/77,125,63.4,"Notes shortness of breath, lowered energy.",0
PAT-00443,2024-01-10 08:31:04,94.9,59,36.8,149/86,96,63.4,Vitals remain within acceptable limits. No issues noted.,0
PAT-00443,2024-01-11 09:04:47,95.6,82,37.7,145/89,110,63.4,Patient describes body aches.,0
PAT-00443,2024-01-12 10:30:19,96.0,92,37.0,123/79,93,63.4,Vitals remain within acceptable limits. No issues noted.,0
PAT-00443,2024-01-13 08:01:21,97.3,89,36.5,121/76,73,63.4,Patient is feeling well with all parameters stable.,0
PAT-00443,2024-01-14 09:03:40,97.9,94,36.6,113/73,172,63.4,"This morning, severe blurred vision, dry mouth, frequent urination. worsening symptoms present.",1
PAT-00443,2024-01-15 09:41:29,95.6,87,36.5,126/81,87,63.4,No symptoms reported. Vitals are within expected range.,0
PAT-00443,2024-01-16 10:04:26,93.0,104,37.7,147/85,96,63.4,"Patient notes that restlessness, mild fever.",0
PAT-00443,2024-01-17 10:48:09,100.0,53,37.2,147/86,94,63.4,Indicates lightheadedness.,0
PAT-00443,2024-01-18 09:34:17,98.9,50,36.8,113/82,175,63.4,"Indicates slow pulse, severe blurred vision, dry mouth, frequent urination. worsening symptoms present.",0
PAT-00443,2024-01-19 10:49:28,93.7,99,35.6,147/90,112,63.4,"Today, patient states mild coldness.",0
PAT-00443,2024-01-20 08:26:11,96.2,107,37.2,124/76,79,63.4,Indicates restlessness.,1
PAT-00443,2024-01-21 08:05:36,93.9,106,36.6,134/86,102,63.4,"This morning, anxiety.",0
PAT-00443,2024-01-22 10:21:37,94.4,82,37.4,110/73,134,63.4,Patient describes dry mouth.,0
PAT-00443,2024-01-23 08:10:50,94.2,98,36.1,127/79,70,63.4,Patient denies any symptoms or discomfort.,0
PAT-00443,2024-01-24 10:54:07,98.2,68,38.4,125/70,163,63.4,"Patient notes that chills, headache, severe blurred vision, dry mouth, frequent urination. immediate attention may be needed.",0
PAT-00443,2024-01-25 09:49:34,94.2,86,36.6,114/76,169,63.4,"Indicates severe blurred vision, dry mouth, frequent urination. worsening symptoms present.",1
PAT-00443,2024-01-26 08:55:44,95.1,53,37.5,171/115,86,63.4,"Reports lightheadedness, night sweats, vision issues.",0
PAT-00443,2024-01-27 10:12:10,90.7,59,38.3,119/72,102,63.4,"Observes shortness of breath, headache, severe discomfort. worsening symptoms present.",1
PAT-00443,2024-01-28 10:33:46,93.9,109,38.3,130/94,79,63.4,"Observes anxiety, muscle aches, fever.",0
PAT-00443,2024-01-29 08:52:54,95.1,54,36.4,110/81,128,63.4,"This morning, slow pulse, frequent urination.",1
PAT-00443,2024-01-30 09:28:10,97.2,77,35.9,172/113,107,63.4,"Today, patient states lowered energy, headaches.",1
PAT-00444,2024-01-01 08:52:17,95.4,57,36.5,111/77,176,65.0,"Reports severe blurred vision, dry mouth, frequent urination. worsening symptoms present.",0
PAT-00444,2024-01-02 09:44:58,96.5,63,36.5,122/79,123,65.0,No significant complaints today.,0
PAT-00444,2024-01-03 08:14:53,96.9,86,37.0,140/93,96,65.0,Patient is feeling well with all parameters stable.,0
PAT-00444,2024-01-04 09:27:28,96.7,50,36.4,185/117,143,65.0,"Patient describes slow pulse, chest pain, severe headache, dry mouth. immediate attention may be needed.",1
PAT-00444,2024-01-05 09:51:12,97.4,57,37.3,132/95,74,65.0,Vitals remain within acceptable limits. No issues noted.,0
PAT-00444,2024-01-06 10:46:57,98.5,77,36.8,162/103,70,65.0,Notes vision issues.,1
PAT-00444,2024-01-07 09:51:34,96.5,55,37.2,137/86,116,65.0,No significant complaints today.,0
PAT-00444,2024-01-08 10:26:50,97.3,82,38.9,125/71,73,65.0,"Today, patient states headache, fever.",0
PAT-00444,2024-01-09 09:40:16,93.3,66,38.0,134/86,117,65.0,"Observes fever, chills.",1
PAT-00444,2024-01-10 09:02:57,96.7,104,37.3,129/80,113,65.0,Patient notes that restlessness.,0
PAT-00444,2024-01-11 09:27:36,96.8,84,35.9,132/87,71,65.0,"Today, patient states mild coldness.",0
PAT-00444,2024-01-12 10:13:18,95.1,65,36.0,114/74,112,65.0,No symptoms reported. Vitals are within expected range.,0
PAT-00444,2024-01-13 10:41:20,95.5,87,35.9,130/75,110,65.0,Patient notes that lowered energy.,0
PAT-00444,2024-01-14 09:08:32,97.3,63,37.2,116/83,74,65.0,Vitals remain within acceptable limits. No issues noted.,0
PAT-00444,2024-01-15 09:29:36,98.0,65,37.4,124/71,91,65.0,No significant complaints today.,0
PAT-00444,2024-01-16 08:58:13,95.0,53,35.7,113/84,88,65.0,"Observes slow pulse, lowered energy.",0
PAT-00444,2024-01-17 10:15:43,95.1,103,38.8,130/76,83,65.0,"Patient describes anxiety, fever, muscle aches.",0
PAT-00444,2024-01-18 08:19:17,94.2,83,36.2,113/74,70,65.0,Vitals remain within acceptable limits. No issues noted.,0
PAT-00444,2024-01-19 09:25:15,97.7,109,35.7,120/75,78,65.0,"Today, patient states restlessness, lowered energy.",1
PAT-00444,2024-01-20 08:49:24,95.6,50,37.0,116/70,86,65.0,Indicates lightheadedness.,0
PAT-00444,2024-01-21 09:41:42,96.5,88,36.0,170/103,72,65.0,"Today, patient states chest tightness.",0
PAT-00444,2024-01-22 09:16:38,97.3,105,37.0,130/81,71,65.0,Notes palpitations.,1
PAT-00444,2024-01-23 08:48:05,91.3,106,36.9,147/85,170,65.0,"Patient describes low energy, restlessness, severe blurred vision, dry mouth, frequent urination. worsening symptoms present.",0
PAT-00444,2024-01-24 08:17:54,95.9,97,37.4,145/88,93,65.0,Vitals remain within acceptable limits. No issues noted.,0
PAT-00444,2024-01-25 09:00:00,96.3,89,37.1,130/73,134,65.0,Observes blurred vision.,0
PAT-00444,2024-01-26 08:50:42,96.4,50,37.1,110/72,89,65.0,"This morning, slow pulse.",1
PAT-00444,2024-01-27 10:35:56,95.7,106,37.3,111/74,87,65.0,"This morning, anxiety.",0
PAT-00444,2024-01-28 09:21:01,97.4,107,38.3,121/82,89,65.0,"Patient notes that palpitations, severe discomfort, headache. worsening symptoms present.",1
PAT-00444,2024-01-29 10:53:16,94.6,56,35.7,115/83,72,65.0,"This morning, mild coldness.",0
PAT-00444,2024-01-30 09:50:33,97.3,65,35.7,177/100,169,65.0,"This morning, mild coldness, headaches, severe blurred vision, dry mouth, frequent urination. immediate attention may be needed.",0
PAT-00445,2024-01-01 08:46:01,96.7,60,36.8,115/84,102,58.7,No significant complaints today.,0
PAT-00445,2024-01-02 09:08:46,95.6,100,36.9,117/78,79,58.7,Vitals remain within acceptable limits. No issues noted.,0
PAT-00445,2024-01-03 09:21:54,95.3,64,37.3,111/78,73,58.7,Patient is feeling well with all parameters stable.,0
PAT-00445,2024-01-04 09:56:33,98.8,60,35.9,117/77,96,58.7,Indicates mild coldness.,0
PAT-00445,2024-01-05 10:39:22,98.0,50,37.0,110/84,75,58.7,"Today, patient states slow pulse.",0
PAT-00445,2024-01-06 10:36:57,94.9,55,37.4,163/115,117,58.7,Patient describes vision issues.,1
PAT-00445,2024-01-07 09:54:13,96.0,62,36.6,135/87,74,58.7,Patient denies any symptoms or discomfort.,0
PAT-00445,2024-01-08 10:08:49,98.6,72,36.7,139/87,148,58.7,"This morning, frequent urination.",0
PAT-00445,2024-01-09 09:17:42,97.7,84,36.0,126/82,76,58.7,Vitals remain within acceptable limits. No issues noted.,0
PAT-00445,2024-01-10 10:06:20,96.7,72,37.4,120/73,129,58.7,Reports blurred vision.,0
PAT-00445,2024-01-11 10:59:14,93.9,70,37.1,123/85,92,58.7,No symptoms reported. Vitals are within expected range.,0
PAT-00445,2024-01-12 09:11:17,97.0,90,35.7,178/107,92,58.7,"This morning, mild coldness, headaches.",0
PAT-00445,2024-01-13 09:25:05,96.6,104,36.3,112/76,162,58.7,"Observes restlessness, severe blurred vision, dry mouth, frequent urination. immediate attention may be needed.",1
PAT-00445,2024-01-14 09:28:00,91.2,89,36.7,138/86,98,58.7,Patient notes that shortness of breath.,1
PAT-00445,2024-01-15 08:48:16,94.8,58,37.2,144/93,72,58.7,No significant complaints today.,0
PAT-00445,2024-01-16 09:56:10,95.0,101,37.1,143/95,77,58.7,Patient describes restlessness.,1
PAT-00445,2024-01-17 08:20:07,96.8,95,37.0,116/72,123,58.7,Patient is feeling well with all parameters stable.,0
PAT-00445,2024-01-18 09:46:12,95.4,80,37.2,117/83,81,58.7,Patient denies any symptoms or discomfort.,0
PAT-00445,2024-01-19 09:31:29,95.6,57,37.0,117/77,167,58.7,"Observes severe blurred vision, dry mouth, frequent urination. immediate attention may be needed.",0
PAT-00445,2024-01-20 08:18:11,94.7,110,36.6,121/74,117,58.7,Observes anxiety.,0
PAT-00445,2024-01-21 08:25:16,95.1,104,38.3,120/76,74,58.7,"Today, patient states restlessness, muscle aches, headache.",1
PAT-00445,2024-01-22 09:01:52,95.8,74,36.2,148/88,95,58.7,No significant complaints today.,0
PAT-00445,2024-01-23 08:48:54,92.7,85,36.6,126/81,99,58.7,No symptoms reported. Vitals are within expected range.,0
PAT-00445,2024-01-24 09:48:37,95.1,65,36.5,181/101,82,58.7,"Today, patient states chest pain, severe headache. immediate attention may be needed.",1
PAT-00445,2024-01-25 08:24:41,94.7,57,36.4,179/103,70,58.7,"This morning, headaches.",0
PAT-00445,2024-01-26 09:59:20,96.7,105,37.6,129/85,76,58.7,"Reports anxiety, mild fever.",1
PAT-00445,2024-01-27 09:09:48,97.2,77,37.1,115/76,70,58.7,Patient is feeling well with all parameters stable.,0
PAT-00445,2024-01-28 09:23:39,99.2,77,37.8,127/84,131,58.7,"Reports night sweats, blurred vision.",0
PAT-00445,2024-01-29 08:46:51,98.2,86,36.7,143/89,112,58.7,Vitals remain within acceptable limits. No issues noted.,0
PAT-00445,2024-01-30 08:18:44,99.0,71,38.2,127/78,80,58.7,"Notes chills, severe discomfort. worsening symptoms present.",0
PAT-00446,2024-01-01 10:51:59,93.7,67,37.4,141/92,95,77.0,Vitals remain within acceptable limits. No issues noted.,0
PAT-00446,2024-01-02 10:07:23,94.4,54,36.7,113/81,164,77.0,"Patient describes fatigue, severe blurred vision, dry mouth, frequent urination. worsening symptoms present.",0
PAT-00446,2024-01-03 09:49:05,94.8,87,36.8,117/79,81,77.0,No symptoms reported. Vitals are within expected range.,0
PAT-00446,2024-01-04 09:46:22,94.7,110,36.7,117/77,97,77.0,Patient notes that anxiety.,1
PAT-00446,2024-01-05 09:26:45,99.8,55,36.2,124/74,113,77.0,No significant complaints today.,0
PAT-00446,2024-01-06 09:10:25,96.6,55,38.0,127/80,88,77.0,"Patient notes that headache, chills.",0
PAT-00446,2024-01-07 08:32:05,99.7,60,36.0,127/80,114,77.0,No symptoms reported. Vitals are within expected range.,0
PAT-00446,2024-01-08 09:22:58,97.1,59,37.1,126/76,78,77.0,Patient denies any symptoms or discomfort.,0
PAT-00446,2024-01-09 10:25:53,97.1,62,37.7,144/95,113,77.0,Notes night sweats.,0
PAT-00446,2024-01-10 10:00:30,95.6,73,37.1,120/74,142,77.0,Notes frequent urination.,0
PAT-00446,2024-01-11 10:57:32,94.3,75,35.9,124/78,88,77.0,Notes lowered energy.,0
PAT-00446,2024-01-12 09:03:25,92.3,90,37.3,124/72,78,77.0,Vitals remain within acceptable limits. No issues noted.,0
PAT-00446,2024-01-13 09:53:43,95.9,59,36.4,119/81,125,77.0,No significant complaints today.,0
PAT-00446,2024-01-14 10:41:22,96.2,79,36.5,133/85,83,77.0,No significant complaints today.,0
PAT-00446,2024-01-15 10:14:51,96.4,98,37.3,137/88,82,77.0,Vitals remain within acceptable limits. No issues noted.,0
PAT-00446,2024-01-16 08:42:11,98.0,58,38.3,183/116,95,77.0,"Indicates fever, severe discomfort, chest pain, severe headache. worsening symptoms present.",1
PAT-00446,2024-01-17 08:01:51,93.4,58,38.9,118/74,79,77.0,"Notes fever, headache.",0
PAT-00446,2024-01-18 09:11:53,95.7,52,36.5,121/82,151,77.0,"Patient notes that lightheadedness, severe blurred vision, dry mouth, frequent urination. immediate attention may be needed.",1
PAT-00446,2024-01-19 10:13:48,93.7,60,37.8,121/77,126,77.0,"Today, patient states night sweats, blurred vision.",0
PAT-00446,2024-01-20 08:32:31,95.0,95,37.6,120/79,151,77.0,"This morning, night sweats, severe blurred vision, dry mouth, frequent urination. immediate attention may be needed.",0
PAT-00446,2024-01-21 08:34:32,94.4,56,36.8,133/90,116,77.0,No significant complaints today.,0
PAT-00446,2024-01-22 08:30:05,94.5,53,36.0,136/88,89,77.0,Indicates fatigue.,0
PAT-00446,2024-01-23 08:54:23,95.2,84,35.9,124/82,111,77.0,Reports mild coldness.,0
PAT-00446,2024-01-24 08:47:29,96.2,91,36.5,124/85,111,77.0,No significant complaints today.,0
PAT-00446,2024-01-25 08:39:14,97.0,56,36.4,110/75,145,77.0,Patient describes blurred vision.,0
PAT-00446,2024-01-26 10:28:43,94.7,61,37.2,164/110,94,77.0,"This morning, headaches.",0
PAT-00446,2024-01-27 09:02:26,97.8,83,37.3,116/83,76,77.0,No symptoms reported. Vitals are within expected range.,0
PAT-00446,2024-01-28 09:30:19,96.4,105,37.6,186/101,94,77.0,"Indicates restlessness, night sweats, chest pain, severe headache. immediate attention may be needed.",1
PAT-00446,2024-01-29 08:02:02,94.6,82,36.2,120/73,103,77.0,Patient is feeling well with all parameters stable.,0
PAT-00446,2024-01-30 09:46:29,96.8,56,35.9,113/76,86,77.0,Indicates lowered energy.,0
PAT-00447,2024-01-01 08:40:35,94.9,80,36.4,116/81,117,70.3,No significant complaints today.,0
PAT-00447,2024-01-02 09:34:45,97.8,51,36.9,114/78,87,70.3,Patient notes that slow pulse.,1
PAT-00447,2024-01-03 08:57:20,96.9,73,37.9,117/81,97,70.3,"Today, patient states body aches.",0
PAT-00447,2024-01-04 10:26:28,94.5,76,37.7,144/88,87,70.3,Reports night sweats.,0
PAT-00447,2024-01-05 10:28:12,95.4,99,36.9,114/78,95,70.3,No significant complaints today.,0
PAT-00447,2024-01-06 08:47:05,98.5,105,37.8,133/88,88,70.3,"Observes palpitations, body aches.",1
PAT-00447,2024-01-07 08:58:49,97.4,58,35.7,121/74,93,70.3,"This morning, lowered energy.",0
PAT-00447,2024-01-08 08:50:33,94.7,63,35.6,115/74,159,70.3,"Observes mild coldness, severe blurred vision, dry mouth, frequent urination. worsening symptoms present.",1
PAT-00447,2024-01-09 10:34:10,95.5,89,36.9,116/76,94,70.3,Patient denies any symptoms or discomfort.,0
PAT-00447,2024-01-10 09:42:07,94.8,59,35.9,138/91,179,70.3,"Patient describes mild coldness, severe blurred vision, dry mouth, frequent urination. worsening symptoms present.",0
PAT-00447,2024-01-11 10:41:21,94.1,51,37.3,126/73,146,70.3,"Indicates slow pulse, dry mouth.",1
PAT-00447,2024-01-12 09:05:06,95.5,59,35.7,110/80,70,70.3,"Today, patient states lowered energy.",0
PAT-00447,2024-01-13 09:38:10,95.0,94,37.4,116/83,113,70.3,Patient is feeling well with all parameters stable.,0
PAT-00447,2024-01-14 10:13:26,95.4,67,38.3,113/85,116,70.3,"This morning, headache, fever.",1
PAT-00447,2024-01-15 10:54:03,96.1,50,36.8,121/74,75,70.3,"This morning, lightheadedness.",1
PAT-00447,2024-01-16 08:57:47,98.5,95,36.7,130/81,95,70.3,Patient is feeling well with all parameters stable.,0
PAT-00447,2024-01-17 09:16:30,99.1,89,37.2,142/87,83,70.3,No symptoms reported. Vitals are within expected range.,0
PAT-00447,2024-01-18 10:19:46,95.0,61,36.8,130/85,96,70.3,Patient denies any symptoms or discomfort.,0
PAT-00447,2024-01-19 10:31:42,94.2,66,38.8,144/86,73,70.3,"Indicates headache, fever.",0
PAT-00447,2024-01-20 08:23:44,97.9,80,36.7,134/92,70,70.3,Patient denies any symptoms or discomfort.,0
PAT-00447,2024-01-21 09:32:00,95.2,53,36.6,165/109,70,70.3,"Indicates slow pulse, vision issues.",1
PAT-00447,2024-01-22 08:26:11,94.4,106,35.9,167/108,85,70.3,"Patient describes restlessness, lowered energy, vision issues.",1
PAT-00447,2024-01-23 08:39:05,93.7,54,37.2,143/92,75,70.3,Patient describes fatigue.,0
PAT-00447,2024-01-24 09:03:04,96.4,86,36.1,122/70,115,70.3,Patient is feeling well with all parameters stable.,0
PAT-00447,2024-01-25 08:32:49,94.0,86,37.1,129/84,101,70.3,Patient is feeling well with all parameters stable.,0
PAT-00447,2024-01-26 10:53:02,99.4,80,36.4,188/119,122,70.3,"Reports chest pain, severe headache. worsening symptoms present.",1
PAT-00447,2024-01-27 10:49:19,94.7,79,37.2,131/95,71,70.3,Patient denies any symptoms or discomfort.,0
PAT-00447,2024-01-28 09:49:05,95.0,61,37.1,129/73,75,70.3,Vitals remain within acceptable limits. No issues noted.,0
PAT-00447,2024-01-29 09:04:56,95.1,107,35.6,113/75,116,70.3,"Reports anxiety, mild coldness.",0
PAT-00447,2024-01-30 08:06:36,96.4,66,37.1,129/72,126,70.3,"Today, patient states frequent urination.",0
PAT-00448,2024-01-01 09:19:07,94.4,52,38.9,166/102,80,70.4,"Indicates slow pulse, headache, severe discomfort, chest tightness. immediate attention may be needed.",1
PAT-00448,2024-01-02 08:04:56,92.8,60,37.2,129/75,117,70.4,Patient is feeling well with all parameters stable.,0
PAT-00448,2024-01-03 10:04:15,97.9,93,38.2,111/77,102,70.4,"Patient describes headache, chills.",0
PAT-00448,2024-01-04 10:18:47,95.8,61,38.3,126/83,139,70.4,"Notes fever, chills, dry mouth.",1
PAT-00448,2024-01-05 10:51:48,97.9,58,37.1,120/83,88,70.4,No significant complaints today.,0
PAT-00448,2024-01-06 09:52:02,93.0,104,36.6,126/80,160,70.4,"Reports restlessness, severe blurred vision, dry mouth, frequent urination. worsening symptoms present.",0
PAT-00448,2024-01-07 10:38:15,97.1,93,38.5,128/74,88,70.4,"This morning, chills, fever.",1
PAT-00448,2024-01-08 08:02:12,92.5,100,36.4,129/78,91,70.4,No symptoms reported. Vitals are within expected range.,0
PAT-00448,2024-01-09 08:14:27,96.9,93,38.2,123/82,71,70.4,"Today, patient states chills, severe discomfort. worsening symptoms present.",1
PAT-00448,2024-01-10 09:43:37,93.8,81,38.2,110/80,91,70.4,"Reports severe discomfort, headache. worsening symptoms present.",0
PAT-00448,2024-01-11 09:26:45,96.0,82,37.2,185/110,106,70.4,"Reports chest pain, severe headache. immediate attention may be needed.",1
PAT-00448,2024-01-12 09:04:21,91.8,75,37.0,125/80,123,70.4,Reports shortness of breath.,1
PAT-00448,2024-01-13 10:53:41,98.6,82,36.6,118/73,113,70.4,No symptoms reported. Vitals are within expected range.,0
PAT-00448,2024-01-14 09:48:31,98.5,82,36.7,112/75,106,70.4,No symptoms reported. Vitals are within expected range.,0
PAT-00448,2024-01-15 08:28:23,97.0,60,37.2,111/74,98,70.4,No significant complaints today.,0
PAT-00448,2024-01-16 10:31:41,96.9,81,35.9,116/85,75,70.4,Indicates mild coldness.,0
PAT-00448,2024-01-17 08:41:05,96.5,100,37.2,121/71,101,70.4,Patient is feeling well with all parameters stable.,0
PAT-00448,2024-01-18 09:27:41,97.8,63,37.3,117/71,123,70.4,Vitals remain within acceptable limits. No issues noted.,0
PAT-00448,2024-01-19 09:31:42,96.0,52,37.6,130/93,100,70.4,"Notes slow pulse, night sweats.",1
PAT-00448,2024-01-20 10:58:30,97.4,93,36.9,172/114,104,70.4,Observes vision issues.,0
PAT-00448,2024-01-21 08:48:24,94.3,61,36.9,128/80,120,70.4,Patient denies any symptoms or discomfort.,0
PAT-00448,2024-01-22 08:17:38,98.9,65,37.4,136/85,82,70.4,Patient denies any symptoms or discomfort.,0
PAT-00448,2024-01-23 09:26:28,95.3,66,37.7,116/72,82,70.4,Reports night sweats.,0
PAT-00448,2024-01-24 10:48:58,96.9,58,36.9,119/82,83,70.4,Patient is feeling well with all parameters stable.,0
PAT-00448,2024-01-25 08:47:36,96.1,94,36.6,123/74,86,70.4,Patient denies any symptoms or discomfort.,0
PAT-00448,2024-01-26 08:46:30,96.0,87,38.3,127/80,75,70.4,"This morning, headache, muscle aches.",0
PAT-00448,2024-01-27 10:53:46,96.6,84,37.3,141/95,78,70.4,Patient is feeling well with all parameters stable.,0
PAT-00448,2024-01-28 10:22:08,97.6,54,37.2,162/112,102,70.4,"Today, patient states fatigue, headaches.",0
PAT-00448,2024-01-29 08:50:15,94.6,78,36.4,141/86,85,70.4,No significant complaints today.,0
PAT-00448,2024-01-30 10:04:50,96.9,77,36.9,138/93,102,70.4,Patient is feeling well with all parameters stable.,0
PAT-00449,2024-01-01 10:43:27,94.8,74,37.2,130/76,76,89.4,No significant complaints today.,0
PAT-00449,2024-01-02 08:26:34,98.5,66,36.4,144/93,120,89.4,Vitals remain within acceptable limits. No issues noted.,0
PAT-00449,2024-01-03 09:18:56,94.2,109,37.3,121/75,85,89.4,Indicates anxiety.,0
PAT-00449,2024-01-04 10:46:50,95.4,96,37.0,135/85,91,89.4,No symptoms reported. Vitals are within expected range.,0
PAT-00449,2024-01-05 08:58:14,95.4,93,36.9,110/77,139,89.4,"Today, patient states dry mouth.",0
PAT-00449,2024-01-06 08:49:24,94.6,62,36.9,128/72,95,89.4,No significant complaints today.,0
PAT-00449,2024-01-07 10:14:07,98.6,73,37.1,129/73,92,89.4,Patient is feeling well with all parameters stable.,0
PAT-00449,2024-01-08 08:37:56,96.1,58,36.6,127/77,75,89.4,No significant complaints today.,0
PAT-00449,2024-01-09 08:06:04,95.7,58,37.7,141/87,87,89.4,Indicates night sweats.,0
PAT-00449,2024-01-10 10:15:32,96.8,94,36.5,120/76,96,89.4,Vitals remain within acceptable limits. No issues noted.,0
PAT-00449,2024-01-11 09:43:45,96.7,83,36.8,123/70,132,89.4,"This morning, blurred vision.",0
PAT-00449,2024-01-12 10:34:17,97.0,67,36.7,113/72,120,89.4,Patient denies any symptoms or discomfort.,0
PAT-00449,2024-01-13 08:51:26,94.5,50,38.2,118/82,84,89.4,"Today, patient states slow pulse, chills, severe discomfort. immediate attention may be needed.",0
PAT-00449,2024-01-14 08:23:15,94.8,90,37.3,123/73,122,89.4,No significant complaints today.,0
PAT-00449,2024-01-15 08:41:55,97.5,80,36.7,141/86,93,89.4,No significant complaints today.,0
PAT-00449,2024-01-16 10:03:58,96.9,74,38.5,114/75,81,89.4,"Notes muscle aches, fever.",0
PAT-00449,2024-01-17 10:53:02,96.2,56,36.9,132/90,91,89.4,Patient is feeling well with all parameters stable.,0
PAT-00449,2024-01-18 10:39:51,97.0,59,38.5,142/86,106,89.4,"Indicates chills, fever.",1
PAT-00449,2024-01-19 09:12:13,93.2,79,38.0,125/73,88,89.4,"This morning, fever, chills.",1
PAT-00449,2024-01-20 08:12:12,94.3,98,38.7,127/78,90,89.4,"Patient describes headache, fever.",0
PAT-00449,2024-01-21 08:54:13,97.4,90,37.2,110/82,77,89.4,No significant complaints today.,0
PAT-00449,2024-01-22 10:40:39,98.8,59,38.5,135/92,89,89.4,"This morning, chills, muscle aches.",0
PAT-00449,2024-01-23 10:38:44,93.6,107,35.6,163/116,149,89.4,"Reports anxiety, lowered energy, chest tightness, frequent urination.",0
PAT-00449,2024-01-24 10:56:38,95.9,68,36.7,118/75,100,89.4,Patient denies any symptoms or discomfort.,0
PAT-00449,2024-01-25 08:40:46,94.8,55,36.6,122/81,104,89.4,Patient denies any symptoms or discomfort.,0
PAT-00449,2024-01-26 08:00:23,95.8,56,36.4,175/110,103,89.4,Indicates headaches.,1
PAT-00449,2024-01-27 09:43:31,93.5,77,36.2,128/71,78,89.4,Patient is feeling well with all parameters stable.,0
PAT-00449,2024-01-28 08:00:39,97.6,57,37.4,122/78,86,89.4,Patient denies any symptoms or discomfort.,0
PAT-00449,2024-01-29 10:54:01,96.0,96,37.2,116/72,84,89.4,Patient denies any symptoms or discomfort.,0
PAT-00449,2024-01-30 10:02:12,94.1,87,36.0,181/111,173,89.4,"Reports chest pain, severe headache, severe blurred vision, dry mouth, frequent urination. worsening symptoms present.",0
PAT-00450,2024-01-01 09:57:53,96.3,71,35.8,118/82,97,59.8,"Today, patient states lowered energy.",0
PAT-00450,2024-01-02 10:41:41,94.9,78,38.0,112/82,70,59.8,"Today, patient states chills, headache.",0
PAT-00450,2024-01-03 08:00:11,97.2,90,37.2,121/73,72,59.8,Patient is feeling well with all parameters stable.,0
PAT-00450,2024-01-04 09:12:30,98.2,105,38.1,125/72,105,59.8,"Patient describes restlessness, severe discomfort, chills. worsening symptoms present.",0
PAT-00450,2024-01-05 10:20:20,91.1,55,37.4,139/90,165,59.8,"Patient describes dizziness, severe blurred vision, dry mouth, frequent urination. immediate attention may be needed.",0
PAT-00450,2024-01-06 10:05:02,97.3,105,35.8,121/78,95,59.8,"Patient describes palpitations, lowered energy.",1
PAT-00450,2024-01-07 10:42:12,97.2,90,37.2,125/76,74,59.8,Patient denies any symptoms or discomfort.,0
PAT-00450,2024-01-08 10:57:01,95.7,90,38.4,129/77,84,59.8,"Today, patient states chills, fever.",0
PAT-00450,2024-01-09 10:42:14,94.7,75,35.6,113/76,75,59.8,Patient describes lowered energy.,0
PAT-00450,2024-01-10 10:43:14,97.1,65,38.8,115/80,91,59.8,"Notes chills, fever.",0
PAT-00450,2024-01-11 08:02:01,94.3,58,38.9,149/86,79,59.8,"Today, patient states muscle aches, chills.",1
PAT-00450,2024-01-12 10:42:35,96.3,72,37.3,110/82,109,59.8,Vitals remain within acceptable limits. No issues noted.,0
PAT-00450,2024-01-13 09:09:23,95.7,78,38.9,138/92,137,59.8,"This morning, fever, muscle aches, blurred vision.",0
PAT-00450,2024-01-14 08:56:10,96.3,60,38.1,114/81,121,59.8,"Observes headache, chills.",1
PAT-00450,2024-01-15 10:01:10,96.5,74,38.0,142/92,179,59.8,"Patient notes that fever, headache, severe blurred vision, dry mouth, frequent urination. worsening symptoms present.",1
PAT-00450,2024-01-16 10:18:54,93.3,86,37.2,126/73,85,59.8,Patient denies any symptoms or discomfort.,0
PAT-00450,2024-01-17 09:17:54,93.9,71,38.1,171/102,86,59.8,"Today, patient states severe discomfort, fever, headaches. worsening symptoms present.",0
PAT-00450,2024-01-18 08:15:10,98.9,84,36.5,127/74,165,59.8,"Reports severe blurred vision, dry mouth, frequent urination. worsening symptoms present.",0
PAT-00450,2024-01-19 10:04:40,94.4,75,37.1,112/71,84,59.8,No symptoms reported. Vitals are within expected range.,0
PAT-00450,2024-01-20 09:21:42,97.9,101,36.6,119/73,90,59.8,Reports palpitations.,0
PAT-00450,2024-01-21 09:51:27,94.5,68,37.2,115/72,171,59.8,"Today, patient states severe blurred vision, dry mouth, frequent urination. worsening symptoms present.",1
PAT-00450,2024-01-22 09:08:55,97.7,98,37.0,121/74,134,59.8,Patient describes dry mouth.,0
PAT-00450,2024-01-23 09:14:16,96.5,66,36.7,117/75,115,59.8,Patient is feeling well with all parameters stable.,0
PAT-00450,2024-01-24 08:02:52,94.2,97,38.2,149/85,91,59.8,"Observes severe discomfort, headache. worsening symptoms present.",1
PAT-00450,2024-01-25 09:10:20,95.6,69,36.7,139/94,73,59.8,Patient denies any symptoms or discomfort.,0
PAT-00450,2024-01-26 08:08:34,95.4,91,36.4,116/81,93,59.8,No significant complaints today.,0
PAT-00450,2024-01-27 09:56:35,95.6,102,38.3,114/79,84,59.8,"Patient describes restlessness, headache, muscle aches.",1
PAT-00450,2024-01-28 09:50:07,96.8,73,36.1,126/82,105,59.8,Vitals remain within acceptable limits. No issues noted.,0
PAT-00450,2024-01-29 09:40:27,94.2,54,36.4,189/107,78,59.8,"This morning, fatigue, chest pain, severe headache. immediate attention may be needed.",1
PAT-00450,2024-01-30 10:10:23,92.4,51,38.2,130/89,76,59.8,"Patient notes that fatigue, headache, muscle aches.",0
PAT-00451,2024-01-01 10:25:01,96.0,60,38.5,110/79,74,83.1,"Observes headache, muscle aches.",0
PAT-00451,2024-01-02 10:14:48,94.1,57,38.6,110/70,108,83.1,"Patient notes that fever, muscle aches.",0
PAT-00451,2024-01-03 09:43:30,98.0,97,37.2,143/88,75,83.1,Patient is feeling well with all parameters stable.,0
PAT-00451,2024-01-04 08:13:27,97.6,72,36.6,124/73,78,83.1,No symptoms reported. Vitals are within expected range.,0
PAT-00451,2024-01-05 08:47:59,96.7,89,37.2,123/80,115,83.1,Patient is feeling well with all parameters stable.,0
PAT-00451,2024-01-06 10:44:20,98.0,89,37.2,125/85,84,83.1,Patient denies any symptoms or discomfort.,0
PAT-00451,2024-01-07 10:52:04,98.8,60,37.5,137/89,73,83.1,Notes night sweats.,0
PAT-00451,2024-01-08 08:26:49,92.5,71,36.8,150/92,96,83.1,Patient denies any symptoms or discomfort.,0
PAT-00451,2024-01-09 08:40:10,95.4,85,39.0,147/95,96,83.1,"Today, patient states muscle aches, severe discomfort. worsening symptoms present.",0
PAT-00451,2024-01-10 09:34:23,95.2,81,36.0,149/91,86,83.1,No symptoms reported. Vitals are within expected range.,0
PAT-00451,2024-01-11 09:17:34,96.8,52,35.6,145/91,92,83.1,"Patient describes slow pulse, mild coldness.",1
PAT-00451,2024-01-12 10:34:50,93.6,94,36.5,110/74,137,83.1,Patient describes dry mouth.,0
PAT-00451,2024-01-13 10:56:44,98.0,59,38.0,140/91,111,83.1,"Reports fever, muscle aches.",0
PAT-00451,2024-01-14 10:12:50,95.5,68,36.4,114/81,110,83.1,Patient is feeling well with all parameters stable.,0
PAT-00451,2024-01-15 10:43:56,96.9,99,35.8,112/85,94,83.1,Patient notes that mild coldness.,0
PAT-00451,2024-01-16 10:31:13,96.3,84,37.3,160/102,125,83.1,Observes headaches.,0
PAT-00451,2024-01-17 08:09:18,96.6,80,37.1,130/76,121,83.1,No symptoms reported. Vitals are within expected range.,0
PAT-00451,2024-01-18 10:15:04,95.9,60,37.3,174/106,87,83.1,Patient describes vision issues.,0
PAT-00451,2024-01-19 08:09:50,96.4,105,36.5,126/82,88,83.1,"This morning, palpitations.",0
PAT-00451,2024-01-20 08:42:02,93.5,91,35.7,167/103,164,83.1,"This morning, mild coldness, chest tightness, severe blurred vision, dry mouth, frequent urination. immediate attention may be needed.",1
PAT-00451,2024-01-21 10:57:23,93.4,99,37.3,114/72,109,83.1,Vitals remain within acceptable limits. No issues noted.,0
PAT-00451,2024-01-22 09:06:24,96.4,80,37.3,138/92,74,83.1,Patient is feeling well with all parameters stable.,0
PAT-00451,2024-01-23 10:15:35,94.8,80,38.0,118/75,150,83.1,"Patient describes muscle aches, fever, severe blurred vision, dry mouth, frequent urination. worsening symptoms present.",0
PAT-00451,2024-01-24 09:43:53,95.9,109,37.7,112/84,109,83.1,"Indicates palpitations, mild fever.",0
PAT-00451,2024-01-25 09:24:46,94.2,97,35.6,122/76,92,83.1,"Today, patient states mild coldness.",0
PAT-00451,2024-01-26 08:26:11,98.1,92,38.7,137/95,71,83.1,"Observes severe discomfort, headache. immediate attention may be needed.",1
PAT-00451,2024-01-27 10:00:26,95.3,67,36.4,139/92,92,83.1,No symptoms reported. Vitals are within expected range.,0
PAT-00451,2024-01-28 10:46:48,97.8,67,36.6,142/88,94,83.1,Patient is feeling well with all parameters stable.,0
PAT-00451,2024-01-29 09:42:55,94.8,57,37.2,185/113,78,83.1,"This morning, chest pain, severe headache. worsening symptoms present.",0
PAT-00451,2024-01-30 09:49:38,94.8,53,38.2,178/101,90,83.1,"Indicates fatigue, fever, chills, chest tightness.",0
PAT-00452,2024-01-01 10:15:46,95.2,83,35.9,117/80,85,58.8,Observes mild coldness.,0
PAT-00452,2024-01-02 08:23:48,94.6,87,37.1,130/93,95,58.8,No significant complaints today.,0
PAT-00452,2024-01-03 08:24:33,93.0,99,38.5,119/76,81,58.8,"Observes fever, severe discomfort. worsening symptoms present.",1
PAT-00452,2024-01-04 08:42:34,95.8,55,38.7,127/81,132,58.8,"Patient notes that chills, fever, dry mouth.",0
PAT-00452,2024-01-05 08:21:52,98.9,60,37.2,129/80,87,58.8,Patient denies any symptoms or discomfort.,0
PAT-00452,2024-01-06 10:27:27,97.9,50,36.8,129/80,150,58.8,"Patient notes that lightheadedness, severe blurred vision, dry mouth, frequent urination. worsening symptoms present.",0
PAT-00452,2024-01-07 10:13:41,96.0,69,37.2,183/118,94,58.8,"Patient notes that chest pain, severe headache. immediate attention may be needed.",1
PAT-00452,2024-01-08 09:13:30,97.9,65,37.0,119/77,117,58.8,No significant complaints today.,0
PAT-00452,2024-01-09 10:42:32,97.7,50,37.7,130/76,84,58.8,"Patient notes that fatigue, night sweats.",1
PAT-00452,2024-01-10 08:53:30,96.8,76,36.2,117/79,107,58.8,Patient denies any symptoms or discomfort.,0
PAT-00452,2024-01-11 08:33:47,95.5,66,37.1,118/76,70,58.8,Vitals remain within acceptable limits. No issues noted.,0
PAT-00452,2024-01-12 08:10:21,91.5,107,36.5,139/90,96,58.8,"Today, patient states low energy, restlessness.",0
PAT-00452,2024-01-13 10:13:31,95.1,98,36.9,115/71,74,58.8,Patient denies any symptoms or discomfort.,0
PAT-00452,2024-01-14 08:55:40,92.2,89,38.1,111/79,77,58.8,"This morning, severe discomfort, chills. worsening symptoms present.",0
PAT-00452,2024-01-15 10:05:49,93.7,89,38.2,116/74,102,58.8,"Reports chills, fever.",0
PAT-00452,2024-01-16 10:48:29,93.1,71,36.3,115/85,117,58.8,Patient is feeling well with all parameters stable.,0
PAT-00452,2024-01-17 10:34:18,95.2,105,36.9,176/103,92,58.8,"Observes restlessness, vision issues.",1
PAT-00452,2024-01-18 10:16:09,98.0,88,38.4,132/92,170,58.8,"Patient describes chills, headache, severe blurred vision, dry mouth, frequent urination. worsening symptoms present.",1
PAT-00452,2024-01-19 08:13:40,98.0,100,36.4,149/86,105,58.8,Patient is feeling well with all parameters stable.,0
PAT-00452,2024-01-20 08:54:00,96.3,74,36.8,126/79,83,58.8,Patient denies any symptoms or discomfort.,0
PAT-00452,2024-01-21 10:21:24,97.4,82,36.9,163/114,92,58.8,"This morning, chest tightness.",0
PAT-00452,2024-01-22 08:31:13,92.5,77,36.0,147/87,120,58.8,Patient denies any symptoms or discomfort.,0
PAT-00452,2024-01-23 09:58:47,94.4,98,37.2,112/77,88,58.8,Patient is feeling well with all parameters stable.,0
PAT-00452,2024-01-24 08:40:53,96.7,90,38.3,125/85,70,58.8,"Patient notes that headache, severe discomfort. immediate attention may be needed.",0
PAT-00452,2024-01-25 09:36:43,96.5,91,37.2,119/80,87,58.8,No significant complaints today.,0
PAT-00452,2024-01-26 10:08:07,99.0,51,38.6,115/79,78,58.8,"Patient describes lightheadedness, muscle aches, severe discomfort. immediate attention may be needed.",1
PAT-00452,2024-01-27 08:45:05,94.3,110,37.1,145/89,94,58.8,Reports anxiety.,1
PAT-00452,2024-01-28 10:24:01,95.0,105,36.5,122/71,93,58.8,Patient notes that restlessness.,0
PAT-00452,2024-01-29 08:07:24,99.3,67,37.1,127/81,93,58.8,Patient is feeling well with all parameters stable.,0
PAT-00452,2024-01-30 08:39:40,97.0,73,36.5,127/79,84,58.8,Patient denies any symptoms or discomfort.,0
PAT-00453,2024-01-01 08:17:43,97.4,101,37.2,131/93,98,74.6,"Today, patient states palpitations.",0
PAT-00453,2024-01-02 10:34:15,97.0,76,36.5,121/75,95,74.6,Patient is feeling well with all parameters stable.,0
PAT-00453,2024-01-03 10:23:44,96.6,66,38.7,115/81,83,74.6,"Reports muscle aches, chills.",0
PAT-00453,2024-01-04 08:59:51,94.4,61,35.6,148/85,72,74.6,"Today, patient states mild coldness.",0
PAT-00453,2024-01-05 09:34:43,97.8,90,35.6,131/95,77,74.6,Reports lowered energy.,0
PAT-00453,2024-01-06 09:52:09,93.1,84,37.4,143/85,136,74.6,Indicates dry mouth.,0
PAT-00453,2024-01-07 10:04:21,94.9,62,37.3,127/72,163,74.6,"Today, patient states severe blurred vision, dry mouth, frequent urination. immediate attention may be needed.",1
PAT-00453,2024-01-08 10:03:17,97.4,67,36.3,185/108,114,74.6,"Notes chest pain, severe headache. immediate attention may be needed.",0
PAT-00453,2024-01-09 10:05:55,94.1,96,36.7,162/113,95,74.6,Reports chest tightness.,0
PAT-00453,2024-01-10 10:42:59,98.0,107,36.8,123/72,175,74.6,"Patient describes restlessness, severe blurred vision, dry mouth, frequent urination. worsening symptoms present.",1
PAT-00453,2024-01-11 09:35:38,98.8,106,36.4,120/78,111,74.6,Notes restlessness.,1
PAT-00453,2024-01-12 10:35:39,95.5,54,36.5,174/107,161,74.6,"This morning, slow pulse, chest tightness, severe blurred vision, dry mouth, frequent urination. immediate attention may be needed.",0
PAT-00453,2024-01-13 09:17:01,95.2,107,38.3,173/119,164,74.6,"Patient notes that palpitations, severe discomfort, headache, headaches, severe blurred vision, dry mouth, frequent urination. immediate attention may be needed.",0
PAT-00453,2024-01-14 10:57:20,93.8,56,36.7,125/85,89,74.6,Patient is feeling well with all parameters stable.,0
PAT-00453,2024-01-15 08:56:17,98.0,59,37.5,110/70,96,74.6,Patient notes that body aches.,0
PAT-00453,2024-01-16 10:18:16,98.4,69,36.6,111/81,83,74.6,No significant complaints today.,0
PAT-00453,2024-01-17 10:22:49,96.8,92,36.4,179/115,179,74.6,"Indicates chest tightness, severe blurred vision, dry mouth, frequent urination. immediate attention may be needed.",0
PAT-00453,2024-01-18 08:14:47,96.6,51,37.9,116/70,101,74.6,"Reports fatigue, body aches.",0
PAT-00453,2024-01-19 09:44:08,98.7,75,38.0,124/85,94,74.6,"This morning, fever, chills.",0
PAT-00453,2024-01-20 10:56:47,94.7,106,36.9,150/90,78,74.6,"This morning, palpitations.",0
PAT-00453,2024-01-21 08:14:55,95.0,98,36.3,126/71,92,74.6,Vitals remain within acceptable limits. No issues noted.,0
PAT-00453,2024-01-22 10:09:06,92.9,58,38.8,132/94,94,74.6,"Notes severe discomfort, chills. worsening symptoms present.",0
PAT-00453,2024-01-23 10:30:31,98.1,107,36.1,143/90,169,74.6,"Observes palpitations, severe blurred vision, dry mouth, frequent urination. worsening symptoms present.",0
PAT-00453,2024-01-24 09:19:20,93.4,107,36.6,149/90,99,74.6,Observes restlessness.,0
PAT-00453,2024-01-25 09:01:33,97.5,79,37.1,160/112,125,74.6,Indicates headaches.,0
PAT-00453,2024-01-26 08:54:19,97.2,94,35.7,114/72,124,74.6,Reports mild coldness.,0
PAT-00453,2024-01-27 09:21:01,96.0,108,36.2,111/75,76,74.6,Indicates palpitations.,0
PAT-00453,2024-01-28 10:22:58,96.8,90,36.0,118/73,96,74.6,Patient denies any symptoms or discomfort.,0
PAT-00453,2024-01-29 09:09:27,95.2,91,36.7,138/85,87,74.6,No significant complaints today.,0
PAT-00453,2024-01-30 08:15:54,96.9,73,37.6,171/118,87,74.6,"Observes body aches, vision issues.",0
PAT-00454,2024-01-01 08:10:10,96.1,99,36.8,128/71,98,62.5,Vitals remain within acceptable limits. No issues noted.,0
PAT-00454,2024-01-02 10:13:24,97.2,53,37.0,120/79,155,62.5,"Notes lightheadedness, severe blurred vision, dry mouth, frequent urination. immediate attention may be needed.",1
PAT-00454,2024-01-03 08:26:15,93.1,78,36.5,114/75,141,62.5,"This morning, frequent urination.",0
PAT-00454,2024-01-04 09:27:49,98.3,54,37.1,142/87,102,62.5,Notes lightheadedness.,0
PAT-00454,2024-01-05 09:03:30,95.6,107,36.2,118/70,74,62.5,Observes anxiety.,1
PAT-00454,2024-01-06 08:30:58,94.3,56,37.0,112/74,73,62.5,Patient is feeling well with all parameters stable.,0
PAT-00454,2024-01-07 08:00:50,96.1,95,36.5,146/88,172,62.5,"Patient describes severe blurred vision, dry mouth, frequent urination. immediate attention may be needed.",0
PAT-00454,2024-01-08 09:40:33,95.8,73,36.3,115/77,86,62.5,Patient is feeling well with all parameters stable.,0
PAT-00454,2024-01-09 09:29:22,95.6,107,36.2,119/76,70,62.5,"This morning, anxiety.",0
PAT-00454,2024-01-10 09:07:17,95.7,89,37.4,185/103,77,62.5,"Observes chest pain, severe headache. worsening symptoms present.",0
PAT-00454,2024-01-11 10:32:59,94.7,74,36.0,128/70,91,62.5,No significant complaints today.,0
PAT-00454,2024-01-12 10:19:27,98.8,99,36.6,136/92,173,62.5,"Today, patient states severe blurred vision, dry mouth, frequent urination. worsening symptoms present.",0
PAT-00454,2024-01-13 10:55:44,98.2,88,36.7,162/112,157,62.5,"Indicates headaches, severe blurred vision, dry mouth, frequent urination. worsening symptoms present.",1
PAT-00454,2024-01-14 09:10:31,94.8,72,36.0,127/81,171,62.5,"Patient notes that severe blurred vision, dry mouth, frequent urination. worsening symptoms present.",1
PAT-00454,2024-01-15 09:50:24,96.9,82,37.3,113/74,91,62.5,No significant complaints today.,0
PAT-00454,2024-01-16 09:22:32,96.8,90,36.4,146/91,117,62.5,No symptoms reported. Vitals are within expected range.,0
PAT-00454,2024-01-17 09:40:45,96.8,63,36.8,116/80,99,62.5,Vitals remain within acceptable limits. No issues noted.,0
PAT-00454,2024-01-18 09:09:57,95.8,101,36.7,179/103,80,62.5,"Notes anxiety, vision issues.",0
PAT-00454,2024-01-19 10:30:16,98.9,107,37.1,110/85,84,62.5,Patient describes palpitations.,0
PAT-00454,2024-01-20 08:42:32,94.4,68,38.6,184/107,144,62.5,"This morning, muscle aches, fever, chest pain, severe headache, dry mouth. worsening symptoms present.",0
PAT-00454,2024-01-21 10:31:28,100.0,52,36.8,128/72,87,62.5,Notes slow pulse.,1
PAT-00454,2024-01-22 09:58:24,96.4,72,36.6,114/84,155,62.5,"This morning, severe blurred vision, dry mouth, frequent urination. worsening symptoms present.",0
PAT-00454,2024-01-23 09:18:57,93.0,50,37.1,150/94,106,62.5,"This morning, lightheadedness.",1
PAT-00454,2024-01-24 10:48:09,95.9,56,38.4,126/73,95,62.5,"This morning, chills, severe discomfort. immediate attention may be needed.",1
PAT-00454,2024-01-25 08:06:35,94.6,60,37.3,126/77,74,62.5,No significant complaints today.,0
PAT-00454,2024-01-26 08:40:24,96.9,70,35.5,122/75,159,62.5,"Patient describes lowered energy, severe blurred vision, dry mouth, frequent urination. worsening symptoms present.",1
PAT-00454,2024-01-27 09:27:42,98.1,54,36.0,125/79,89,62.5,Observes fatigue.,1
PAT-00454,2024-01-28 09:36:47,96.5,96,37.1,111/71,83,62.5,Patient denies any symptoms or discomfort.,0
PAT-00454,2024-01-29 10:35:46,97.6,104,36.8,133/88,116,62.5,Reports palpitations.,1
PAT-00454,2024-01-30 10:18:17,100.0,109,37.3,150/87,76,62.5,Observes palpitations.,1
PAT-00455,2024-01-01 09:58:46,95.5,91,38.0,126/73,99,108.0,"Notes muscle aches, chills.",0
PAT-00455,2024-01-02 08:02:46,94.9,93,35.9,172/114,75,108.0,"Indicates lowered energy, chest tightness.",0
PAT-00455,2024-01-03 08:40:36,95.9,66,36.5,112/76,83,108.0,No symptoms reported. Vitals are within expected range.,0
PAT-00455,2024-01-04 10:54:22,96.2,83,35.7,173/104,76,108.0,"Indicates lowered energy, chest tightness.",1
PAT-00455,2024-01-05 08:13:13,96.1,73,35.6,128/75,136,108.0,"Notes lowered energy, frequent urination.",0
PAT-00455,2024-01-06 08:34:56,94.7,102,36.5,121/70,103,108.0,Patient notes that anxiety.,0
PAT-00455,2024-01-07 09:15:23,97.0,68,38.7,121/75,111,108.0,"Observes muscle aches, chills.",0
PAT-00455,2024-01-08 10:45:53,96.9,52,36.8,147/85,88,108.0,Indicates lightheadedness.,1
PAT-00455,2024-01-09 08:16:06,96.3,87,36.7,160/110,93,108.0,Indicates vision issues.,1
PAT-00455,2024-01-10 09:11:37,94.7,61,36.6,144/89,77,108.0,Patient denies any symptoms or discomfort.,0
PAT-00455,2024-01-11 10:40:51,94.7,59,37.4,114/82,80,108.0,Patient is feeling well with all parameters stable.,0
PAT-00455,2024-01-12 08:07:37,98.7,96,36.6,178/119,74,108.0,Patient describes vision issues.,1
PAT-00455,2024-01-13 10:46:03,97.9,110,36.2,182/108,72,108.0,"Reports palpitations, chest pain, severe headache. immediate attention may be needed.",1
PAT-00455,2024-01-14 09:55:50,95.6,77,37.3,139/94,87,108.0,No symptoms reported. Vitals are within expected range.,0
PAT-00455,2024-01-15 09:37:47,94.5,71,36.7,163/105,88,108.0,"This morning, headaches.",0
PAT-00455,2024-01-16 09:26:49,94.8,108,35.8,130/73,88,108.0,"This morning, anxiety, lowered energy.",0
PAT-00455,2024-01-17 09:00:21,96.0,110,36.8,181/119,104,108.0,"This morning, anxiety, chest pain, severe headache. immediate attention may be needed.",1
PAT-00455,2024-01-18 09:47:02,94.7,60,37.6,128/77,125,108.0,"This morning, night sweats.",0
PAT-00455,2024-01-19 08:32:19,93.6,102,38.9,130/85,71,108.0,"This morning, restlessness, chills, headache.",1
PAT-00455,2024-01-20 10:31:19,99.5,80,36.6,119/71,97,108.0,Patient is feeling well with all parameters stable.,0
PAT-00455,2024-01-21 10:04:27,96.5,51,37.3,110/82,100,108.0,Observes slow pulse.,1
PAT-00455,2024-01-22 10:37:43,97.7,58,36.8,126/78,99,108.0,Vitals remain within acceptable limits. No issues noted.,0
PAT-00455,2024-01-23 10:53:41,95.3,85,37.2,118/74,93,108.0,No symptoms reported. Vitals are within expected range.,0
PAT-00455,2024-01-24 10:56:05,98.8,97,36.9,118/72,126,108.0,Indicates dry mouth.,0
PAT-00455,2024-01-25 10:04:10,93.8,53,37.2,150/91,75,108.0,Notes slow pulse.,1
PAT-00455,2024-01-26 09:54:47,96.6,56,37.2,112/70,82,108.0,No symptoms reported. Vitals are within expected range.,0
PAT-00455,2024-01-27 10:33:31,95.7,64,36.9,126/71,98,108.0,Patient denies any symptoms or discomfort.,0
PAT-00455,2024-01-28 10:44:13,98.1,78,37.1,149/88,99,108.0,No significant complaints today.,0
PAT-00455,2024-01-29 10:30:46,95.0,95,37.9,129/74,106,108.0,Patient notes that mild fever.,0
PAT-00455,2024-01-30 09:15:33,96.7,103,38.7,112/71,92,108.0,"Patient notes that palpitations, chills, severe discomfort. immediate attention may be needed.",0
PAT-00456,2024-01-01 09:33:58,97.5,53,36.5,122/78,139,73.7,"Observes fatigue, blurred vision.",0
PAT-00456,2024-01-02 09:41:04,99.2,52,37.6,128/78,94,73.7,"Patient describes fatigue, mild fever.",0
PAT-00456,2024-01-03 08:29:46,95.2,75,37.3,150/90,115,73.7,Patient is feeling well with all parameters stable.,0
PAT-00456,2024-01-04 10:22:07,96.8,70,36.8,123/81,90,73.7,No symptoms reported. Vitals are within expected range.,0
PAT-00456,2024-01-05 10:09:09,98.1,65,37.2,127/73,70,73.7,Patient is feeling well with all parameters stable.,0
PAT-00456,2024-01-06 08:27:31,93.8,66,35.6,117/76,119,73.7,"This morning, mild coldness.",0
PAT-00456,2024-01-07 08:19:24,94.7,84,38.7,115/85,73,73.7,"Reports severe discomfort, fever. immediate attention may be needed.",1
PAT-00456,2024-01-08 10:56:30,92.6,93,35.6,125/72,84,73.7,Indicates mild coldness.,0
PAT-00456,2024-01-09 10:58:40,98.1,83,37.1,117/83,87,73.7,No symptoms reported. Vitals are within expected range.,0
PAT-00456,2024-01-10 08:46:33,95.0,83,36.9,127/85,84,73.7,Patient denies any symptoms or discomfort.,0
PAT-00456,2024-01-11 09:40:25,97.0,105,36.9,171/101,92,73.7,"Indicates restlessness, headaches.",0
PAT-00456,2024-01-12 08:40:38,96.6,101,35.6,188/104,115,73.7,"Patient describes restlessness, lowered energy, chest pain, severe headache. immediate attention may be needed.",0
PAT-00456,2024-01-13 08:45:21,98.1,96,38.6,115/79,76,73.7,"Patient notes that severe discomfort, muscle aches. immediate attention may be needed.",0
PAT-00456,2024-01-14 08:52:24,95.5,53,37.4,145/95,101,73.7,"Today, patient states slow pulse.",1
PAT-00456,2024-01-15 09:16:57,98.8,106,38.8,116/75,120,73.7,"Today, patient states restlessness, severe discomfort, chills. worsening symptoms present.",1
PAT-00456,2024-01-16 09:36:00,98.4,90,35.6,147/87,73,73.7,"This morning, mild coldness.",0
PAT-00456,2024-01-17 10:13:36,99.1,68,36.1,113/79,82,73.7,Vitals remain within acceptable limits. No issues noted.,0
PAT-00456,2024-01-18 09:02:10,99.0,107,35.5,110/79,76,73.7,"Observes anxiety, mild coldness.",1
PAT-00456,2024-01-19 08:32:57,97.4,92,37.2,125/84,117,73.7,Vitals remain within acceptable limits. No issues noted.,0
PAT-00456,2024-01-20 08:50:13,93.3,92,37.1,168/111,124,73.7,Reports chest tightness.,0
PAT-00456,2024-01-21 09:30:43,93.2,79,36.7,122/85,102,73.7,Patient is feeling well with all parameters stable.,0
PAT-00456,2024-01-22 10:22:57,93.9,102,37.2,165/119,74,73.7,"This morning, anxiety, vision issues.",0
PAT-00456,2024-01-23 09:04:41,95.9,91,37.6,122/70,77,73.7,Notes body aches.,0
PAT-00456,2024-01-24 09:35:13,93.8,108,37.1,113/70,115,73.7,"This morning, palpitations.",1
PAT-00456,2024-01-25 10:38:35,94.1,90,37.1,180/114,72,73.7,Notes headaches.,0
PAT-00456,2024-01-26 09:27:01,97.2,103,36.6,112/75,108,73.7,Patient describes anxiety.,1
PAT-00456,2024-01-27 10:29:24,93.9,90,36.0,129/78,85,73.7,Patient is feeling well with all parameters stable.,0
PAT-00456,2024-01-28 08:42:00,97.0,102,37.2,189/111,78,73.7,"Observes anxiety, chest pain, severe headache. immediate attention may be needed.",1
PAT-00456,2024-01-29 10:36:24,94.2,90,37.0,149/92,88,73.7,Patient is feeling well with all parameters stable.,0
PAT-00456,2024-01-30 10:23:57,97.2,55,35.7,115/72,145,73.7,"Indicates mild coldness, frequent urination.",0
PAT-00457,2024-01-01 09:07:09,96.0,70,36.6,129/70,101,65.1,No symptoms reported. Vitals are within expected range.,0
PAT-00457,2024-01-02 08:38:40,98.0,75,36.5,135/93,142,65.1,Indicates blurred vision.,0
PAT-00457,2024-01-03 08:55:32,95.4,91,35.7,170/106,91,65.1,"Today, patient states mild coldness, headaches.",1
PAT-00457,2024-01-04 08:18:25,97.9,80,37.3,110/85,111,65.1,No symptoms reported. Vitals are within expected range.,0
PAT-00457,2024-01-05 10:25:45,97.0,77,38.8,123/73,84,65.1,"Patient describes headache, severe discomfort. immediate attention may be needed.",0
PAT-00457,2024-01-06 08:39:40,96.8,93,38.8,186/106,99,65.1,"Observes chills, muscle aches, chest pain, severe headache. immediate attention may be needed.",1
PAT-00457,2024-01-07 09:53:20,91.9,106,37.2,112/84,88,65.1,"Patient notes that low energy, restlessness.",0
PAT-00457,2024-01-08 10:18:57,91.1,76,37.1,144/94,94,65.1,Patient notes that shortness of breath.,1
PAT-00457,2024-01-09 08:19:04,100.0,81,37.3,112/74,95,65.1,Vitals remain within acceptable limits. No issues noted.,0
PAT-00457,2024-01-10 10:35:28,92.6,98,36.0,178/111,116,65.1,Indicates headaches.,0
PAT-00457,2024-01-11 08:30:33,96.6,62,37.4,113/79,72,65.1,No symptoms reported. Vitals are within expected range.,0
PAT-00457,2024-01-12 09:07:32,94.8,54,36.7,111/82,99,65.1,Patient notes that lightheadedness.,1
PAT-00457,2024-01-13 08:40:32,95.6,75,36.4,147/91,172,65.1,"Indicates severe blurred vision, dry mouth, frequent urination. worsening symptoms present.",0
PAT-00457,2024-01-14 09:32:54,96.3,109,35.9,121/77,90,65.1,"Patient notes that restlessness, lowered energy.",0
PAT-00457,2024-01-15 08:41:20,95.6,59,37.0,117/76,164,65.1,"Today, patient states severe blurred vision, dry mouth, frequent urination. immediate attention may be needed.",1
PAT-00457,2024-01-16 08:26:29,96.0,56,37.0,130/92,160,65.1,"Today, patient states severe blurred vision, dry mouth, frequent urination. immediate attention may be needed.",0
PAT-00457,2024-01-17 10:48:11,96.2,109,35.9,119/70,106,65.1,"Notes restlessness, mild coldness.",0
PAT-00457,2024-01-18 10:06:26,97.6,64,36.0,174/107,91,65.1,"Today, patient states chest tightness.",1
PAT-00457,2024-01-19 08:41:01,94.7,84,36.2,129/82,115,65.1,No significant complaints today.,0
PAT-00457,2024-01-20 09:08:28,100.0,97,37.0,114/83,125,65.1,Patient denies any symptoms or discomfort.,0
PAT-00457,2024-01-21 09:05:05,98.7,94,37.1,117/83,76,65.1,Patient denies any symptoms or discomfort.,0
PAT-00457,2024-01-22 10:13:18,96.8,100,36.6,114/85,71,65.1,Patient is feeling well with all parameters stable.,0
PAT-00457,2024-01-23 10:16:56,93.8,81,38.4,137/95,99,65.1,"Patient notes that chills, headache.",1
PAT-00457,2024-01-24 08:15:38,94.1,50,36.9,115/82,111,65.1,Reports slow pulse.,0
PAT-00457,2024-01-25 08:07:14,92.9,59,36.4,117/82,105,65.1,Vitals remain within acceptable limits. No issues noted.,0
PAT-00457,2024-01-26 10:22:33,99.1,71,38.0,120/82,77,65.1,"Today, patient states severe discomfort, fever. worsening symptoms present.",1
PAT-00457,2024-01-27 10:18:32,93.2,52,37.1,123/78,147,65.1,"Patient describes lightheadedness, dry mouth.",0
PAT-00457,2024-01-28 09:30:53,95.9,66,37.4,121/85,76,65.1,Patient denies any symptoms or discomfort.,0
PAT-00457,2024-01-29 09:08:29,96.9,60,37.2,124/80,130,65.1,"This morning, dry mouth.",0
PAT-00457,2024-01-30 08:43:53,94.8,78,36.5,146/87,120,65.1,Patient denies any symptoms or discomfort.,0
PAT-00458,2024-01-01 08:29:59,97.8,105,35.6,166/111,87,68.0,"Indicates restlessness, lowered energy, vision issues.",0
PAT-00458,2024-01-02 10:56:50,95.5,71,37.3,124/82,97,68.0,No symptoms reported. Vitals are within expected range.,0
PAT-00458,2024-01-03 10:35:26,97.1,81,37.3,125/75,91,68.0,No significant complaints today.,0
PAT-00458,2024-01-04 08:23:00,99.0,110,36.2,141/93,89,68.0,Patient notes that palpitations.,0
PAT-00458,2024-01-05 10:58:14,97.2,79,36.0,144/86,73,68.0,Vitals remain within acceptable limits. No issues noted.,0
PAT-00458,2024-01-06 09:26:40,98.4,73,37.8,126/79,110,68.0,"This morning, night sweats.",0
PAT-00458,2024-01-07 08:45:11,97.3,62,36.8,118/78,145,68.0,"Today, patient states frequent urination.",0
PAT-00458,2024-01-08 09:31:21,96.5,60,36.8,130/72,112,68.0,No significant complaints today.,0
PAT-00458,2024-01-09 09:29:40,92.5,63,38.6,114/76,104,68.0,"Notes severe discomfort, fever. worsening symptoms present.",1
PAT-00458,2024-01-10 10:11:38,96.8,52,36.6,118/85,73,68.0,Observes slow pulse.,0
PAT-00458,2024-01-11 08:46:18,97.8,63,37.1,124/83,86,68.0,No symptoms reported. Vitals are within expected range.,0
PAT-00458,2024-01-12 09:04:28,95.9,61,36.4,110/70,113,68.0,Patient is feeling well with all parameters stable.,0
PAT-00458,2024-01-13 09:32:21,94.7,71,36.5,110/79,79,68.0,No symptoms reported. Vitals are within expected range.,0
PAT-00458,2024-01-14 08:58:46,98.0,103,37.1,125/75,105,68.0,Reports palpitations.,0
PAT-00458,2024-01-15 09:21:18,93.1,106,36.6,124/82,121,68.0,Observes restlessness.,1
PAT-00458,2024-01-16 10:05:41,97.8,101,36.5,129/82,151,68.0,"Notes anxiety, severe blurred vision, dry mouth, frequent urination. worsening symptoms present.",0
PAT-00458,2024-01-17 09:01:56,92.8,88,36.5,121/82,75,68.0,No significant complaints today.,0
PAT-00458,2024-01-18 09:29:02,97.5,104,38.3,121/77,80,68.0,"Patient describes palpitations, muscle aches, headache.",1
PAT-00458,2024-01-19 10:51:10,98.2,100,37.1,128/80,86,68.0,No symptoms reported. Vitals are within expected range.,0
PAT-00458,2024-01-20 09:13:02,95.2,76,36.5,183/113,82,68.0,"Today, patient states chest pain, severe headache. immediate attention may be needed.",1
PAT-00458,2024-01-21 09:17:51,94.1,84,36.0,114/84,88,68.0,Patient denies any symptoms or discomfort.,0
PAT-00458,2024-01-22 10:10:22,92.8,87,36.2,133/94,117,68.0,Patient is feeling well with all parameters stable.,0
PAT-00458,2024-01-23 09:35:26,98.6,87,37.2,115/72,96,68.0,Patient denies any symptoms or discomfort.,0
PAT-00458,2024-01-24 08:18:31,96.3,54,37.0,120/84,77,68.0,Notes fatigue.,1
PAT-00458,2024-01-25 09:22:04,97.0,53,37.2,133/85,73,68.0,Reports lightheadedness.,0
PAT-00458,2024-01-26 09:50:07,97.8,103,37.8,167/102,107,68.0,"Patient notes that palpitations, mild fever, chest tightness.",1
PAT-00458,2024-01-27 09:29:29,93.4,75,36.6,132/86,92,68.0,Patient is feeling well with all parameters stable.,0
PAT-00458,2024-01-28 10:08:58,97.4,61,37.4,168/104,87,68.0,Patient describes headaches.,0
PAT-00458,2024-01-29 09:56:41,96.8,102,38.5,137/88,104,68.0,"Patient describes restlessness, headache, chills.",1
PAT-00458,2024-01-30 09:24:09,97.0,94,35.7,148/91,80,68.0,Patient notes that mild coldness.,0
PAT-00459,2024-01-01 10:39:31,94.3,94,36.4,146/85,83,65.6,No significant complaints today.,0
PAT-00459,2024-01-02 10:47:49,97.4,63,38.5,122/83,83,65.6,"Patient notes that fever, chills.",0
PAT-00459,2024-01-03 10:46:03,94.9,65,38.9,148/89,101,65.6,"This morning, headache, chills.",0
PAT-00459,2024-01-04 08:50:17,98.5,94,36.9,141/86,79,65.6,No significant complaints today.,0
PAT-00459,2024-01-05 09:13:48,97.7,68,36.8,128/84,146,65.6,Patient notes that blurred vision.,0
PAT-00459,2024-01-06 09:36:21,99.6,88,37.2,134/90,75,65.6,Vitals remain within acceptable limits. No issues noted.,0
PAT-00459,2024-01-07 08:32:32,96.5,69,37.0,145/95,91,65.6,Vitals remain within acceptable limits. No issues noted.,0
PAT-00459,2024-01-08 10:05:07,98.0,74,35.9,142/88,95,65.6,Observes mild coldness.,0
PAT-00459,2024-01-09 09:06:35,94.1,81,37.3,130/72,81,65.6,No significant complaints today.,0
PAT-00459,2024-01-10 10:58:18,96.7,75,37.0,134/93,142,65.6,"This morning, blurred vision.",0
PAT-00459,2024-01-11 09:57:33,98.6,101,36.1,120/76,100,65.6,Reports palpitations.,1
PAT-00459,2024-01-12 08:25:12,97.2,88,36.2,144/91,100,65.6,No significant complaints today.,0
PAT-00459,2024-01-13 10:38:19,93.4,71,35.9,141/86,83,65.6,Reports mild coldness.,0
PAT-00459,2024-01-14 10:51:39,97.3,84,36.7,138/94,123,65.6,Patient denies any symptoms or discomfort.,0
PAT-00459,2024-01-15 08:12:10,96.4,82,36.7,127/84,98,65.6,No significant complaints today.,0
PAT-00459,2024-01-16 10:47:47,95.5,101,36.9,121/78,156,65.6,"Indicates palpitations, severe blurred vision, dry mouth, frequent urination. immediate attention may be needed.",0
PAT-00459,2024-01-17 09:42:28,95.8,61,36.4,112/85,86,65.6,No symptoms reported. Vitals are within expected range.,0
PAT-00459,2024-01-18 08:37:01,94.2,109,36.5,110/79,106,65.6,Indicates palpitations.,1
PAT-00459,2024-01-19 09:58:04,95.0,109,35.6,187/114,87,65.6,"This morning, restlessness, mild coldness, chest pain, severe headache. worsening symptoms present.",1
PAT-00459,2024-01-20 09:18:31,96.9,57,37.9,129/77,92,65.6,Observes mild fever.,0
PAT-00459,2024-01-21 09:05:07,90.4,105,38.6,178/113,73,65.6,"Indicates dizziness, anxiety, headache, severe discomfort, headaches. worsening symptoms present.",0
PAT-00459,2024-01-22 09:56:50,96.0,105,37.4,133/93,84,65.6,"This morning, palpitations.",1
PAT-00459,2024-01-23 09:34:53,91.4,85,35.8,146/88,85,65.6,"Patient notes that dizziness, lowered energy.",0
PAT-00459,2024-01-24 10:24:05,94.2,60,35.9,128/71,75,65.6,Indicates mild coldness.,0
PAT-00459,2024-01-25 08:19:45,94.8,103,37.0,125/79,159,65.6,"Patient notes that anxiety, severe blurred vision, dry mouth, frequent urination. immediate attention may be needed.",0
PAT-00459,2024-01-26 10:22:05,95.4,96,37.0,122/77,113,65.6,No symptoms reported. Vitals are within expected range.,0
PAT-00459,2024-01-27 08:31:39,97.2,102,37.0,149/88,132,65.6,"Indicates palpitations, dry mouth.",1
PAT-00459,2024-01-28 09:21:22,94.4,85,37.2,123/77,112,65.6,No significant complaints today.,0
PAT-00459,2024-01-29 09:45:36,94.4,98,38.0,118/71,92,65.6,"Today, patient states chills, severe discomfort. immediate attention may be needed.",1
PAT-00459,2024-01-30 09:02:10,97.6,72,35.8,133/88,97,65.6,Observes lowered energy.,0
PAT-00460,2024-01-01 08:20:11,94.0,66,36.6,130/76,131,99.3,Patient describes frequent urination.,0
PAT-00460,2024-01-02 08:54:37,98.0,104,36.2,110/73,101,99.3,"Today, patient states palpitations.",1
PAT-00460,2024-01-03 10:36:19,94.1,107,35.7,110/77,115,99.3,"Reports palpitations, lowered energy.",1
PAT-00460,2024-01-04 10:03:07,94.8,79,36.7,182/113,74,99.3,"This morning, chest pain, severe headache. immediate attention may be needed.",0
PAT-00460,2024-01-05 08:43:53,96.7,83,36.8,127/72,122,99.3,Patient denies any symptoms or discomfort.,0
PAT-00460,2024-01-06 10:35:23,97.1,51,37.2,146/91,95,99.3,Observes fatigue.,0
PAT-00460,2024-01-07 09:19:36,93.9,110,37.0,120/73,76,99.3,Patient notes that restlessness.,0
PAT-00460,2024-01-08 10:54:08,100.0,104,37.6,130/77,74,99.3,"Indicates palpitations, night sweats.",1
PAT-00460,2024-01-09 10:35:52,97.7,53,37.3,188/105,92,99.3,"Observes fatigue, chest pain, severe headache. immediate attention may be needed.",0
PAT-00460,2024-01-10 10:36:46,94.5,88,37.0,138/91,103,99.3,No symptoms reported. Vitals are within expected range.,0
PAT-00460,2024-01-11 09:46:50,98.0,70,36.5,110/75,111,99.3,Patient is feeling well with all parameters stable.,0
PAT-00460,2024-01-12 10:25:39,93.7,73,36.5,124/85,79,99.3,Vitals remain within acceptable limits. No issues noted.,0
PAT-00460,2024-01-13 09:43:32,96.3,85,37.1,128/83,124,99.3,Patient is feeling well with all parameters stable.,0
PAT-00460,2024-01-14 10:41:13,95.5,55,38.7,173/106,124,99.3,"Patient notes that muscle aches, chills, headaches.",0
PAT-00460,2024-01-15 08:27:37,97.0,59,37.0,124/72,154,99.3,"Notes severe blurred vision, dry mouth, frequent urination. immediate attention may be needed.",0
PAT-00460,2024-01-16 08:14:55,94.8,70,37.3,175/102,85,99.3,"This morning, headaches.",0
PAT-00460,2024-01-17 09:39:06,94.0,56,36.2,119/82,137,99.3,Patient describes blurred vision.,0
PAT-00460,2024-01-18 09:53:52,96.1,84,36.4,113/81,89,99.3,Patient is feeling well with all parameters stable.,0
PAT-00460,2024-01-19 09:23:49,94.9,52,35.5,189/107,93,99.3,"Today, patient states lightheadedness, mild coldness, chest pain, severe headache. worsening symptoms present.",1
PAT-00460,2024-01-20 08:06:01,96.0,94,37.1,122/78,76,99.3,Vitals remain within acceptable limits. No issues noted.,0
PAT-00460,2024-01-21 10:42:23,97.1,90,37.1,127/74,92,99.3,Patient is feeling well with all parameters stable.,0
PAT-00460,2024-01-22 08:10:49,95.8,109,37.0,148/86,93,99.3,Notes palpitations.,0
PAT-00460,2024-01-23 08:51:08,95.1,55,36.0,114/71,85,99.3,Patient is feeling well with all parameters stable.,0
PAT-00460,2024-01-24 10:18:27,95.1,98,37.6,127/73,86,99.3,Notes night sweats.,0
PAT-00460,2024-01-25 09:25:13,97.3,104,37.1,128/84,94,99.3,Patient describes palpitations.,0
PAT-00460,2024-01-26 09:10:35,95.9,100,35.8,110/83,148,99.3,"Observes lowered energy, frequent urination.",0
PAT-00460,2024-01-27 10:39:01,99.3,64,35.9,119/84,136,99.3,"Today, patient states mild coldness, blurred vision.",0
PAT-00460,2024-01-28 09:28:27,91.4,90,36.0,128/77,118,99.3,Patient describes low energy.,1
PAT-00460,2024-01-29 08:04:13,99.4,94,36.2,141/90,130,99.3,Patient describes dry mouth.,0
PAT-00460,2024-01-30 08:23:36,94.8,60,36.7,116/72,112,99.3,Patient denies any symptoms or discomfort.,0
PAT-00461,2024-01-01 10:12:46,95.8,74,36.9,177/101,86,56.3,Patient describes headaches.,0
PAT-00461,2024-01-02 08:52:50,97.9,60,36.5,160/116,90,56.3,Notes vision issues.,1
PAT-00461,2024-01-03 09:31:11,98.3,94,37.8,113/83,119,56.3,Reports mild fever.,0
PAT-00461,2024-01-04 08:07:01,96.5,65,36.8,141/86,86,56.3,Patient denies any symptoms or discomfort.,0
PAT-00461,2024-01-05 08:50:56,95.6,97,37.7,175/119,132,56.3,"Notes body aches, headaches, frequent urination.",0
PAT-00461,2024-01-06 09:33:17,97.3,95,37.2,145/87,72,56.3,Patient denies any symptoms or discomfort.,0
PAT-00461,2024-01-07 10:53:09,99.3,88,37.1,140/85,114,56.3,Patient is feeling well with all parameters stable.,0
PAT-00461,2024-01-08 08:00:42,92.6,107,35.8,162/110,178,56.3,"Indicates anxiety, mild coldness, vision issues, severe blurred vision, dry mouth, frequent urination. immediate attention may be needed.",1
PAT-00461,2024-01-09 08:07:42,95.0,96,38.2,137/90,84,56.3,"Patient notes that muscle aches, headache.",1
PAT-00461,2024-01-10 09:57:53,95.9,101,36.9,115/71,92,56.3,"Today, patient states restlessness.",0
PAT-00461,2024-01-11 09:02:17,97.6,81,37.3,140/93,70,56.3,Vitals remain within acceptable limits. No issues noted.,0
PAT-00461,2024-01-12 08:36:10,96.2,87,36.7,147/93,98,56.3,No symptoms reported. Vitals are within expected range.,0
PAT-00461,2024-01-13 09:37:39,94.8,74,35.9,121/80,163,56.3,"Reports lowered energy, severe blurred vision, dry mouth, frequent urination. immediate attention may be needed.",1
PAT-00461,2024-01-14 08:56:32,100.0,72,35.6,148/93,96,56.3,Patient describes mild coldness.,0
PAT-00461,2024-01-15 09:18:10,94.8,50,37.9,110/77,72,56.3,"Indicates fatigue, mild fever.",1
PAT-00461,2024-01-16 08:05:48,92.8,70,37.1,122/72,151,56.3,"Notes severe blurred vision, dry mouth, frequent urination. worsening symptoms present.",0
PAT-00461,2024-01-17 08:13:05,94.8,81,37.6,147/89,86,56.3,Patient describes body aches.,0
PAT-00461,2024-01-18 10:09:07,93.3,88,38.1,119/74,115,56.3,"Patient describes headache, fever.",0
PAT-00461,2024-01-19 09:34:57,98.9,68,37.2,114/80,103,56.3,Patient denies any symptoms or discomfort.,0
PAT-00461,2024-01-20 08:57:47,96.9,63,35.6,130/93,79,56.3,Patient notes that lowered energy.,0
PAT-00461,2024-01-21 09:40:45,95.4,52,37.6,166/105,109,56.3,"Patient notes that slow pulse, night sweats, headaches.",1
PAT-00461,2024-01-22 08:45:51,96.8,79,36.9,162/106,95,56.3,Notes headaches.,1
PAT-00461,2024-01-23 09:11:11,98.1,104,36.5,164/112,73,56.3,"This morning, anxiety, chest tightness.",0
PAT-00461,2024-01-24 10:35:36,92.9,88,37.0,116/81,88,56.3,No symptoms reported. Vitals are within expected range.,0
PAT-00461,2024-01-25 08:48:05,96.4,104,38.6,145/86,73,56.3,"This morning, restlessness, headache, severe discomfort. worsening symptoms present.",0
PAT-00461,2024-01-26 09:59:46,96.3,105,36.9,149/88,115,56.3,Reports palpitations.,1
PAT-00461,2024-01-27 09:54:47,100.0,75,36.0,130/77,81,56.3,No symptoms reported. Vitals are within expected range.,0
PAT-00461,2024-01-28 10:17:45,93.1,88,37.2,129/77,97,56.3,No significant complaints today.,0
PAT-00461,2024-01-29 09:24:39,94.3,56,36.4,111/73,115,56.3,No symptoms reported. Vitals are within expected range.,0
PAT-00461,2024-01-30 10:24:52,93.8,102,36.7,143/87,74,56.3,Notes palpitations.,1
PAT-00462,2024-01-01 08:36:47,97.4,60,38.3,124/73,147,75.4,"Patient describes fever, muscle aches, blurred vision.",1
PAT-00462,2024-01-02 08:56:31,92.7,83,36.3,124/83,122,75.4,No symptoms reported. Vitals are within expected range.,0
PAT-00462,2024-01-03 10:13:38,96.9,51,37.7,150/91,103,75.4,"Observes fatigue, body aches.",1
PAT-00462,2024-01-04 09:45:16,94.6,59,36.8,121/79,108,75.4,Vitals remain within acceptable limits. No issues noted.,0
PAT-00462,2024-01-05 10:11:51,94.8,90,35.5,136/95,116,75.4,"This morning, mild coldness.",0
PAT-00462,2024-01-06 10:43:49,97.5,50,37.2,118/74,172,75.4,"Notes lightheadedness, severe blurred vision, dry mouth, frequent urination. worsening symptoms present.",1
PAT-00462,2024-01-07 10:01:06,94.6,74,35.6,169/116,96,75.4,"Today, patient states mild coldness, vision issues.",0
PAT-00462,2024-01-08 08:44:33,98.1,93,36.1,117/74,84,75.4,Patient denies any symptoms or discomfort.,0
PAT-00462,2024-01-09 08:31:13,94.5,83,39.0,110/79,113,75.4,"Notes chills, headache.",1
PAT-00462,2024-01-10 08:16:42,95.5,66,36.1,140/92,152,75.4,"Patient describes severe blurred vision, dry mouth, frequent urination. immediate attention may be needed.",1
PAT-00462,2024-01-11 08:49:57,95.7,51,36.9,141/85,76,75.4,"Today, patient states fatigue.",0
PAT-00462,2024-01-12 10:16:54,95.5,96,36.6,184/106,116,75.4,"Notes chest pain, severe headache. immediate attention may be needed.",0
PAT-00462,2024-01-13 10:19:37,96.4,100,38.2,123/76,174,75.4,"Indicates headache, fever, severe blurred vision, dry mouth, frequent urination. immediate attention may be needed.",0
PAT-00462,2024-01-14 09:04:22,96.3,110,36.7,129/82,91,75.4,Indicates restlessness.,1
PAT-00462,2024-01-15 08:29:50,96.2,78,36.6,128/81,94,75.4,No significant complaints today.,0
PAT-00462,2024-01-16 09:27:09,93.4,93,36.4,115/75,87,75.4,Vitals remain within acceptable limits. No issues noted.,0
PAT-00462,2024-01-17 09:04:27,94.8,63,35.7,143/91,71,75.4,"Today, patient states mild coldness.",0
PAT-00462,2024-01-18 09:15:25,94.5,90,36.3,116/71,143,75.4,"This morning, frequent urination.",0
PAT-00462,2024-01-19 08:08:14,100.0,102,38.4,146/95,88,75.4,"Indicates anxiety, fever, chills.",0
PAT-00462,2024-01-20 09:22:52,96.3,104,37.8,128/70,120,75.4,"Today, patient states restlessness, mild fever.",1
PAT-00462,2024-01-21 08:36:38,96.7,62,36.8,120/75,131,75.4,Patient notes that dry mouth.,0
PAT-00462,2024-01-22 09:02:53,94.4,60,36.6,178/104,107,75.4,Patient notes that vision issues.,0
PAT-00462,2024-01-23 08:11:34,95.5,81,36.8,115/75,86,75.4,No significant complaints today.,0
PAT-00462,2024-01-24 09:45:42,95.4,93,36.5,118/73,87,75.4,Patient denies any symptoms or discomfort.,0
PAT-00462,2024-01-25 10:59:16,95.4,102,35.8,123/80,176,75.4,"Notes anxiety, mild coldness, severe blurred vision, dry mouth, frequent urination. immediate attention may be needed.",0
PAT-00462,2024-01-26 09:41:58,95.5,67,36.6,187/112,122,75.4,"Patient describes chest pain, severe headache. immediate attention may be needed.",1
PAT-00462,2024-01-27 09:12:35,96.5,50,37.8,179/106,96,75.4,"Today, patient states lightheadedness, night sweats, headaches.",1
PAT-00462,2024-01-28 10:13:18,93.4,50,37.3,110/77,174,75.4,"Today, patient states lightheadedness, severe blurred vision, dry mouth, frequent urination. immediate attention may be needed.",1
PAT-00462,2024-01-29 08:49:18,94.9,83,37.0,111/80,96,75.4,Patient is feeling well with all parameters stable.,0
PAT-00462,2024-01-30 09:53:33,98.0,109,37.1,118/78,94,75.4,Patient notes that restlessness.,0
PAT-00463,2024-01-01 09:12:05,94.0,109,36.2,111/81,81,54.7,Reports anxiety.,0
PAT-00463,2024-01-02 10:22:15,92.3,99,37.1,118/79,161,54.7,"Patient notes that severe blurred vision, dry mouth, frequent urination. worsening symptoms present.",1
PAT-00463,2024-01-03 10:01:52,91.1,50,37.4,144/87,85,54.7,"Patient notes that low energy, fatigue.",1
PAT-00463,2024-01-04 08:26:37,92.2,73,36.4,110/79,73,54.7,No symptoms reported. Vitals are within expected range.,0
PAT-00463,2024-01-05 09:17:41,95.7,83,36.8,161/115,79,54.7,Patient notes that chest tightness.,1
PAT-00463,2024-01-06 08:22:28,97.8,52,39.0,121/72,93,54.7,"Patient describes lightheadedness, fever, severe discomfort. worsening symptoms present.",0
PAT-00463,2024-01-07 08:42:45,98.6,74,37.6,120/75,125,54.7,Notes body aches.,0
PAT-00463,2024-01-08 09:21:33,98.2,64,37.2,124/80,77,54.7,Vitals remain within acceptable limits. No issues noted.,0
PAT-00463,2024-01-09 08:14:47,97.6,80,36.0,124/72,75,54.7,No significant complaints today.,0
PAT-00463,2024-01-10 08:58:38,95.7,59,36.4,129/77,83,54.7,Patient denies any symptoms or discomfort.,0
PAT-00463,2024-01-11 10:18:06,99.3,56,36.9,116/80,88,54.7,Vitals remain within acceptable limits. No issues noted.,0
PAT-00463,2024-01-12 10:23:52,95.8,89,36.8,142/86,81,54.7,No symptoms reported. Vitals are within expected range.,0
PAT-00463,2024-01-13 10:00:04,94.3,61,36.9,114/74,94,54.7,Patient denies any symptoms or discomfort.,0
PAT-00463,2024-01-14 09:50:39,95.1,67,36.4,160/115,78,54.7,"Today, patient states vision issues.",1
PAT-00463,2024-01-15 09:24:35,96.8,85,37.3,113/71,141,54.7,Notes blurred vision.,0
PAT-00463,2024-01-16 08:28:14,93.2,88,35.6,120/82,80,54.7,Patient describes lowered energy.,0
PAT-00463,2024-01-17 10:56:35,96.6,95,36.5,114/76,80,54.7,Vitals remain within acceptable limits. No issues noted.,0
PAT-00463,2024-01-18 09:03:37,96.1,87,37.0,115/81,90,54.7,Vitals remain within acceptable limits. No issues noted.,0
PAT-00463,2024-01-19 08:19:31,97.5,55,37.3,126/72,112,54.7,Patient denies any symptoms or discomfort.,0
PAT-00463,2024-01-20 09:10:12,98.1,88,36.0,130/85,98,54.7,Patient denies any symptoms or discomfort.,0
PAT-00463,2024-01-21 08:50:13,99.3,100,37.4,115/70,88,54.7,Vitals remain within acceptable limits. No issues noted.,0
PAT-00463,2024-01-22 10:53:54,95.8,93,36.6,144/89,89,54.7,No symptoms reported. Vitals are within expected range.,0
PAT-00463,2024-01-23 09:23:11,93.9,57,37.3,129/83,73,54.7,No significant complaints today.,0
PAT-00463,2024-01-24 10:48:42,97.1,65,37.7,114/70,76,54.7,"This morning, body aches.",0
PAT-00463,2024-01-25 08:06:42,96.6,102,37.1,112/79,86,54.7,Reports palpitations.,0
PAT-00463,2024-01-26 10:16:20,94.5,95,36.6,125/82,91,54.7,No symptoms reported. Vitals are within expected range.,0
PAT-00463,2024-01-27 10:26:23,95.2,61,36.4,111/79,124,54.7,No symptoms reported. Vitals are within expected range.,0
PAT-00463,2024-01-28 08:27:18,96.9,71,37.5,146/86,95,54.7,Indicates night sweats.,0
PAT-00463,2024-01-29 10:56:08,94.7,64,35.7,148/89,92,54.7,Notes mild coldness.,0
PAT-00463,2024-01-30 08:50:09,93.1,82,36.8,136/95,72,54.7,Patient is feeling well with all parameters stable.,0
PAT-00464,2024-01-01 09:59:05,94.8,87,37.3,182/107,99,81.9,"Patient describes chest pain, severe headache. worsening symptoms present.",0
PAT-00464,2024-01-02 10:37:30,93.6,104,37.5,167/103,75,81.9,"Patient describes restlessness, night sweats, chest tightness.",1
PAT-00464,2024-01-03 10:21:18,96.0,61,37.0,143/88,103,81.9,Patient is feeling well with all parameters stable.,0
PAT-00464,2024-01-04 09:22:40,95.3,55,35.7,113/73,118,81.9,"This morning, lowered energy.",0
PAT-00464,2024-01-05 08:28:42,93.3,65,37.9,124/74,100,81.9,Patient notes that night sweats.,0
PAT-00464,2024-01-06 09:52:07,95.1,89,36.8,149/89,163,81.9,"Indicates severe blurred vision, dry mouth, frequent urination. immediate attention may be needed.",1
PAT-00464,2024-01-07 09:12:27,94.1,52,36.2,182/101,75,81.9,"Reports fatigue, chest pain, severe headache. immediate attention may be needed.",1
PAT-00464,2024-01-08 10:55:25,94.7,75,35.8,130/74,99,81.9,"This morning, lowered energy.",0
PAT-00464,2024-01-09 08:07:46,95.5,77,37.2,174/101,122,81.9,Patient notes that headaches.,0
PAT-00464,2024-01-10 08:50:52,94.1,105,36.5,119/71,107,81.9,Indicates restlessness.,0
PAT-00464,2024-01-11 08:47:19,95.6,57,37.0,121/79,122,81.9,Patient is feeling well with all parameters stable.,0
PAT-00464,2024-01-12 08:04:56,94.3,73,36.0,129/83,149,81.9,"Today, patient states blurred vision.",0
PAT-00464,2024-01-13 08:42:01,92.6,70,36.3,114/85,179,81.9,"Patient describes severe blurred vision, dry mouth, frequent urination. immediate attention may be needed.",1
PAT-00464,2024-01-14 10:02:34,96.2,56,36.6,124/82,170,81.9,"Notes severe blurred vision, dry mouth, frequent urination. immediate attention may be needed.",1
PAT-00464,2024-01-15 09:39:45,95.9,83,37.3,168/116,94,81.9,"This morning, vision issues.",1
PAT-00464,2024-01-16 09:07:55,98.3,59,38.2,113/72,126,81.9,"Patient describes headache, fever, blurred vision.",0
PAT-00464,2024-01-17 10:52:15,95.7,61,36.6,186/115,86,81.9,"Today, patient states chest pain, severe headache. worsening symptoms present.",1
PAT-00464,2024-01-18 08:25:11,97.2,59,36.5,126/80,93,81.9,Vitals remain within acceptable limits. No issues noted.,0
PAT-00464,2024-01-19 09:19:34,95.1,83,36.5,136/85,123,81.9,No significant complaints today.,0
PAT-00464,2024-01-20 10:53:22,99.1,106,37.0,119/80,118,81.9,"Today, patient states palpitations.",1
PAT-00464,2024-01-21 10:29:01,96.1,98,36.6,130/75,81,81.9,No significant complaints today.,0
PAT-00464,2024-01-22 10:31:02,99.8,82,36.5,149/92,86,81.9,Patient is feeling well with all parameters stable.,0
PAT-00464,2024-01-23 10:09:13,96.3,70,37.4,176/118,73,81.9,Patient describes headaches.,0
PAT-00464,2024-01-24 10:40:26,96.4,101,36.6,112/72,171,81.9,"This morning, anxiety, severe blurred vision, dry mouth, frequent urination. worsening symptoms present.",0
PAT-00464,2024-01-25 09:23:13,94.4,89,37.7,162/110,92,81.9,"Patient describes night sweats, vision issues.",1
PAT-00464,2024-01-26 08:56:56,98.3,78,36.8,110/71,78,81.9,No significant complaints today.,0
PAT-00464,2024-01-27 09:27:54,93.7,84,37.8,125/85,81,81.9,Observes night sweats.,0
PAT-00464,2024-01-28 08:59:42,96.7,60,36.0,117/84,122,81.9,Vitals remain within acceptable limits. No issues noted.,0
PAT-00464,2024-01-29 09:59:24,96.5,66,37.0,178/114,110,81.9,Notes vision issues.,0
PAT-00464,2024-01-30 10:41:03,95.9,73,36.8,147/94,109,81.9,Patient denies any symptoms or discomfort.,0
PAT-00465,2024-01-01 08:33:43,95.2,69,36.4,110/80,87,113.3,Vitals remain within acceptable limits. No issues noted.,0
PAT-00465,2024-01-02 08:29:19,95.4,81,36.8,150/90,95,113.3,Patient is feeling well with all parameters stable.,0
PAT-00465,2024-01-03 08:42:55,97.4,85,37.9,134/86,70,113.3,Reports body aches.,0
PAT-00465,2024-01-04 08:57:25,94.6,60,37.1,184/117,94,113.3,"Indicates chest pain, severe headache. immediate attention may be needed.",0
PAT-00465,2024-01-05 10:28:16,95.8,83,37.1,148/87,74,113.3,No symptoms reported. Vitals are within expected range.,0
PAT-00465,2024-01-06 08:56:41,93.3,77,36.8,118/78,103,113.3,Patient denies any symptoms or discomfort.,0
PAT-00465,2024-01-07 10:57:27,97.5,68,35.9,121/84,98,113.3,Observes lowered energy.,0
PAT-00465,2024-01-08 09:10:53,93.5,78,36.8,112/80,81,113.3,Patient denies any symptoms or discomfort.,0
PAT-00465,2024-01-09 09:08:46,95.4,76,38.2,179/105,178,113.3,"Today, patient states muscle aches, headache, headaches, severe blurred vision, dry mouth, frequent urination. worsening symptoms present.",1
PAT-00465,2024-01-10 09:47:48,93.7,56,38.8,174/119,94,113.3,"Patient notes that severe discomfort, muscle aches, headaches. immediate attention may be needed.",0
PAT-00465,2024-01-11 10:08:52,96.4,68,37.0,172/105,73,113.3,Patient notes that headaches.,0
PAT-00465,2024-01-12 08:03:40,97.0,107,36.8,116/73,72,113.3,"Today, patient states anxiety.",1
PAT-00465,2024-01-13 08:11:15,96.3,88,35.8,112/85,147,113.3,"Reports lowered energy, frequent urination.",0
PAT-00465,2024-01-14 10:10:31,97.7,102,35.8,124/83,180,113.3,"Reports anxiety, lowered energy, severe blurred vision, dry mouth, frequent urination. worsening symptoms present.",0
PAT-00465,2024-01-15 09:00:30,96.5,91,36.1,149/91,76,113.3,Vitals remain within acceptable limits. No issues noted.,0
PAT-00465,2024-01-16 09:00:31,90.1,76,36.1,114/77,82,113.3,Indicates dizziness.,1
PAT-00465,2024-01-17 08:40:19,97.1,50,36.4,179/111,71,113.3,"Notes lightheadedness, headaches.",0
PAT-00465,2024-01-18 08:57:51,100.0,107,36.6,124/75,107,113.3,Observes anxiety.,0
PAT-00465,2024-01-19 09:42:33,95.7,73,36.5,132/90,119,113.3,No symptoms reported. Vitals are within expected range.,0
PAT-00465,2024-01-20 09:52:46,96.8,69,37.0,115/76,125,113.3,No symptoms reported. Vitals are within expected range.,0
PAT-00465,2024-01-21 10:03:35,96.2,63,37.0,130/73,82,113.3,Patient denies any symptoms or discomfort.,0
PAT-00465,2024-01-22 08:39:27,95.0,110,37.1,139/95,159,113.3,"Patient describes restlessness, severe blurred vision, dry mouth, frequent urination. worsening symptoms present.",0
PAT-00465,2024-01-23 08:48:39,94.7,96,37.8,114/74,76,113.3,Indicates night sweats.,0
PAT-00465,2024-01-24 09:56:36,98.8,50,36.5,126/77,142,113.3,"Patient describes slow pulse, dry mouth.",0
PAT-00465,2024-01-25 08:59:18,96.8,95,36.5,129/82,99,113.3,Patient is feeling well with all parameters stable.,0
PAT-00465,2024-01-26 08:53:15,94.7,98,37.5,149/88,79,113.3,"Today, patient states mild fever.",0
PAT-00465,2024-01-27 08:02:20,92.9,102,36.0,126/74,73,113.3,Reports anxiety.,1
PAT-00465,2024-01-28 08:13:04,100.0,61,36.1,117/70,86,113.3,Patient denies any symptoms or discomfort.,0
PAT-00465,2024-01-29 08:38:12,98.9,103,37.0,119/73,77,113.3,Observes palpitations.,0
PAT-00465,2024-01-30 08:58:44,98.8,64,38.0,115/71,116,113.3,"Indicates chills, muscle aches.",1
PAT-00466,2024-01-01 10:05:02,96.9,61,36.9,130/75,152,94.1,"This morning, severe blurred vision, dry mouth, frequent urination. worsening symptoms present.",0
PAT-00466,2024-01-02 08:08:25,100.0,57,35.9,140/95,77,94.1,"This morning, lowered energy.",0
PAT-00466,2024-01-03 10:28:32,96.2,98,38.8,146/90,112,94.1,"Indicates fever, chills.",1
PAT-00466,2024-01-04 10:38:05,93.9,75,35.5,142/85,113,94.1,"Today, patient states lowered energy.",0
PAT-00466,2024-01-05 09:16:11,98.6,90,36.7,113/73,115,94.1,Patient denies any symptoms or discomfort.,0
PAT-00466,2024-01-06 10:38:08,95.1,62,36.8,138/91,133,94.1,Reports blurred vision.,0
PAT-00466,2024-01-07 10:12:36,93.2,63,36.9,189/106,79,94.1,"This morning, chest pain, severe headache. worsening symptoms present.",1
PAT-00466,2024-01-08 08:07:20,93.6,66,36.7,111/83,103,94.1,Patient denies any symptoms or discomfort.,0
PAT-00466,2024-01-09 09:40:47,94.2,53,36.9,115/77,93,94.1,Reports slow pulse.,0
PAT-00466,2024-01-10 10:10:03,95.9,92,36.6,139/93,114,94.1,No significant complaints today.,0
PAT-00466,2024-01-11 09:18:52,93.7,72,36.5,114/81,165,94.1,"Indicates severe blurred vision, dry mouth, frequent urination. worsening symptoms present.",0
PAT-00466,2024-01-12 09:56:01,97.0,63,37.0,140/86,85,94.1,No significant complaints today.,0
PAT-00466,2024-01-13 10:13:22,97.6,72,37.0,134/93,75,94.1,No symptoms reported. Vitals are within expected range.,0
PAT-00466,2024-01-14 09:52:17,100.0,60,37.1,127/77,110,94.1,Patient is feeling well with all parameters stable.,0
PAT-00466,2024-01-15 08:47:07,95.1,54,36.2,130/81,73,94.1,Notes fatigue.,1
PAT-00466,2024-01-16 10:42:57,94.1,87,37.1,145/91,84,94.1,Vitals remain within acceptable limits. No issues noted.,0
PAT-00466,2024-01-17 10:17:29,93.6,88,36.9,150/94,119,94.1,Vitals remain within acceptable limits. No issues noted.,0
PAT-00466,2024-01-18 08:23:45,96.3,84,37.1,132/89,81,94.1,No symptoms reported. Vitals are within expected range.,0
PAT-00466,2024-01-19 10:04:32,95.1,89,37.1,119/75,78,94.1,No symptoms reported. Vitals are within expected range.,0
PAT-00466,2024-01-20 08:47:01,95.1,57,36.5,131/87,87,94.1,Vitals remain within acceptable limits. No issues noted.,0
PAT-00466,2024-01-21 08:46:37,97.7,100,36.6,122/76,77,94.1,No significant complaints today.,0
PAT-00466,2024-01-22 09:59:40,95.8,54,36.6,129/80,100,94.1,"This morning, slow pulse.",0
PAT-00466,2024-01-23 08:19:49,94.9,107,36.4,112/83,108,94.1,Reports restlessness.,0
PAT-00466,2024-01-24 08:23:04,94.8,60,36.6,138/86,136,94.1,Indicates blurred vision.,0
PAT-00466,2024-01-25 09:06:19,96.9,99,35.6,110/75,75,94.1,Reports mild coldness.,0
PAT-00466,2024-01-26 10:06:07,95.6,63,36.5,148/87,92,94.1,No significant complaints today.,0
PAT-00466,2024-01-27 08:02:00,95.7,90,36.7,128/73,93,94.1,No significant complaints today.,0
PAT-00466,2024-01-28 09:45:32,95.1,70,36.7,138/91,123,94.1,No significant complaints today.,0
PAT-00466,2024-01-29 09:55:30,96.6,76,36.7,129/85,73,94.1,Vitals remain within acceptable limits. No issues noted.,0
PAT-00466,2024-01-30 09:41:25,92.2,74,37.1,135/92,72,94.1,Vitals remain within acceptable limits. No issues noted.,0
PAT-00467,2024-01-01 09:32:32,96.2,55,37.2,116/84,83,105.5,Vitals remain within acceptable limits. No issues noted.,0
PAT-00467,2024-01-02 08:24:33,94.0,76,36.2,169/112,97,105.5,"This morning, chest tightness.",1
PAT-00467,2024-01-03 10:26:37,98.0,96,36.6,125/84,142,105.5,Notes dry mouth.,0
PAT-00467,2024-01-04 10:01:37,95.5,78,35.5,125/75,77,105.5,Patient notes that lowered energy.,0
PAT-00467,2024-01-05 09:34:17,94.4,102,36.7,144/93,151,105.5,"Reports anxiety, severe blurred vision, dry mouth, frequent urination. immediate attention may be needed.",0
PAT-00467,2024-01-06 08:34:40,92.9,95,38.1,134/89,103,105.5,"This morning, fever, severe discomfort. immediate attention may be needed.",1
PAT-00467,2024-01-07 08:57:27,94.2,91,38.2,111/80,171,105.5,"Patient notes that headache, chills, severe blurred vision, dry mouth, frequent urination. immediate attention may be needed.",0
PAT-00467,2024-01-08 09:19:42,97.3,50,36.5,178/109,70,105.5,"This morning, slow pulse, headaches.",1
PAT-00467,2024-01-09 09:48:53,98.8,102,37.6,150/90,95,105.5,"This morning, anxiety, mild fever.",1
PAT-00467,2024-01-10 09:25:02,95.5,84,37.0,149/91,79,105.5,Vitals remain within acceptable limits. No issues noted.,0
PAT-00467,2024-01-11 10:55:44,94.6,52,37.8,122/71,76,105.5,"Notes slow pulse, night sweats.",0
PAT-00467,2024-01-12 08:52:56,96.2,74,37.0,118/80,81,105.5,Patient denies any symptoms or discomfort.,0
PAT-00467,2024-01-13 08:44:16,94.5,55,35.8,146/94,131,105.5,"Today, patient states lowered energy, blurred vision.",0
PAT-00467,2024-01-14 09:04:56,95.0,87,37.0,141/95,84,105.5,Patient denies any symptoms or discomfort.,0
PAT-00467,2024-01-15 08:11:09,98.4,103,37.1,118/84,86,105.5,Notes restlessness.,0
PAT-00467,2024-01-16 09:24:12,100.0,94,37.0,149/89,94,105.5,No significant complaints today.,0
PAT-00467,2024-01-17 09:59:19,96.8,109,36.5,137/93,161,105.5,"Indicates palpitations, severe blurred vision, dry mouth, frequent urination. worsening symptoms present.",0
PAT-00467,2024-01-18 09:12:04,92.3,90,38.7,130/86,75,105.5,"Today, patient states chills, muscle aches.",0
PAT-00467,2024-01-19 09:11:16,96.5,88,36.3,129/81,81,105.5,Vitals remain within acceptable limits. No issues noted.,0
PAT-00467,2024-01-20 10:41:37,94.6,87,37.0,119/83,88,105.5,Vitals remain within acceptable limits. No issues noted.,0
PAT-00467,2024-01-21 10:15:14,98.5,85,37.3,128/85,123,105.5,Patient is feeling well with all parameters stable.,0
PAT-00467,2024-01-22 08:04:26,95.6,109,38.8,163/107,80,105.5,"Observes anxiety, severe discomfort, fever, headaches. immediate attention may be needed.",0
PAT-00467,2024-01-23 10:05:32,99.1,69,37.7,144/85,85,105.5,Patient describes mild fever.,0
PAT-00467,2024-01-24 09:20:22,97.6,86,36.1,118/71,98,105.5,No significant complaints today.,0
PAT-00467,2024-01-25 08:55:49,97.0,54,38.4,147/91,155,105.5,"Observes slow pulse, fever, chills, severe blurred vision, dry mouth, frequent urination. immediate attention may be needed.",1
PAT-00467,2024-01-26 10:52:47,94.1,98,37.1,112/82,74,105.5,Vitals remain within acceptable limits. No issues noted.,0
PAT-00467,2024-01-27 08:09:24,97.8,75,35.9,186/118,119,105.5,"Reports mild coldness, chest pain, severe headache. worsening symptoms present.",0
PAT-00467,2024-01-28 09:53:26,93.9,92,36.1,146/95,118,105.5,No symptoms reported. Vitals are within expected range.,0
PAT-00467,2024-01-29 08:28:40,96.0,68,36.1,163/100,91,105.5,Notes vision issues.,0
PAT-00467,2024-01-30 08:49:36,97.6,52,36.3,173/100,158,105.5,"This morning, fatigue, chest tightness, severe blurred vision, dry mouth, frequent urination. immediate attention may be needed.",1
PAT-00468,2024-01-01 09:34:33,95.5,86,36.4,125/70,118,91.9,No symptoms reported. Vitals are within expected range.,0
PAT-00468,2024-01-02 10:44:02,96.4,107,35.9,112/82,175,91.9,"Observes anxiety, mild coldness, severe blurred vision, dry mouth, frequent urination. immediate attention may be needed.",0
PAT-00468,2024-01-03 08:23:11,96.9,99,37.1,130/76,161,91.9,"Today, patient states severe blurred vision, dry mouth, frequent urination. immediate attention may be needed.",1
PAT-00468,2024-01-04 08:39:00,98.2,53,37.1,126/75,131,91.9,"Observes fatigue, frequent urination.",0
PAT-00468,2024-01-05 09:06:03,98.5,85,36.5,113/77,75,91.9,No significant complaints today.,0
PAT-00468,2024-01-06 09:30:51,99.7,110,37.5,190/106,74,91.9,"Patient describes restlessness, body aches, chest pain, severe headache. worsening symptoms present.",0
PAT-00468,2024-01-07 09:03:48,95.4,74,36.7,133/89,176,91.9,"Patient notes that severe blurred vision, dry mouth, frequent urination. worsening symptoms present.",1
PAT-00468,2024-01-08 10:49:08,95.3,52,36.6,116/76,156,91.9,"Today, patient states lightheadedness, severe blurred vision, dry mouth, frequent urination. worsening symptoms present.",0
PAT-00468,2024-01-09 10:01:38,94.5,71,37.8,111/70,125,91.9,Indicates body aches.,0
PAT-00468,2024-01-10 08:54:43,93.9,50,35.9,163/111,164,91.9,"Reports fatigue, lowered energy, vision issues, severe blurred vision, dry mouth, frequent urination. worsening symptoms present.",1
PAT-00468,2024-01-11 09:36:30,93.9,50,36.8,136/92,75,91.9,Notes lightheadedness.,1
PAT-00468,2024-01-12 08:51:39,94.7,71,37.0,181/119,109,91.9,"Observes chest pain, severe headache. immediate attention may be needed.",0
PAT-00468,2024-01-13 09:58:07,93.5,108,37.0,117/77,175,91.9,"Patient notes that restlessness, severe blurred vision, dry mouth, frequent urination. immediate attention may be needed.",0
PAT-00468,2024-01-14 08:23:23,97.5,61,36.7,185/120,136,91.9,"Indicates chest pain, severe headache, dry mouth. immediate attention may be needed.",0
PAT-00468,2024-01-15 09:59:39,94.9,110,36.5,125/72,88,91.9,Notes anxiety.,0
PAT-00468,2024-01-16 08:13:17,96.6,62,38.6,117/71,113,91.9,"Observes chills, severe discomfort. worsening symptoms present.",1
PAT-00468,2024-01-17 10:32:57,97.1,96,36.9,150/94,76,91.9,Patient is feeling well with all parameters stable.,0
PAT-00468,2024-01-18 08:49:54,100.0,68,36.5,118/82,72,91.9,No significant complaints today.,0
PAT-00468,2024-01-19 10:24:13,97.2,57,37.3,183/101,75,91.9,"Indicates chest pain, severe headache. immediate attention may be needed.",0
PAT-00468,2024-01-20 08:20:15,97.9,76,36.7,113/81,75,91.9,Vitals remain within acceptable limits. No issues noted.,0
PAT-00468,2024-01-21 08:33:17,96.2,75,36.5,119/82,102,91.9,Vitals remain within acceptable limits. No issues noted.,0
PAT-00468,2024-01-22 09:00:21,98.5,50,36.8,130/76,96,91.9,Patient describes fatigue.,0
PAT-00468,2024-01-23 10:12:24,92.4,87,37.3,113/75,76,91.9,No symptoms reported. Vitals are within expected range.,0
PAT-00468,2024-01-24 09:27:23,93.3,50,36.9,113/75,86,91.9,Patient describes slow pulse.,0
PAT-00468,2024-01-25 09:43:44,95.7,74,38.3,135/86,104,91.9,"This morning, fever, chills.",0
PAT-00468,2024-01-26 09:09:21,97.0,62,36.6,115/79,135,91.9,Indicates dry mouth.,0
PAT-00468,2024-01-27 10:01:43,95.7,98,37.7,133/88,120,91.9,"This morning, mild fever.",0
PAT-00468,2024-01-28 09:25:06,94.3,105,37.4,119/82,93,91.9,Observes anxiety.,1
PAT-00468,2024-01-29 09:00:13,93.9,55,36.9,123/83,82,91.9,No significant complaints today.,0
PAT-00468,2024-01-30 09:25:08,96.2,95,36.9,176/117,80,91.9,Reports vision issues.,0
PAT-00469,2024-01-01 08:56:10,96.6,59,37.2,183/104,114,82.0,"Patient notes that chest pain, severe headache. immediate attention may be needed.",0
PAT-00469,2024-01-02 09:06:52,96.9,62,36.6,129/81,87,82.0,Patient denies any symptoms or discomfort.,0
PAT-00469,2024-01-03 08:05:13,96.1,96,37.7,150/90,90,82.0,Observes mild fever.,0
PAT-00469,2024-01-04 10:25:17,96.5,81,35.8,115/76,175,82.0,"Reports lowered energy, severe blurred vision, dry mouth, frequent urination. immediate attention may be needed.",0
PAT-00469,2024-01-05 09:25:28,94.4,77,37.4,145/92,72,82.0,Patient is feeling well with all parameters stable.,0
PAT-00469,2024-01-06 09:38:54,94.8,105,35.9,137/85,85,82.0,"Indicates palpitations, lowered energy.",0
PAT-00469,2024-01-07 09:38:43,94.2,102,38.1,149/88,78,82.0,"Observes restlessness, muscle aches, chills.",1
PAT-00469,2024-01-08 08:20:05,98.1,96,38.1,177/102,100,82.0,"Patient notes that fever, muscle aches, vision issues.",1
PAT-00469,2024-01-09 09:55:15,94.8,54,36.1,162/120,147,82.0,"This morning, fatigue, headaches, blurred vision.",0
PAT-00469,2024-01-10 09:10:51,96.1,65,36.4,128/83,78,82.0,Patient denies any symptoms or discomfort.,0
PAT-00469,2024-01-11 10:10:07,95.5,73,36.8,140/86,113,82.0,No significant complaints today.,0
PAT-00469,2024-01-12 08:28:52,96.3,68,37.2,112/81,126,82.0,"This morning, dry mouth.",0
PAT-00469,2024-01-13 10:56:41,94.9,78,36.4,140/89,75,82.0,No significant complaints today.,0
PAT-00469,2024-01-14 10:32:08,95.8,78,35.6,183/107,93,82.0,"Notes mild coldness, chest pain, severe headache. worsening symptoms present.",1
PAT-00469,2024-01-15 08:49:41,97.0,50,36.0,125/72,126,82.0,"Notes lightheadedness, blurred vision.",0
PAT-00469,2024-01-16 08:24:22,94.9,67,37.6,129/71,107,82.0,Reports body aches.,0
PAT-00469,2024-01-17 10:21:39,95.8,56,36.0,111/77,124,82.0,No significant complaints today.,0
PAT-00469,2024-01-18 09:31:42,93.9,61,37.6,120/80,86,82.0,"Today, patient states body aches.",0
PAT-00469,2024-01-19 08:27:29,94.5,55,38.9,110/71,79,82.0,"Reports muscle aches, headache.",0
PAT-00469,2024-01-20 09:17:35,96.4,104,36.7,116/78,93,82.0,"This morning, palpitations.",1
PAT-00469,2024-01-21 09:38:11,95.7,97,36.7,147/93,97,82.0,No significant complaints today.,0
PAT-00469,2024-01-22 08:47:01,94.9,90,37.1,110/79,83,82.0,Vitals remain within acceptable limits. No issues noted.,0
PAT-00469,2024-01-23 10:29:05,94.7,81,36.9,118/80,180,82.0,"Indicates severe blurred vision, dry mouth, frequent urination. worsening symptoms present.",0
PAT-00469,2024-01-24 10:25:14,91.1,95,36.9,111/83,84,82.0,Reports dizziness.,0
PAT-00469,2024-01-25 09:49:04,92.6,103,35.8,114/82,89,82.0,"This morning, palpitations, mild coldness.",0
PAT-00469,2024-01-26 09:12:51,95.2,79,36.6,146/88,97,82.0,No significant complaints today.,0
PAT-00469,2024-01-27 08:02:30,92.8,84,36.8,130/85,122,82.0,Patient is feeling well with all parameters stable.,0
PAT-00469,2024-01-28 08:10:01,97.3,54,37.0,135/91,75,82.0,Patient notes that slow pulse.,0
PAT-00469,2024-01-29 09:15:28,95.8,100,38.9,122/78,83,82.0,"This morning, severe discomfort, headache. immediate attention may be needed.",0
PAT-00469,2024-01-30 10:11:04,96.9,76,36.6,130/71,74,82.0,No symptoms reported. Vitals are within expected range.,0
PAT-00470,2024-01-01 09:41:43,91.7,62,36.2,173/105,91,61.9,"This morning, dizziness, chest tightness.",0
PAT-00470,2024-01-02 08:38:23,95.2,79,37.0,136/87,87,61.9,Patient denies any symptoms or discomfort.,0
PAT-00470,2024-01-03 08:58:52,96.2,54,36.4,122/83,122,61.9,"This morning, lightheadedness.",0
PAT-00470,2024-01-04 10:45:42,96.9,57,36.9,128/70,74,61.9,No symptoms reported. Vitals are within expected range.,0
PAT-00470,2024-01-05 09:36:38,96.2,55,35.8,113/84,85,61.9,Observes lowered energy.,0
PAT-00470,2024-01-06 09:45:01,95.6,64,38.6,117/72,82,61.9,"This morning, chills, severe discomfort. worsening symptoms present.",0
PAT-00470,2024-01-07 10:14:06,96.5,82,36.4,115/77,80,61.9,Patient is feeling well with all parameters stable.,0
PAT-00470,2024-01-08 08:55:34,95.9,92,36.1,112/84,89,61.9,No significant complaints today.,0
PAT-00470,2024-01-09 08:31:49,94.7,55,36.0,127/70,116,61.9,Patient denies any symptoms or discomfort.,0
PAT-00470,2024-01-10 10:38:30,96.9,86,36.7,117/81,96,61.9,No significant complaints today.,0
PAT-00470,2024-01-11 10:18:41,94.7,51,36.9,123/85,93,61.9,Reports lightheadedness.,0
PAT-00470,2024-01-12 10:56:39,97.0,68,37.9,111/80,77,61.9,Indicates night sweats.,0
PAT-00470,2024-01-13 09:28:51,96.2,54,36.7,134/88,112,61.9,Patient notes that fatigue.,0
PAT-00470,2024-01-14 10:51:45,96.1,90,37.2,126/70,81,61.9,Patient is feeling well with all parameters stable.,0
PAT-00470,2024-01-15 08:41:43,100.0,89,36.8,138/86,95,61.9,Patient denies any symptoms or discomfort.,0
PAT-00470,2024-01-16 09:20:59,97.0,104,37.3,143/85,73,61.9,Patient describes palpitations.,0
PAT-00470,2024-01-17 10:23:09,98.4,89,35.8,127/72,162,61.9,"Observes lowered energy, severe blurred vision, dry mouth, frequent urination. worsening symptoms present.",1
PAT-00470,2024-01-18 10:19:00,95.7,90,35.8,114/72,125,61.9,Reports lowered energy.,0
PAT-00470,2024-01-19 08:52:57,94.3,82,37.2,125/70,88,61.9,Patient is feeling well with all parameters stable.,0
PAT-00470,2024-01-20 09:24:37,100.0,80,38.3,141/87,180,61.9,"Today, patient states muscle aches, headache, severe blurred vision, dry mouth, frequent urination. worsening symptoms present.",1
PAT-00470,2024-01-21 09:26:07,96.3,56,37.0,145/89,102,61.9,Patient denies any symptoms or discomfort.,0
PAT-00470,2024-01-22 08:06:21,94.5,74,36.0,126/72,96,61.9,Patient is feeling well with all parameters stable.,0
PAT-00470,2024-01-23 09:03:53,95.0,72,37.3,119/78,89,61.9,No symptoms reported. Vitals are within expected range.,0
PAT-00470,2024-01-24 08:50:35,99.9,109,36.6,133/85,114,61.9,Notes anxiety.,1
PAT-00470,2024-01-25 09:39:56,96.0,101,37.3,182/119,83,61.9,"Notes palpitations, chest pain, severe headache. worsening symptoms present.",1
PAT-00470,2024-01-26 10:29:34,95.3,92,36.9,119/83,124,61.9,Patient is feeling well with all parameters stable.,0
PAT-00470,2024-01-27 08:15:00,94.4,89,36.8,121/75,72,61.9,Patient denies any symptoms or discomfort.,0
PAT-00470,2024-01-28 09:40:34,94.5,96,37.2,114/74,70,61.9,Vitals remain within acceptable limits. No issues noted.,0
PAT-00470,2024-01-29 09:46:18,93.4,58,36.4,114/72,169,61.9,"This morning, severe blurred vision, dry mouth, frequent urination. immediate attention may be needed.",0
PAT-00470,2024-01-30 10:02:52,95.8,95,38.9,122/81,87,61.9,"Indicates fever, severe discomfort. immediate attention may be needed.",0
PAT-00471,2024-01-01 10:26:13,97.0,106,36.8,124/80,138,80.5,"Patient describes anxiety, frequent urination.",0
PAT-00471,2024-01-02 10:08:50,95.3,98,37.0,184/117,103,80.5,"Observes chest pain, severe headache. immediate attention may be needed.",1
PAT-00471,2024-01-03 09:45:09,95.4,109,35.5,134/88,88,80.5,"This morning, palpitations, mild coldness.",1
PAT-00471,2024-01-04 09:25:13,96.7,91,35.7,129/85,81,80.5,Indicates lowered energy.,0
PAT-00471,2024-01-05 09:51:13,94.1,76,36.8,131/91,93,80.5,Vitals remain within acceptable limits. No issues noted.,0
PAT-00471,2024-01-06 08:13:54,95.9,89,36.9,148/86,73,80.5,Patient is feeling well with all parameters stable.,0
PAT-00471,2024-01-07 08:19:46,96.3,80,35.9,126/74,140,80.5,"Today, patient states lowered energy, frequent urination.",0
PAT-00471,2024-01-08 10:32:11,95.9,81,38.5,148/93,77,80.5,"Notes chills, fever.",0
PAT-00471,2024-01-09 08:33:52,98.6,53,36.2,119/79,115,80.5,Notes fatigue.,1
PAT-00471,2024-01-10 10:39:41,95.8,73,37.3,127/77,97,80.5,Patient denies any symptoms or discomfort.,0
PAT-00471,2024-01-11 08:24:44,97.0,88,38.3,125/73,92,80.5,"Reports chills, muscle aches.",0
PAT-00471,2024-01-12 09:49:54,99.2,106,36.9,119/78,75,80.5,Notes palpitations.,0
PAT-00471,2024-01-13 08:59:51,93.6,53,39.0,177/118,138,80.5,"Observes fatigue, headache, fever, chest tightness, blurred vision.",0
PAT-00471,2024-01-14 09:45:10,97.1,102,36.8,131/90,71,80.5,Indicates restlessness.,0
PAT-00471,2024-01-15 08:50:26,97.5,76,38.6,118/78,94,80.5,"Reports headache, chills.",1
PAT-00471,2024-01-16 09:56:26,96.6,87,36.5,127/75,94,80.5,Vitals remain within acceptable limits. No issues noted.,0
PAT-00471,2024-01-17 10:03:27,97.0,100,36.7,123/77,105,80.5,No symptoms reported. Vitals are within expected range.,0
PAT-00471,2024-01-18 08:29:18,95.4,88,37.7,121/74,124,80.5,Reports mild fever.,0
PAT-00471,2024-01-19 09:37:49,100.0,61,35.9,147/86,111,80.5,"This morning, mild coldness.",0
PAT-00471,2024-01-20 10:10:10,94.0,83,37.2,124/72,114,80.5,No significant complaints today.,0
PAT-00471,2024-01-21 09:09:08,96.5,53,36.6,114/77,81,80.5,"This morning, slow pulse.",0
PAT-00471,2024-01-22 08:58:24,94.9,91,36.6,111/81,99,80.5,Patient is feeling well with all parameters stable.,0
PAT-00471,2024-01-23 08:47:01,94.4,101,36.1,120/82,77,80.5,Patient describes anxiety.,0
PAT-00471,2024-01-24 10:49:52,97.1,88,37.1,120/71,118,80.5,Patient denies any symptoms or discomfort.,0
PAT-00471,2024-01-25 08:04:00,96.8,82,36.7,185/110,163,80.5,"Observes chest pain, severe headache, severe blurred vision, dry mouth, frequent urination. worsening symptoms present.",0
PAT-00471,2024-01-26 09:34:35,94.2,61,36.9,123/74,146,80.5,Reports blurred vision.,0
PAT-00471,2024-01-27 10:28:13,99.1,98,36.7,115/74,95,80.5,Patient is feeling well with all parameters stable.,0
PAT-00471,2024-01-28 09:31:49,96.2,91,36.5,137/87,88,80.5,No symptoms reported. Vitals are within expected range.,0
PAT-00471,2024-01-29 09:54:00,96.4,57,37.1,123/84,171,80.5,"Indicates severe blurred vision, dry mouth, frequent urination. immediate attention may be needed.",1
PAT-00471,2024-01-30 09:31:29,92.3,90,37.1,119/77,99,80.5,No symptoms reported. Vitals are within expected range.,0
PAT-00472,2024-01-01 09:40:27,95.6,66,35.6,114/77,84,95.2,Reports mild coldness.,0
PAT-00472,2024-01-02 09:57:27,97.8,64,37.1,122/71,85,95.2,Vitals remain within acceptable limits. No issues noted.,0
PAT-00472,2024-01-03 08:54:59,97.8,63,36.5,131/95,113,95.2,No significant complaints today.,0
PAT-00472,2024-01-04 10:19:53,94.5,68,37.3,139/95,94,95.2,No significant complaints today.,0
PAT-00472,2024-01-05 10:22:42,95.7,64,37.2,130/76,84,95.2,No significant complaints today.,0
PAT-00472,2024-01-06 09:35:14,97.2,63,36.2,177/118,115,95.2,"This morning, chest tightness.",0
PAT-00472,2024-01-07 08:25:52,93.4,101,35.9,123/81,77,95.2,"Notes restlessness, lowered energy.",0
PAT-00472,2024-01-08 10:09:50,93.3,96,36.9,110/73,175,95.2,"Today, patient states severe blurred vision, dry mouth, frequent urination. worsening symptoms present.",0
PAT-00472,2024-01-09 10:42:45,97.9,75,36.1,130/93,172,95.2,"Today, patient states severe blurred vision, dry mouth, frequent urination. immediate attention may be needed.",1
PAT-00472,2024-01-10 10:02:28,95.0,51,38.2,139/87,144,95.2,"Indicates fatigue, headache, severe discomfort, blurred vision. worsening symptoms present.",1
PAT-00472,2024-01-11 08:46:16,96.1,70,37.1,127/83,81,95.2,No significant complaints today.,0
PAT-00472,2024-01-12 10:16:54,95.4,102,36.6,161/104,82,95.2,"Today, patient states palpitations, vision issues.",0
PAT-00472,2024-01-13 10:59:10,90.7,62,37.2,136/88,78,95.2,Patient describes dizziness.,0
PAT-00472,2024-01-14 09:17:59,100.0,107,37.4,117/79,118,95.2,Indicates palpitations.,1
PAT-00472,2024-01-15 09:17:49,94.2,74,37.1,168/118,137,95.2,"Indicates headaches, frequent urination.",1
PAT-00472,2024-01-16 08:11:39,97.1,61,35.6,176/118,178,95.2,"Patient notes that lowered energy, chest tightness, severe blurred vision, dry mouth, frequent urination. immediate attention may be needed.",1
PAT-00472,2024-01-17 10:32:51,97.6,67,37.0,139/87,79,95.2,No symptoms reported. Vitals are within expected range.,0
PAT-00472,2024-01-18 08:50:49,94.9,55,37.1,147/93,87,95.2,Patient denies any symptoms or discomfort.,0
PAT-00472,2024-01-19 10:50:30,97.0,64,36.1,118/70,113,95.2,Vitals remain within acceptable limits. No issues noted.,0
PAT-00472,2024-01-20 10:26:31,92.5,103,37.1,177/109,91,95.2,"Today, patient states palpitations, vision issues.",0
PAT-00472,2024-01-21 08:43:46,94.0,52,38.8,173/113,70,95.2,"Notes slow pulse, fever, chills, headaches.",1
PAT-00472,2024-01-22 08:10:22,96.8,62,37.2,119/81,90,95.2,Patient is feeling well with all parameters stable.,0
PAT-00472,2024-01-23 08:38:01,100.0,81,37.2,141/89,75,95.2,Patient is feeling well with all parameters stable.,0
PAT-00472,2024-01-24 08:00:29,95.5,50,35.8,113/78,93,95.2,"Indicates lightheadedness, mild coldness.",0
PAT-00472,2024-01-25 10:36:54,96.0,75,36.4,115/73,71,95.2,Vitals remain within acceptable limits. No issues noted.,0
PAT-00472,2024-01-26 08:00:15,96.2,88,36.5,115/85,106,95.2,Vitals remain within acceptable limits. No issues noted.,0
PAT-00472,2024-01-27 08:16:49,97.8,54,38.6,117/83,124,95.2,"Today, patient states lightheadedness, severe discomfort, fever. worsening symptoms present.",0
PAT-00472,2024-01-28 09:34:07,92.9,63,38.4,112/75,88,95.2,"Notes headache, severe discomfort. immediate attention may be needed.",1
PAT-00472,2024-01-29 09:08:55,93.7,61,36.6,130/80,73,95.2,Patient denies any symptoms or discomfort.,0
PAT-00472,2024-01-30 09:14:13,94.1,92,36.4,140/89,176,95.2,"Reports severe blurred vision, dry mouth, frequent urination. worsening symptoms present.",1
PAT-00473,2024-01-01 09:26:58,97.6,77,38.1,127/72,138,84.7,"Patient describes fever, severe discomfort, blurred vision. worsening symptoms present.",1
PAT-00473,2024-01-02 08:03:33,98.6,103,38.3,127/71,98,84.7,"Indicates palpitations, headache, chills.",0
PAT-00473,2024-01-03 08:48:43,94.4,84,36.9,173/102,83,84.7,"This morning, chest tightness.",0
PAT-00473,2024-01-04 09:36:15,96.1,56,36.9,122/74,88,84.7,Patient denies any symptoms or discomfort.,0
PAT-00473,2024-01-05 10:42:40,96.3,77,37.6,145/89,126,84.7,"Patient describes body aches, frequent urination.",0
PAT-00473,2024-01-06 10:56:54,92.2,84,36.5,111/80,120,84.7,No significant complaints today.,0
PAT-00473,2024-01-07 09:20:54,96.5,73,37.4,146/89,84,84.7,Vitals remain within acceptable limits. No issues noted.,0
PAT-00473,2024-01-08 08:29:57,99.7,82,37.0,126/70,75,84.7,Patient is feeling well with all parameters stable.,0
PAT-00473,2024-01-09 09:04:49,95.5,78,37.1,126/84,111,84.7,Patient is feeling well with all parameters stable.,0
PAT-00473,2024-01-10 08:57:21,97.2,56,39.0,125/77,79,84.7,"Notes chills, fever.",0
PAT-00473,2024-01-11 09:30:31,96.5,99,37.1,126/84,73,84.7,No symptoms reported. Vitals are within expected range.,0
PAT-00473,2024-01-12 09:30:28,94.4,97,38.7,110/81,87,84.7,"Today, patient states chills, muscle aches.",1
PAT-00473,2024-01-13 09:43:55,96.6,106,36.4,112/82,76,84.7,"This morning, anxiety.",1
PAT-00473,2024-01-14 08:25:55,97.4,71,36.6,128/85,149,84.7,Patient describes blurred vision.,0
PAT-00473,2024-01-15 09:08:25,90.7,59,37.4,115/74,112,84.7,Notes low energy.,0
PAT-00473,2024-01-16 10:54:09,94.9,95,37.2,185/120,72,84.7,"Today, patient states chest pain, severe headache. immediate attention may be needed.",1
PAT-00473,2024-01-17 09:30:42,98.3,79,36.2,174/119,121,84.7,Indicates chest tightness.,0
PAT-00473,2024-01-18 08:31:40,96.8,94,37.7,129/80,76,84.7,"Today, patient states night sweats.",0
PAT-00473,2024-01-19 10:10:09,98.4,83,36.1,110/78,114,84.7,Patient is feeling well with all parameters stable.,0
PAT-00473,2024-01-20 10:17:17,98.7,101,37.9,124/74,96,84.7,"Observes anxiety, mild fever.",0
PAT-00473,2024-01-21 10:26:30,95.6,78,35.8,122/85,89,84.7,Indicates mild coldness.,0
PAT-00473,2024-01-22 10:36:54,97.4,76,36.5,119/82,70,84.7,Vitals remain within acceptable limits. No issues noted.,0
PAT-00473,2024-01-23 09:22:41,99.6,84,37.3,121/83,135,84.7,Reports blurred vision.,0
PAT-00473,2024-01-24 08:18:27,97.9,57,37.3,168/120,97,84.7,Patient describes chest tightness.,0
PAT-00473,2024-01-25 09:33:12,96.7,89,36.7,127/73,78,84.7,Patient is feeling well with all parameters stable.,0
PAT-00473,2024-01-26 08:41:32,92.9,90,37.0,129/79,98,84.7,Vitals remain within acceptable limits. No issues noted.,0
PAT-00473,2024-01-27 10:22:31,95.0,55,37.4,126/72,90,84.7,Patient denies any symptoms or discomfort.,0
PAT-00473,2024-01-28 09:14:27,93.5,109,37.1,130/92,82,84.7,"Today, patient states restlessness.",1
PAT-00473,2024-01-29 08:49:29,95.1,53,35.6,114/85,73,84.7,"Today, patient states fatigue, lowered energy.",1
PAT-00473,2024-01-30 08:34:59,93.9,81,36.6,186/114,77,84.7,"This morning, chest pain, severe headache. worsening symptoms present.",0
PAT-00474,2024-01-01 08:17:20,96.4,88,38.4,139/91,127,85.7,"Observes headache, fever, dry mouth.",0
PAT-00474,2024-01-02 10:39:01,96.4,67,38.2,182/115,88,85.7,"Notes fever, muscle aches, chest pain, severe headache. worsening symptoms present.",0
PAT-00474,2024-01-03 09:02:29,96.7,60,37.2,119/80,99,85.7,Patient denies any symptoms or discomfort.,0
PAT-00474,2024-01-04 08:07:15,95.3,70,35.7,139/95,88,85.7,Patient notes that lowered energy.,0
PAT-00474,2024-01-05 10:52:12,95.6,71,36.6,136/93,79,85.7,No symptoms reported. Vitals are within expected range.,0
PAT-00474,2024-01-06 08:49:40,94.4,55,36.0,120/80,91,85.7,Patient is feeling well with all parameters stable.,0
PAT-00474,2024-01-07 08:44:19,95.5,102,37.6,116/74,96,85.7,"Reports anxiety, night sweats.",0
PAT-00474,2024-01-08 09:08:20,98.2,60,37.2,129/77,90,85.7,Patient is feeling well with all parameters stable.,0
PAT-00474,2024-01-09 09:03:32,93.7,87,38.9,117/75,99,85.7,"Today, patient states chills, severe discomfort. worsening symptoms present.",1
PAT-00474,2024-01-10 10:05:46,96.9,103,38.3,130/82,121,85.7,"Notes palpitations, fever, headache.",0
PAT-00474,2024-01-11 09:13:39,99.7,59,37.0,114/70,96,85.7,No symptoms reported. Vitals are within expected range.,0
PAT-00474,2024-01-12 08:03:17,93.8,107,36.7,142/90,115,85.7,"This morning, anxiety.",1
PAT-00474,2024-01-13 10:20:29,95.1,77,36.7,125/85,110,85.7,No symptoms reported. Vitals are within expected range.,0
PAT-00474,2024-01-14 09:06:32,96.7,62,37.0,130/87,111,85.7,No symptoms reported. Vitals are within expected range.,0
PAT-00474,2024-01-15 10:19:48,96.3,53,36.9,115/76,109,85.7,Indicates fatigue.,0
PAT-00474,2024-01-16 09:52:22,99.0,80,36.6,121/80,83,85.7,No symptoms reported. Vitals are within expected range.,0
PAT-00474,2024-01-17 09:51:03,96.3,78,36.8,112/83,130,85.7,Patient describes dry mouth.,0
PAT-00474,2024-01-18 10:51:58,94.1,87,36.5,138/91,70,85.7,No significant complaints today.,0
PAT-00474,2024-01-19 09:31:23,93.6,58,36.6,110/79,98,85.7,No symptoms reported. Vitals are within expected range.,0
PAT-00474,2024-01-20 08:12:12,98.5,79,36.6,120/71,84,85.7,No significant complaints today.,0
PAT-00474,2024-01-21 10:46:05,96.4,92,36.8,127/76,74,85.7,No symptoms reported. Vitals are within expected range.,0
PAT-00474,2024-01-22 08:59:45,95.4,52,36.6,118/83,109,85.7,Observes lightheadedness.,0
PAT-00474,2024-01-23 10:33:52,94.2,86,35.8,180/120,89,85.7,"Notes mild coldness, vision issues.",0
PAT-00474,2024-01-24 10:02:46,94.9,64,36.9,121/72,73,85.7,Patient is feeling well with all parameters stable.,0
PAT-00474,2024-01-25 09:59:17,96.2,86,36.8,132/88,112,85.7,Vitals remain within acceptable limits. No issues noted.,0
PAT-00474,2024-01-26 09:08:55,96.3,73,36.7,126/85,85,85.7,No symptoms reported. Vitals are within expected range.,0
PAT-00474,2024-01-27 10:31:57,94.6,82,37.4,127/77,120,85.7,No significant complaints today.,0
PAT-00474,2024-01-28 10:13:22,94.6,73,37.3,113/73,82,85.7,Vitals remain within acceptable limits. No issues noted.,0
PAT-00474,2024-01-29 08:14:41,94.1,58,35.7,144/86,88,85.7,"Today, patient states mild coldness.",0
PAT-00474,2024-01-30 09:35:15,93.6,53,36.5,115/83,86,85.7,Observes fatigue.,0
PAT-00475,2024-01-01 09:29:15,93.1,50,36.2,142/85,93,59.5,Observes lightheadedness.,1
PAT-00475,2024-01-02 08:30:57,97.5,108,36.1,114/83,70,59.5,Notes anxiety.,1
PAT-00475,2024-01-03 08:58:08,95.5,105,36.8,121/75,159,59.5,"This morning, anxiety, severe blurred vision, dry mouth, frequent urination. worsening symptoms present.",0
PAT-00475,2024-01-04 10:22:03,92.0,79,36.4,144/89,96,59.5,No significant complaints today.,0
PAT-00475,2024-01-05 10:02:36,97.6,58,36.9,180/115,71,59.5,Indicates vision issues.,0
PAT-00475,2024-01-06 10:58:04,99.2,88,36.5,129/72,94,59.5,Patient denies any symptoms or discomfort.,0
PAT-00475,2024-01-07 10:13:53,95.5,98,36.7,121/75,108,59.5,No significant complaints today.,0
PAT-00475,2024-01-08 09:29:44,93.6,57,38.7,140/87,131,59.5,"Reports fever, chills, blurred vision.",1
PAT-00475,2024-01-09 09:13:50,94.2,81,35.5,127/70,75,59.5,Observes mild coldness.,0
PAT-00475,2024-01-10 08:52:39,98.7,93,36.9,148/86,113,59.5,Patient denies any symptoms or discomfort.,0
PAT-00475,2024-01-11 08:50:08,97.8,56,36.0,127/84,95,59.5,Patient is feeling well with all parameters stable.,0
PAT-00475,2024-01-12 10:46:53,91.7,100,37.3,136/87,97,59.5,Indicates shortness of breath.,0
PAT-00475,2024-01-13 10:27:52,96.8,71,38.9,176/105,114,59.5,"Today, patient states fever, chills, vision issues.",0
PAT-00475,2024-01-14 09:30:27,94.8,108,35.7,171/103,118,59.5,"Observes restlessness, mild coldness, vision issues.",1
PAT-00475,2024-01-15 10:33:07,94.0,109,36.3,113/80,119,59.5,Indicates restlessness.,0
PAT-00475,2024-01-16 08:59:46,94.7,68,37.0,122/81,94,59.5,Patient is feeling well with all parameters stable.,0
PAT-00475,2024-01-17 09:22:51,94.6,61,36.2,124/70,96,59.5,Vitals remain within acceptable limits. No issues noted.,0
PAT-00475,2024-01-18 10:33:11,96.6,76,36.0,163/118,172,59.5,"Patient notes that headaches, severe blurred vision, dry mouth, frequent urination. worsening symptoms present.",0
PAT-00475,2024-01-19 08:40:12,94.6,83,36.2,160/108,83,59.5,Observes headaches.,0
PAT-00475,2024-01-20 08:05:11,95.7,86,36.6,119/84,121,59.5,Patient denies any symptoms or discomfort.,0
PAT-00475,2024-01-21 09:47:11,93.9,50,37.1,142/93,87,59.5,Reports slow pulse.,0
PAT-00475,2024-01-22 09:29:38,95.6,87,37.3,146/89,94,59.5,No symptoms reported. Vitals are within expected range.,0
PAT-00475,2024-01-23 10:11:49,93.8,56,36.0,119/85,96,59.5,Patient denies any symptoms or discomfort.,0
PAT-00475,2024-01-24 10:52:27,98.0,90,38.9,126/70,161,59.5,"Observes fever, chills, severe blurred vision, dry mouth, frequent urination. worsening symptoms present.",0
PAT-00475,2024-01-25 08:33:52,90.1,90,36.7,124/71,128,59.5,"Notes dizziness, dry mouth.",1
PAT-00475,2024-01-26 08:51:41,95.3,61,37.2,112/84,91,59.5,No symptoms reported. Vitals are within expected range.,0
PAT-00475,2024-01-27 09:54:29,96.3,72,35.7,127/77,79,59.5,Observes mild coldness.,0
PAT-00475,2024-01-28 10:52:55,96.5,50,36.6,117/81,118,59.5,Reports lightheadedness.,0
PAT-00475,2024-01-29 09:05:20,94.7,52,36.9,110/77,116,59.5,"This morning, slow pulse.",0
PAT-00475,2024-01-30 08:26:21,94.9,74,36.4,113/82,98,59.5,No symptoms reported. Vitals are within expected range.,0
PAT-00476,2024-01-01 08:00:16,94.4,84,35.6,119/71,144,87.7,"Observes lowered energy, dry mouth.",0
PAT-00476,2024-01-02 08:49:00,95.1,80,37.1,120/72,75,87.7,Vitals remain within acceptable limits. No issues noted.,0
PAT-00476,2024-01-03 09:30:30,98.5,94,38.2,175/101,80,87.7,"Patient notes that headache, severe discomfort, headaches. worsening symptoms present.",0
PAT-00476,2024-01-04 08:00:20,95.8,68,37.4,127/76,155,87.7,"Notes severe blurred vision, dry mouth, frequent urination. immediate attention may be needed.",0
PAT-00476,2024-01-05 10:45:43,93.7,91,37.2,123/79,85,87.7,No significant complaints today.,0
PAT-00476,2024-01-06 08:23:39,99.0,60,37.3,150/89,78,87.7,Patient denies any symptoms or discomfort.,0
PAT-00476,2024-01-07 08:12:47,97.1,56,37.2,128/74,72,87.7,Patient is feeling well with all parameters stable.,0
PAT-00476,2024-01-08 09:02:54,97.7,60,36.6,122/79,109,87.7,Vitals remain within acceptable limits. No issues noted.,0
PAT-00476,2024-01-09 08:11:00,96.3,66,35.6,118/82,87,87.7,"Today, patient states lowered energy.",0
PAT-00476,2024-01-10 10:59:58,95.3,81,37.1,187/118,147,87.7,"Indicates chest pain, severe headache, dry mouth. immediate attention may be needed.",1
PAT-00476,2024-01-11 08:41:24,98.7,84,38.5,111/78,86,87.7,"Indicates fever, muscle aches.",0
PAT-00476,2024-01-12 08:20:34,97.1,76,37.1,118/78,148,87.7,Reports dry mouth.,0
PAT-00476,2024-01-13 09:06:42,96.3,55,37.0,124/71,163,87.7,"This morning, severe blurred vision, dry mouth, frequent urination. immediate attention may be needed.",1
PAT-00476,2024-01-14 10:00:33,94.8,59,36.7,115/70,76,87.7,Patient denies any symptoms or discomfort.,0
PAT-00476,2024-01-15 10:06:12,97.3,71,38.1,121/73,100,87.7,"Patient describes chills, fever.",1
PAT-00476,2024-01-16 08:50:40,94.3,101,36.0,119/75,86,87.7,Notes restlessness.,1
PAT-00476,2024-01-17 09:16:55,98.2,87,36.7,129/79,98,87.7,Vitals remain within acceptable limits. No issues noted.,0
PAT-00476,2024-01-18 10:57:42,95.9,80,37.7,123/72,98,87.7,"This morning, night sweats.",0
PAT-00476,2024-01-19 09:31:39,96.0,88,36.5,137/89,84,87.7,Patient denies any symptoms or discomfort.,0
PAT-00476,2024-01-20 09:22:05,95.6,52,37.3,138/86,90,87.7,Notes fatigue.,1
PAT-00476,2024-01-21 09:21:02,98.0,78,37.1,134/85,107,87.7,No symptoms reported. Vitals are within expected range.,0
PAT-00476,2024-01-22 10:22:10,95.8,85,36.2,114/80,100,87.7,No significant complaints today.,0
PAT-00476,2024-01-23 09:06:23,95.8,65,35.8,175/112,77,87.7,"Indicates lowered energy, headaches.",0
PAT-00476,2024-01-24 10:37:00,91.6,69,37.5,121/71,160,87.7,"Notes shortness of breath, body aches, severe blurred vision, dry mouth, frequent urination. worsening symptoms present.",0
PAT-00476,2024-01-25 08:52:03,96.6,74,37.5,123/81,98,87.7,Observes mild fever.,0
PAT-00476,2024-01-26 10:09:11,99.4,95,36.8,176/118,91,87.7,Indicates vision issues.,1
PAT-00476,2024-01-27 08:53:24,94.3,78,35.8,175/101,107,87.7,"Patient notes that lowered energy, headaches.",0
PAT-00476,2024-01-28 10:04:13,98.4,55,36.6,135/93,121,87.7,Patient denies any symptoms or discomfort.,0
PAT-00476,2024-01-29 08:59:30,97.3,73,38.0,121/81,80,87.7,"Patient describes severe discomfort, fever. worsening symptoms present.",0
PAT-00476,2024-01-30 08:37:45,94.3,58,38.1,119/85,70,87.7,"Patient describes muscle aches, headache.",0
PAT-00477,2024-01-01 10:18:00,98.7,70,35.9,134/95,88,47.1,Reports lowered energy.,0
PAT-00477,2024-01-02 09:59:21,97.4,58,36.4,129/75,89,47.1,No symptoms reported. Vitals are within expected range.,0
PAT-00477,2024-01-03 10:34:54,95.6,85,35.7,115/71,97,47.1,Patient describes lowered energy.,0
PAT-00477,2024-01-04 09:49:13,95.8,102,36.5,143/87,171,47.1,"Reports anxiety, severe blurred vision, dry mouth, frequent urination. immediate attention may be needed.",0
PAT-00477,2024-01-05 08:14:02,90.9,104,36.5,112/83,119,47.1,"Reports dizziness, palpitations.",0
PAT-00477,2024-01-06 10:01:57,98.2,101,36.8,122/85,107,47.1,"This morning, restlessness.",1
PAT-00477,2024-01-07 08:36:55,98.0,91,35.6,162/109,158,47.1,"Notes lowered energy, headaches, severe blurred vision, dry mouth, frequent urination. worsening symptoms present.",1
PAT-00477,2024-01-08 08:06:37,94.7,78,37.2,169/115,80,47.1,"Today, patient states headaches.",1
PAT-00477,2024-01-09 08:32:58,97.7,88,36.7,124/77,96,47.1,Patient is feeling well with all parameters stable.,0
PAT-00477,2024-01-10 08:22:25,98.0,79,37.0,148/86,123,47.1,Vitals remain within acceptable limits. No issues noted.,0
PAT-00477,2024-01-11 08:02:31,94.5,94,36.7,130/83,78,47.1,Vitals remain within acceptable limits. No issues noted.,0
PAT-00477,2024-01-12 08:38:10,95.6,51,37.4,134/87,131,47.1,"Notes lightheadedness, dry mouth.",0
PAT-00477,2024-01-13 10:58:54,99.3,56,37.0,164/114,71,47.1,Observes headaches.,0
PAT-00477,2024-01-14 10:31:33,96.2,52,37.2,124/84,107,47.1,Observes fatigue.,0
PAT-00477,2024-01-15 09:44:35,95.4,95,38.9,166/112,76,47.1,"Indicates fever, headache, chest tightness.",0
PAT-00477,2024-01-16 10:53:32,100.0,79,37.4,165/117,106,47.1,Reports vision issues.,0
PAT-00477,2024-01-17 10:55:20,98.4,72,37.0,134/88,103,47.1,Vitals remain within acceptable limits. No issues noted.,0
PAT-00477,2024-01-18 09:56:27,96.3,86,36.9,179/111,71,47.1,"This morning, chest tightness.",0
PAT-00477,2024-01-19 09:36:25,93.9,85,37.6,180/120,88,47.1,"Indicates body aches, chest tightness.",1
PAT-00477,2024-01-20 09:46:16,100.0,87,37.6,142/94,109,47.1,Indicates body aches.,0
PAT-00477,2024-01-21 08:11:20,96.0,72,38.1,144/88,120,47.1,"This morning, severe discomfort, headache. immediate attention may be needed.",0
PAT-00477,2024-01-22 09:12:22,96.1,104,37.3,143/90,89,47.1,Observes palpitations.,1
PAT-00477,2024-01-23 10:14:21,95.0,79,36.8,114/78,118,47.1,Vitals remain within acceptable limits. No issues noted.,0
PAT-00477,2024-01-24 10:06:24,95.2,92,37.0,115/82,83,47.1,Patient denies any symptoms or discomfort.,0
PAT-00477,2024-01-25 08:14:39,98.9,52,37.2,138/90,114,47.1,Notes fatigue.,0
PAT-00477,2024-01-26 08:41:41,95.3,60,37.0,115/75,71,47.1,Vitals remain within acceptable limits. No issues noted.,0
PAT-00477,2024-01-27 10:52:48,97.0,85,37.3,117/81,85,47.1,No significant complaints today.,0
PAT-00477,2024-01-28 10:41:48,96.9,69,36.6,131/90,77,47.1,No significant complaints today.,0
PAT-00477,2024-01-29 09:21:07,94.4,50,37.3,190/112,73,47.1,"Observes lightheadedness, chest pain, severe headache. immediate attention may be needed.",0
PAT-00477,2024-01-30 10:18:52,90.9,98,36.8,128/79,133,47.1,"Patient describes shortness of breath, frequent urination.",0
PAT-00478,2024-01-01 09:54:38,96.7,89,36.4,116/84,170,66.7,"This morning, severe blurred vision, dry mouth, frequent urination. worsening symptoms present.",0
PAT-00478,2024-01-02 09:06:11,95.1,60,37.0,127/74,105,66.7,No significant complaints today.,0
PAT-00478,2024-01-03 08:10:45,96.7,81,36.6,187/113,171,66.7,"This morning, chest pain, severe headache, severe blurred vision, dry mouth, frequent urination. immediate attention may be needed.",0
PAT-00478,2024-01-04 08:57:11,97.2,50,36.0,140/91,88,66.7,Indicates lightheadedness.,1
PAT-00478,2024-01-05 09:24:59,96.7,89,36.3,144/87,166,66.7,"This morning, severe blurred vision, dry mouth, frequent urination. immediate attention may be needed.",1
PAT-00478,2024-01-06 09:33:19,96.9,102,37.1,123/76,70,66.7,Notes anxiety.,0
PAT-00478,2024-01-07 08:43:44,97.4,51,36.6,166/104,72,66.7,"Today, patient states fatigue, chest tightness.",0
PAT-00478,2024-01-08 09:42:50,97.3,67,36.5,182/115,95,66.7,"Patient notes that chest pain, severe headache. immediate attention may be needed.",0
PAT-00478,2024-01-09 10:06:54,95.6,79,36.6,110/77,74,66.7,No significant complaints today.,0
PAT-00478,2024-01-10 08:58:53,94.4,67,36.9,137/87,95,66.7,No significant complaints today.,0
PAT-00478,2024-01-11 10:20:30,95.4,75,35.6,127/76,106,66.7,"Today, patient states lowered energy.",0
PAT-00478,2024-01-12 10:25:12,98.3,76,37.2,114/81,104,66.7,Patient denies any symptoms or discomfort.,0
PAT-00478,2024-01-13 09:53:29,97.6,89,37.0,135/86,72,66.7,Patient is feeling well with all parameters stable.,0
PAT-00478,2024-01-14 08:00:35,95.7,51,36.0,120/78,74,66.7,Patient notes that fatigue.,0
PAT-00478,2024-01-15 08:51:39,95.0,82,38.5,123/79,97,66.7,"Today, patient states headache, severe discomfort. immediate attention may be needed.",1
PAT-00478,2024-01-16 09:27:52,96.6,51,38.6,123/73,79,66.7,"Patient notes that slow pulse, chills, headache.",0
PAT-00478,2024-01-17 09:17:00,97.4,63,36.0,119/71,81,66.7,No significant complaints today.,0
PAT-00478,2024-01-18 09:14:09,97.5,72,36.2,137/90,97,66.7,Patient denies any symptoms or discomfort.,0
PAT-00478,2024-01-19 08:27:13,98.8,56,35.6,148/85,96,66.7,Observes mild coldness.,0
PAT-00478,2024-01-20 08:50:29,96.3,75,37.0,122/77,70,66.7,Patient is feeling well with all parameters stable.,0
PAT-00478,2024-01-21 09:07:33,98.4,82,37.2,118/76,87,66.7,Patient is feeling well with all parameters stable.,0
PAT-00478,2024-01-22 09:22:44,100.0,60,36.7,124/71,87,66.7,No symptoms reported. Vitals are within expected range.,0
PAT-00478,2024-01-23 09:18:10,94.6,59,37.6,174/112,70,66.7,"Observes mild fever, headaches.",0
PAT-00478,2024-01-24 08:31:50,95.1,67,36.9,127/82,106,66.7,No significant complaints today.,0
PAT-00478,2024-01-25 10:26:57,96.8,90,36.7,116/73,81,66.7,Patient denies any symptoms or discomfort.,0
PAT-00478,2024-01-26 08:01:19,96.3,62,36.9,184/116,82,66.7,"Reports chest pain, severe headache. worsening symptoms present.",0
PAT-00478,2024-01-27 09:58:41,100.0,60,37.6,122/84,75,66.7,Patient describes body aches.,0
PAT-00478,2024-01-28 09:03:59,100.0,98,36.5,127/77,154,66.7,"Reports severe blurred vision, dry mouth, frequent urination. immediate attention may be needed.",0
PAT-00478,2024-01-29 08:37:02,94.9,82,38.8,122/77,73,66.7,"Reports muscle aches, headache.",0
PAT-00478,2024-01-30 10:16:09,97.2,70,36.7,125/85,120,66.7,No symptoms reported. Vitals are within expected range.,0
PAT-00479,2024-01-01 08:33:56,93.8,110,35.7,115/79,144,72.2,"Today, patient states restlessness, mild coldness, frequent urination.",0
PAT-00479,2024-01-02 09:16:51,96.2,73,37.8,115/83,91,72.2,Patient notes that night sweats.,0
PAT-00479,2024-01-03 09:20:18,94.5,50,37.0,112/84,98,72.2,Patient describes lightheadedness.,0
PAT-00479,2024-01-04 09:00:15,96.5,91,37.4,114/70,146,72.2,Notes dry mouth.,0
PAT-00479,2024-01-05 08:19:06,98.9,60,36.2,143/92,91,72.2,Patient is feeling well with all parameters stable.,0
PAT-00479,2024-01-06 08:08:03,95.0,67,36.7,133/95,100,72.2,Vitals remain within acceptable limits. No issues noted.,0
PAT-00479,2024-01-07 10:20:09,96.8,96,35.8,114/72,103,72.2,"This morning, mild coldness.",0
PAT-00479,2024-01-08 08:18:47,99.3,90,36.0,165/109,79,72.2,Reports vision issues.,1
PAT-00479,2024-01-09 08:28:07,95.1,75,36.9,128/75,166,72.2,"Today, patient states severe blurred vision, dry mouth, frequent urination. immediate attention may be needed.",0
PAT-00479,2024-01-10 10:45:14,96.5,59,35.8,128/74,93,72.2,"Today, patient states lowered energy.",0
PAT-00479,2024-01-11 10:06:25,96.4,90,36.5,113/75,179,72.2,"Patient describes severe blurred vision, dry mouth, frequent urination. worsening symptoms present.",0
PAT-00479,2024-01-12 09:23:35,95.1,90,36.3,138/86,93,72.2,Vitals remain within acceptable limits. No issues noted.,0
PAT-00479,2024-01-13 09:08:33,93.4,79,36.5,112/72,90,72.2,Patient is feeling well with all parameters stable.,0
PAT-00479,2024-01-14 09:07:52,91.4,93,36.5,125/72,91,72.2,"This morning, shortness of breath.",0
PAT-00479,2024-01-15 10:12:12,98.9,82,36.6,112/83,116,72.2,No symptoms reported. Vitals are within expected range.,0
PAT-00479,2024-01-16 10:07:25,96.2,66,36.2,134/92,73,72.2,No significant complaints today.,0
PAT-00479,2024-01-17 10:39:08,95.6,57,36.4,173/120,80,72.2,Observes chest tightness.,1
PAT-00479,2024-01-18 08:22:01,96.4,91,38.3,176/112,88,72.2,"Observes headache, muscle aches, headaches.",1
PAT-00479,2024-01-19 09:20:12,96.1,64,37.7,111/76,86,72.2,"Today, patient states night sweats.",0
PAT-00479,2024-01-20 09:17:01,96.5,78,37.0,144/89,96,72.2,No significant complaints today.,0
PAT-00479,2024-01-21 09:05:29,95.4,58,36.3,126/70,71,72.2,No symptoms reported. Vitals are within expected range.,0
PAT-00479,2024-01-22 10:38:57,97.7,65,35.9,162/100,97,72.2,"Notes lowered energy, chest tightness.",0
PAT-00479,2024-01-23 08:48:58,96.5,107,36.8,114/76,160,72.2,"Patient describes restlessness, severe blurred vision, dry mouth, frequent urination. worsening symptoms present.",0
PAT-00479,2024-01-24 09:09:43,93.9,50,37.1,112/71,127,72.2,"Patient notes that fatigue, frequent urination.",0
PAT-00479,2024-01-25 09:31:50,96.7,53,35.5,129/79,98,72.2,"Reports lightheadedness, lowered energy.",0
PAT-00479,2024-01-26 10:07:53,91.9,58,35.5,126/84,78,72.2,"Patient notes that shortness of breath, mild coldness.",0
PAT-00479,2024-01-27 10:40:10,97.0,66,37.1,127/81,104,72.2,Patient is feeling well with all parameters stable.,0
PAT-00479,2024-01-28 08:38:04,97.8,91,38.8,122/82,165,72.2,"Indicates severe discomfort, muscle aches, severe blurred vision, dry mouth, frequent urination. immediate attention may be needed.",0
PAT-00479,2024-01-29 08:47:48,93.6,85,37.8,124/85,167,72.2,"Patient notes that night sweats, severe blurred vision, dry mouth, frequent urination. immediate attention may be needed.",1
PAT-00479,2024-01-30 08:23:37,96.5,72,39.0,114/72,122,72.2,"Indicates fever, muscle aches.",1
PAT-00480,2024-01-01 08:27:43,94.5,105,36.1,115/83,172,56.3,"Today, patient states palpitations, severe blurred vision, dry mouth, frequent urination. worsening symptoms present.",0
PAT-00480,2024-01-02 08:49:59,94.6,99,35.8,147/87,115,56.3,Reports mild coldness.,0
PAT-00480,2024-01-03 10:25:34,94.4,53,36.9,131/93,74,56.3,Patient describes fatigue.,0
PAT-00480,2024-01-04 09:22:23,93.7,89,37.3,111/72,81,56.3,Patient is feeling well with all parameters stable.,0
PAT-00480,2024-01-05 10:59:20,96.2,66,37.1,133/95,119,56.3,No significant complaints today.,0
PAT-00480,2024-01-06 10:24:42,96.4,54,36.6,125/82,123,56.3,Observes slow pulse.,0
PAT-00480,2024-01-07 09:45:07,98.2,104,36.6,135/86,89,56.3,Patient notes that palpitations.,1
PAT-00480,2024-01-08 09:44:38,96.2,52,37.1,110/70,117,56.3,Indicates fatigue.,1
PAT-00480,2024-01-09 09:07:38,92.5,83,36.6,118/73,118,56.3,No significant complaints today.,0
PAT-00480,2024-01-10 08:27:42,94.4,95,36.8,124/72,94,56.3,No symptoms reported. Vitals are within expected range.,0
PAT-00480,2024-01-11 08:59:30,93.7,93,35.8,119/81,164,56.3,"Today, patient states mild coldness, severe blurred vision, dry mouth, frequent urination. immediate attention may be needed.",0
PAT-00480,2024-01-12 09:37:32,94.2,70,36.7,128/79,72,56.3,Vitals remain within acceptable limits. No issues noted.,0
PAT-00480,2024-01-13 10:04:10,95.1,92,37.3,140/95,83,56.3,No symptoms reported. Vitals are within expected range.,0
PAT-00480,2024-01-14 10:35:21,97.3,51,36.6,112/84,125,56.3,Observes fatigue.,1
PAT-00480,2024-01-15 09:39:25,96.3,105,36.4,113/72,118,56.3,Reports restlessness.,0
PAT-00480,2024-01-16 10:03:19,92.8,70,38.3,142/93,95,56.3,"Indicates fever, muscle aches.",0
PAT-00480,2024-01-17 08:41:25,94.0,104,36.8,113/80,74,56.3,"Today, patient states anxiety.",1
PAT-00480,2024-01-18 09:18:45,93.5,65,36.8,143/94,135,56.3,Observes blurred vision.,0
PAT-00480,2024-01-19 09:00:02,100.0,79,36.6,112/78,99,56.3,Vitals remain within acceptable limits. No issues noted.,0
PAT-00480,2024-01-20 09:11:22,92.4,73,37.2,136/87,100,56.3,Patient denies any symptoms or discomfort.,0
PAT-00480,2024-01-21 08:04:37,95.6,91,39.0,129/78,110,56.3,"Indicates severe discomfort, headache. immediate attention may be needed.",0
PAT-00480,2024-01-22 10:09:39,98.0,102,36.0,122/85,132,56.3,"Observes restlessness, frequent urination.",0
PAT-00480,2024-01-23 09:27:32,99.0,99,37.8,120/85,109,56.3,Notes body aches.,0
PAT-00480,2024-01-24 08:44:22,96.1,93,38.0,144/88,100,56.3,"Indicates headache, fever.",0
PAT-00480,2024-01-25 10:53:22,93.9,97,37.0,121/82,77,56.3,No symptoms reported. Vitals are within expected range.,0
PAT-00480,2024-01-26 10:32:45,94.3,86,38.6,130/71,70,56.3,"Patient notes that chills, headache.",1
PAT-00480,2024-01-27 08:35:02,98.1,79,36.7,130/71,80,56.3,Patient denies any symptoms or discomfort.,0
PAT-00480,2024-01-28 10:38:49,96.3,89,38.9,140/94,121,56.3,"Patient notes that headache, chills.",0
PAT-00480,2024-01-29 08:33:28,98.8,80,36.2,115/73,79,56.3,Vitals remain within acceptable limits. No issues noted.,0
PAT-00480,2024-01-30 08:01:57,94.0,106,35.5,134/93,180,56.3,"Today, patient states anxiety, lowered energy, severe blurred vision, dry mouth, frequent urination. worsening symptoms present.",0
PAT-00481,2024-01-01 08:00:57,95.8,66,36.1,143/95,95,96.0,No significant complaints today.,0
PAT-00481,2024-01-02 09:17:27,98.3,76,38.2,135/86,74,96.0,"Indicates chills, headache.",0
PAT-00481,2024-01-03 09:49:45,93.8,53,36.9,131/86,85,96.0,Patient describes fatigue.,1
PAT-00481,2024-01-04 10:38:48,96.1,110,36.2,117/78,81,96.0,Indicates anxiety.,0
PAT-00481,2024-01-05 09:20:10,92.0,82,37.7,137/87,71,96.0,Patient describes body aches.,0
PAT-00481,2024-01-06 09:27:07,96.7,97,36.4,137/88,77,96.0,No significant complaints today.,0
PAT-00481,2024-01-07 09:27:04,97.7,91,36.3,168/100,99,96.0,Patient notes that vision issues.,0
PAT-00481,2024-01-08 08:51:21,100.0,80,36.8,113/77,88,96.0,Patient is feeling well with all parameters stable.,0
PAT-00481,2024-01-09 09:04:32,97.2,103,35.8,147/91,93,96.0,"This morning, restlessness, lowered energy.",1
PAT-00481,2024-01-10 10:51:03,92.0,100,36.0,122/79,72,96.0,No significant complaints today.,0
PAT-00481,2024-01-11 08:23:55,96.8,104,37.6,112/79,107,96.0,"Today, patient states restlessness, night sweats.",1
PAT-00481,2024-01-12 10:54:21,94.8,98,37.1,140/88,116,96.0,No symptoms reported. Vitals are within expected range.,0
PAT-00481,2024-01-13 09:39:19,96.9,73,37.0,122/82,115,96.0,No significant complaints today.,0
PAT-00481,2024-01-14 08:21:50,94.9,57,37.1,112/83,82,96.0,Vitals remain within acceptable limits. No issues noted.,0
PAT-00481,2024-01-15 09:59:32,94.6,79,36.8,120/72,85,96.0,No significant complaints today.,0
PAT-00481,2024-01-16 08:43:02,91.2,65,37.0,116/82,83,96.0,Reports shortness of breath.,0
PAT-00481,2024-01-17 08:54:32,93.2,86,36.6,150/91,98,96.0,Patient denies any symptoms or discomfort.,0
PAT-00481,2024-01-18 10:34:11,98.4,85,37.7,143/89,76,96.0,Patient describes body aches.,0
PAT-00481,2024-01-19 08:31:59,96.2,64,36.5,132/92,121,96.0,Patient is feeling well with all parameters stable.,0
PAT-00481,2024-01-20 09:15:12,96.3,102,36.4,138/92,97,96.0,"This morning, palpitations.",0
PAT-00481,2024-01-21 08:54:14,93.6,109,37.1,115/74,86,96.0,"Today, patient states anxiety.",0
PAT-00481,2024-01-22 09:45:12,96.6,107,38.3,175/112,71,96.0,"Patient describes palpitations, chills, fever, headaches.",0
PAT-00481,2024-01-23 10:17:57,92.8,64,37.2,116/80,75,96.0,Vitals remain within acceptable limits. No issues noted.,0
PAT-00481,2024-01-24 10:36:39,94.2,89,35.5,120/81,116,96.0,"Today, patient states mild coldness.",0
PAT-00481,2024-01-25 08:14:49,94.1,102,37.1,120/85,72,96.0,Indicates restlessness.,0
PAT-00481,2024-01-26 10:15:10,94.0,75,36.9,137/88,131,96.0,Notes dry mouth.,0
PAT-00481,2024-01-27 08:48:55,93.0,58,38.9,115/82,127,96.0,"Reports muscle aches, severe discomfort, frequent urination. worsening symptoms present.",0
PAT-00481,2024-01-28 08:06:15,96.9,61,39.0,166/116,117,96.0,"Patient notes that severe discomfort, headache, headaches. worsening symptoms present.",0
PAT-00481,2024-01-29 09:26:48,95.3,104,37.7,129/73,71,96.0,"Patient describes restlessness, mild fever.",0
PAT-00481,2024-01-30 09:18:25,99.6,86,37.1,131/85,99,96.0,Vitals remain within acceptable limits. No issues noted.,0
PAT-00482,2024-01-01 09:56:15,96.4,101,36.3,173/108,78,57.3,"Indicates anxiety, headaches.",1
PAT-00482,2024-01-02 10:39:37,97.2,79,37.7,141/93,168,57.3,"Observes body aches, severe blurred vision, dry mouth, frequent urination. immediate attention may be needed.",1
PAT-00482,2024-01-03 10:45:55,95.0,60,36.6,124/71,83,57.3,No significant complaints today.,0
PAT-00482,2024-01-04 10:46:16,97.6,88,37.3,172/112,98,57.3,Observes chest tightness.,1
PAT-00482,2024-01-05 10:55:16,99.4,86,35.8,145/89,94,57.3,Reports lowered energy.,0
PAT-00482,2024-01-06 09:46:56,96.5,50,35.9,131/94,157,57.3,"Patient notes that slow pulse, lowered energy, severe blurred vision, dry mouth, frequent urination. worsening symptoms present.",1
PAT-00482,2024-01-07 08:29:41,96.7,97,36.8,127/76,111,57.3,No significant complaints today.,0
PAT-00482,2024-01-08 09:35:24,94.2,98,38.0,127/73,70,57.3,"Indicates headache, chills.",1
PAT-00482,2024-01-09 09:14:46,94.7,77,36.9,122/72,127,57.3,Patient notes that blurred vision.,0
PAT-00482,2024-01-10 10:27:18,96.0,77,37.1,117/78,93,57.3,No symptoms reported. Vitals are within expected range.,0
PAT-00482,2024-01-11 08:48:17,99.6,53,38.5,137/92,83,57.3,"Observes fatigue, headache, fever.",1
PAT-00482,2024-01-12 09:08:54,95.0,94,36.3,118/76,119,57.3,Vitals remain within acceptable limits. No issues noted.,0
PAT-00482,2024-01-13 08:51:43,96.4,97,37.8,149/92,87,57.3,Reports mild fever.,0
PAT-00482,2024-01-14 08:53:07,93.0,55,36.8,110/74,107,57.3,Patient denies any symptoms or discomfort.,0
PAT-00482,2024-01-15 09:18:44,94.7,56,37.9,174/111,77,57.3,"Patient describes mild fever, headaches.",1
PAT-00482,2024-01-16 08:50:06,98.7,87,36.3,113/75,91,57.3,No symptoms reported. Vitals are within expected range.,0
PAT-00482,2024-01-17 09:48:36,100.0,89,36.4,130/82,118,57.3,No significant complaints today.,0
PAT-00482,2024-01-18 09:26:01,97.8,110,37.1,119/75,91,57.3,Notes anxiety.,1
PAT-00482,2024-01-19 09:34:45,92.8,77,36.6,110/79,132,57.3,"Today, patient states blurred vision.",0
PAT-00482,2024-01-20 10:57:58,94.8,58,38.9,111/73,108,57.3,"Patient notes that chills, muscle aches.",0
PAT-00482,2024-01-21 10:42:21,95.4,68,37.3,139/90,109,57.3,Patient is feeling well with all parameters stable.,0
PAT-00482,2024-01-22 10:20:37,96.2,77,37.2,142/89,93,57.3,No significant complaints today.,0
PAT-00482,2024-01-23 09:38:35,93.5,96,38.4,129/74,92,57.3,"Indicates chills, severe discomfort. immediate attention may be needed.",0
PAT-00482,2024-01-24 09:54:26,93.7,68,37.1,177/114,110,57.3,Patient describes vision issues.,0
PAT-00482,2024-01-25 08:23:36,98.5,69,37.6,113/78,128,57.3,"Patient notes that night sweats, dry mouth.",0
PAT-00482,2024-01-26 10:22:45,97.1,100,36.9,129/82,148,57.3,"Today, patient states blurred vision.",0
PAT-00482,2024-01-27 10:02:58,97.5,51,38.8,121/73,73,57.3,"Today, patient states fatigue, chills, muscle aches.",0
PAT-00482,2024-01-28 08:34:18,97.2,73,39.0,145/90,120,57.3,"Reports headache, muscle aches.",0
PAT-00482,2024-01-29 08:16:24,94.2,89,36.8,121/78,130,57.3,Reports dry mouth.,0
PAT-00482,2024-01-30 08:58:09,94.7,52,36.5,115/74,92,57.3,Patient describes slow pulse.,1
PAT-00483,2024-01-01 09:23:03,100.0,65,38.0,115/84,94,97.2,"Patient notes that fever, headache.",0
PAT-00483,2024-01-02 10:53:00,91.9,109,36.7,136/88,114,97.2,"This morning, dizziness, palpitations.",1
PAT-00483,2024-01-03 09:28:33,100.0,60,35.7,122/75,124,97.2,Reports lowered energy.,0
PAT-00483,2024-01-04 10:16:01,99.4,70,35.8,141/90,108,97.2,"Today, patient states mild coldness.",0
PAT-00483,2024-01-05 10:30:10,93.9,59,37.2,125/70,75,97.2,Patient denies any symptoms or discomfort.,0
PAT-00483,2024-01-06 09:17:37,94.1,63,37.5,117/77,99,97.2,Observes mild fever.,0
PAT-00483,2024-01-07 08:47:58,95.1,69,35.6,121/76,93,97.2,Notes lowered energy.,0
PAT-00483,2024-01-08 08:20:21,93.3,106,38.8,129/75,111,97.2,"Observes restlessness, fever, chills.",0
PAT-00483,2024-01-09 08:29:52,97.9,60,36.9,132/93,113,97.2,No symptoms reported. Vitals are within expected range.,0
PAT-00483,2024-01-10 09:57:23,96.6,67,36.1,125/76,107,97.2,Patient denies any symptoms or discomfort.,0
PAT-00483,2024-01-11 09:03:10,98.5,61,38.1,118/70,93,97.2,"Reports chills, muscle aches.",0
PAT-00483,2024-01-12 09:29:44,98.9,108,35.7,122/78,160,97.2,"Reports anxiety, lowered energy, severe blurred vision, dry mouth, frequent urination. worsening symptoms present.",0
PAT-00483,2024-01-13 08:39:51,95.1,98,36.8,113/73,70,97.2,No significant complaints today.,0
PAT-00483,2024-01-14 09:00:27,95.6,62,36.8,142/95,72,97.2,No symptoms reported. Vitals are within expected range.,0
PAT-00483,2024-01-15 09:11:45,96.9,108,35.7,113/83,101,97.2,"Reports anxiety, lowered energy.",1
PAT-00483,2024-01-16 09:38:18,97.9,82,36.8,126/74,104,97.2,Patient is feeling well with all parameters stable.,0
PAT-00483,2024-01-17 09:29:23,96.9,68,37.3,118/73,101,97.2,No significant complaints today.,0
PAT-00483,2024-01-18 10:23:09,99.1,94,37.2,144/89,103,97.2,No significant complaints today.,0
PAT-00483,2024-01-19 09:04:36,96.6,83,37.1,129/75,72,97.2,Patient denies any symptoms or discomfort.,0
PAT-00483,2024-01-20 08:40:43,100.0,76,37.0,120/85,178,97.2,"Reports severe blurred vision, dry mouth, frequent urination. immediate attention may be needed.",0
PAT-00483,2024-01-21 08:54:04,99.6,61,38.1,117/70,103,97.2,"Today, patient states fever, chills.",1
PAT-00483,2024-01-22 10:49:37,95.3,75,37.8,110/77,110,97.2,Patient notes that mild fever.,0
PAT-00483,2024-01-23 10:50:21,96.1,53,37.1,122/78,93,97.2,Reports lightheadedness.,0
PAT-00483,2024-01-24 10:31:39,95.4,62,39.0,133/90,82,97.2,"Reports severe discomfort, headache. worsening symptoms present.",1
PAT-00483,2024-01-25 08:55:35,98.0,89,37.1,118/71,84,97.2,Vitals remain within acceptable limits. No issues noted.,0
PAT-00483,2024-01-26 10:29:38,97.6,82,37.1,113/85,116,97.2,Vitals remain within acceptable limits. No issues noted.,0
PAT-00483,2024-01-27 09:25:42,96.8,85,35.7,139/88,86,97.2,"Today, patient states mild coldness.",0
PAT-00483,2024-01-28 10:29:41,99.9,64,38.1,136/85,71,97.2,"Patient notes that headache, fever.",0
PAT-00483,2024-01-29 09:58:42,96.5,85,36.2,110/83,90,97.2,No symptoms reported. Vitals are within expected range.,0
PAT-00483,2024-01-30 09:18:43,96.0,76,36.1,115/84,96,97.2,Patient is feeling well with all parameters stable.,0
PAT-00484,2024-01-01 08:01:27,98.0,81,36.9,179/114,122,62.2,Indicates vision issues.,0
PAT-00484,2024-01-02 09:34:55,100.0,108,36.9,130/71,94,62.2,Observes palpitations.,0
PAT-00484,2024-01-03 09:30:22,100.0,65,38.3,147/85,84,62.2,"This morning, muscle aches, severe discomfort. worsening symptoms present.",1
PAT-00484,2024-01-04 08:45:19,97.3,52,37.2,128/83,118,62.2,Patient notes that slow pulse.,0
PAT-00484,2024-01-05 10:44:55,94.1,66,37.3,127/77,78,62.2,Patient is feeling well with all parameters stable.,0
PAT-00484,2024-01-06 10:07:55,96.3,89,37.3,117/73,79,62.2,No significant complaints today.,0
PAT-00484,2024-01-07 09:22:27,94.9,77,36.9,133/87,123,62.2,Patient denies any symptoms or discomfort.,0
PAT-00484,2024-01-08 10:16:03,96.0,93,37.4,127/70,81,62.2,Patient denies any symptoms or discomfort.,0
PAT-00484,2024-01-09 10:46:32,93.6,64,37.8,128/85,74,62.2,Observes mild fever.,0
PAT-00484,2024-01-10 10:21:29,97.5,60,36.5,125/85,88,62.2,No symptoms reported. Vitals are within expected range.,0
PAT-00484,2024-01-11 08:42:18,93.8,90,37.3,132/92,99,62.2,Patient is feeling well with all parameters stable.,0
PAT-00484,2024-01-12 08:42:55,94.5,108,37.8,127/75,73,62.2,"Notes anxiety, mild fever.",0
PAT-00484,2024-01-13 08:36:10,96.3,95,36.5,118/81,70,62.2,No significant complaints today.,0
PAT-00484,2024-01-14 09:11:15,99.7,110,37.2,139/86,113,62.2,Indicates anxiety.,0
PAT-00484,2024-01-15 08:32:06,95.3,62,37.3,172/115,80,62.2,Patient describes vision issues.,1
PAT-00484,2024-01-16 08:00:48,92.9,79,36.0,129/75,142,62.2,Patient describes dry mouth.,0
PAT-00484,2024-01-17 09:11:54,99.0,73,36.4,116/74,84,62.2,Patient denies any symptoms or discomfort.,0
PAT-00484,2024-01-18 08:47:22,96.2,56,38.4,113/75,117,62.2,"Today, patient states muscle aches, chills.",0
PAT-00484,2024-01-19 08:15:11,95.0,61,38.5,111/74,101,62.2,"Patient describes muscle aches, fever.",1
PAT-00484,2024-01-20 10:28:24,93.9,79,37.2,167/117,72,62.2,"Today, patient states vision issues.",1
PAT-00484,2024-01-21 10:08:38,95.2,51,37.1,185/119,83,62.2,"Observes lightheadedness, chest pain, severe headache. immediate attention may be needed.",1
PAT-00484,2024-01-22 09:29:24,97.4,64,38.9,119/85,95,62.2,"Patient notes that chills, headache.",0
PAT-00484,2024-01-23 10:44:05,99.0,88,37.0,129/71,86,62.2,No significant complaints today.,0
PAT-00484,2024-01-24 09:33:21,95.2,85,36.5,131/95,127,62.2,Reports blurred vision.,0
PAT-00484,2024-01-25 08:28:47,97.1,104,37.1,117/73,112,62.2,Patient describes restlessness.,0
PAT-00484,2024-01-26 09:20:23,98.5,86,36.6,122/76,79,62.2,No symptoms reported. Vitals are within expected range.,0
PAT-00484,2024-01-27 08:12:18,98.9,60,37.1,149/89,86,62.2,No significant complaints today.,0
PAT-00484,2024-01-28 10:34:37,93.4,80,38.6,138/95,84,62.2,"Indicates chills, fever.",0
PAT-00484,2024-01-29 09:35:52,90.7,70,37.0,136/88,118,62.2,Observes dizziness.,0
PAT-00484,2024-01-30 08:14:28,94.2,62,38.5,112/85,111,62.2,"Today, patient states headache, severe discomfort. worsening symptoms present.",0
PAT-00485,2024-01-01 09:13:42,97.4,94,36.5,183/102,103,93.5,"Patient notes that chest pain, severe headache. worsening symptoms present.",0
PAT-00485,2024-01-02 10:05:13,96.8,50,38.6,114/85,79,93.5,"Notes slow pulse, headache, severe discomfort. worsening symptoms present.",1
PAT-00485,2024-01-03 10:36:20,96.4,109,36.6,120/83,74,93.5,Indicates anxiety.,1
PAT-00485,2024-01-04 09:14:17,96.7,52,37.3,146/91,93,93.5,Reports fatigue.,1
PAT-00485,2024-01-05 10:58:48,98.5,84,36.7,113/70,95,93.5,Patient denies any symptoms or discomfort.,0
PAT-00485,2024-01-06 10:37:48,98.5,55,36.8,125/74,104,93.5,No significant complaints today.,0
PAT-00485,2024-01-07 09:12:59,98.4,66,37.9,123/70,120,93.5,Patient notes that body aches.,0
PAT-00485,2024-01-08 10:54:50,96.6,109,35.6,146/90,115,93.5,"Today, patient states palpitations, lowered energy.",1
PAT-00485,2024-01-09 08:57:40,94.0,96,36.2,127/81,109,93.5,No symptoms reported. Vitals are within expected range.,0
PAT-00485,2024-01-10 09:33:04,98.3,77,37.1,113/79,84,93.5,Patient is feeling well with all parameters stable.,0
PAT-00485,2024-01-11 08:27:50,91.8,90,36.8,110/71,88,93.5,Patient describes shortness of breath.,0
PAT-00485,2024-01-12 10:13:29,97.3,75,38.4,117/70,87,93.5,"Reports headache, fever.",1
PAT-00485,2024-01-13 08:57:11,99.4,101,36.8,130/77,95,93.5,"Today, patient states anxiety.",0
PAT-00485,2024-01-14 09:17:27,94.6,108,37.2,141/94,83,93.5,"Today, patient states palpitations.",0
PAT-00485,2024-01-15 09:23:33,99.8,52,37.0,115/71,143,93.5,"Today, patient states lightheadedness, dry mouth.",1
PAT-00485,2024-01-16 10:14:01,93.7,81,36.7,114/79,107,93.5,Patient denies any symptoms or discomfort.,0
PAT-00485,2024-01-17 10:13:01,97.9,101,37.0,130/74,97,93.5,Indicates anxiety.,0
PAT-00485,2024-01-18 09:28:39,99.6,51,37.1,126/70,75,93.5,Notes lightheadedness.,0
PAT-00485,2024-01-19 10:18:36,94.3,53,38.3,125/70,84,93.5,"Notes slow pulse, headache, muscle aches.",0
PAT-00485,2024-01-20 08:34:17,99.8,68,36.6,119/78,71,93.5,Vitals remain within acceptable limits. No issues noted.,0
PAT-00485,2024-01-21 08:03:54,97.7,97,36.6,125/80,120,93.5,No symptoms reported. Vitals are within expected range.,0
PAT-00485,2024-01-22 10:49:10,97.9,77,36.6,114/72,85,93.5,No significant complaints today.,0
PAT-00485,2024-01-23 08:53:16,97.6,87,37.3,141/93,180,93.5,"Reports severe blurred vision, dry mouth, frequent urination. immediate attention may be needed.",0
PAT-00485,2024-01-24 09:26:48,92.4,89,38.6,170/114,89,93.5,"Reports chills, headache, chest tightness.",0
PAT-00485,2024-01-25 09:14:36,96.8,100,36.8,129/80,132,93.5,"Today, patient states blurred vision.",0
PAT-00485,2024-01-26 10:10:14,95.0,105,37.3,118/71,78,93.5,Observes palpitations.,0
PAT-00485,2024-01-27 09:20:30,96.5,100,36.1,150/92,130,93.5,Indicates dry mouth.,0
PAT-00485,2024-01-28 09:01:50,95.1,85,36.7,130/71,96,93.5,Patient denies any symptoms or discomfort.,0
PAT-00485,2024-01-29 08:22:06,96.4,57,35.8,118/73,75,93.5,"Today, patient states lowered energy.",0
PAT-00485,2024-01-30 10:11:52,100.0,64,38.3,167/119,88,93.5,"Today, patient states muscle aches, fever, chest tightness.",0
PAT-00486,2024-01-01 08:05:35,93.7,70,36.1,120/85,84,80.6,No symptoms reported. Vitals are within expected range.,0
PAT-00486,2024-01-02 10:54:21,92.5,69,37.2,174/106,158,80.6,"This morning, vision issues, severe blurred vision, dry mouth, frequent urination. immediate attention may be needed.",0
PAT-00486,2024-01-03 10:17:13,94.5,101,36.5,126/71,115,80.6,"Today, patient states palpitations.",1
PAT-00486,2024-01-04 08:41:31,95.8,55,36.4,110/78,99,80.6,No symptoms reported. Vitals are within expected range.,0
PAT-00486,2024-01-05 10:55:41,94.7,94,35.7,126/71,89,80.6,Indicates lowered energy.,0
PAT-00486,2024-01-06 08:43:52,96.9,89,35.6,130/78,104,80.6,Patient notes that mild coldness.,0
PAT-00486,2024-01-07 09:28:33,96.5,100,36.9,135/91,76,80.6,Patient is feeling well with all parameters stable.,0
PAT-00486,2024-01-08 08:09:14,93.0,70,36.7,120/76,76,80.6,Patient is feeling well with all parameters stable.,0
PAT-00486,2024-01-09 08:05:20,93.1,75,37.6,131/87,119,80.6,Notes body aches.,0
PAT-00486,2024-01-10 08:36:06,99.7,94,37.6,173/103,73,80.6,"Indicates mild fever, chest tightness.",0
PAT-00486,2024-01-11 10:09:00,95.2,63,35.7,143/85,73,80.6,Patient describes lowered energy.,0
PAT-00486,2024-01-12 08:03:16,96.7,68,38.3,121/84,112,80.6,"This morning, chills, severe discomfort. immediate attention may be needed.",1
PAT-00486,2024-01-13 08:24:44,96.5,83,37.1,130/94,72,80.6,Patient is feeling well with all parameters stable.,0
PAT-00486,2024-01-14 08:50:03,96.1,58,37.4,111/79,81,80.6,Patient is feeling well with all parameters stable.,0
PAT-00486,2024-01-15 09:17:35,97.1,65,35.8,148/95,95,80.6,Notes lowered energy.,0
PAT-00486,2024-01-16 08:23:20,97.3,87,36.9,130/77,154,80.6,"Notes severe blurred vision, dry mouth, frequent urination. worsening symptoms present.",0
PAT-00486,2024-01-17 08:14:00,92.5,93,36.0,150/95,171,80.6,"Reports severe blurred vision, dry mouth, frequent urination. worsening symptoms present.",0
PAT-00486,2024-01-18 09:47:37,95.1,79,37.0,183/104,95,80.6,"This morning, chest pain, severe headache. immediate attention may be needed.",1
PAT-00486,2024-01-19 08:23:38,97.0,101,37.2,125/82,89,80.6,"Today, patient states restlessness.",0
PAT-00486,2024-01-20 09:18:42,96.2,88,36.9,110/77,82,80.6,No significant complaints today.,0
PAT-00486,2024-01-21 08:34:38,96.8,73,35.6,115/77,70,80.6,Indicates mild coldness.,0
PAT-00486,2024-01-22 08:59:45,100.0,54,37.2,117/73,101,80.6,"This morning, lightheadedness.",0
PAT-00486,2024-01-23 08:17:22,96.4,60,35.8,115/80,97,80.6,"This morning, mild coldness.",0
PAT-00486,2024-01-24 09:45:13,96.4,76,37.0,118/79,110,80.6,No significant complaints today.,0
PAT-00486,2024-01-25 10:48:56,96.0,53,37.2,113/80,153,80.6,"Observes lightheadedness, severe blurred vision, dry mouth, frequent urination. worsening symptoms present.",0
PAT-00486,2024-01-26 10:42:30,95.9,51,37.6,130/75,79,80.6,"Today, patient states fatigue, night sweats.",0
PAT-00486,2024-01-27 08:32:21,95.8,99,38.6,141/93,75,80.6,"Indicates headache, chills.",0
PAT-00486,2024-01-28 10:35:09,97.0,109,37.1,123/73,94,80.6,Patient notes that palpitations.,1
PAT-00486,2024-01-29 08:29:55,92.1,57,37.8,111/77,101,80.6,Notes night sweats.,0
PAT-00486,2024-01-30 09:41:36,92.7,99,37.1,110/82,109,80.6,No symptoms reported. Vitals are within expected range.,0
PAT-00487,2024-01-01 08:20:35,95.9,93,36.5,130/79,79,66.2,No significant complaints today.,0
PAT-00487,2024-01-02 08:11:03,92.9,90,36.5,137/89,100,66.2,No symptoms reported. Vitals are within expected range.,0
PAT-00487,2024-01-03 08:04:40,97.2,66,35.9,119/85,82,66.2,"This morning, mild coldness.",0
PAT-00487,2024-01-04 10:24:35,95.7,57,37.0,146/86,91,66.2,No significant complaints today.,0
PAT-00487,2024-01-05 09:01:57,97.3,99,37.2,144/93,88,66.2,Patient is feeling well with all parameters stable.,0
PAT-00487,2024-01-06 10:11:32,93.1,96,35.9,149/87,158,66.2,"Today, patient states lowered energy, severe blurred vision, dry mouth, frequent urination. worsening symptoms present.",0
PAT-00487,2024-01-07 08:13:31,96.4,70,36.7,110/84,85,66.2,Vitals remain within acceptable limits. No issues noted.,0
PAT-00487,2024-01-08 10:37:00,95.0,107,36.6,126/73,126,66.2,"Reports anxiety, blurred vision.",1
PAT-00487,2024-01-09 09:08:43,96.1,56,35.5,130/77,93,66.2,"This morning, lowered energy.",0
PAT-00487,2024-01-10 08:06:43,94.6,90,36.9,149/86,88,66.2,No symptoms reported. Vitals are within expected range.,0
PAT-00487,2024-01-11 10:49:12,93.3,103,37.3,126/80,73,66.2,Notes palpitations.,1
PAT-00487,2024-01-12 08:31:12,97.3,54,36.7,179/104,90,66.2,"Notes slow pulse, vision issues.",1
PAT-00487,2024-01-13 09:51:42,96.7,68,37.0,181/106,123,66.2,"Notes chest pain, severe headache. immediate attention may be needed.",0
PAT-00487,2024-01-14 10:45:45,94.4,59,37.0,125/71,109,66.2,No symptoms reported. Vitals are within expected range.,0
PAT-00487,2024-01-15 10:57:03,96.0,89,36.9,141/91,111,66.2,Vitals remain within acceptable limits. No issues noted.,0
PAT-00487,2024-01-16 08:26:16,98.8,62,37.0,129/83,83,66.2,No significant complaints today.,0
PAT-00487,2024-01-17 09:41:17,95.9,97,36.1,143/95,124,66.2,No symptoms reported. Vitals are within expected range.,0
PAT-00487,2024-01-18 08:57:31,97.6,75,37.0,110/73,85,66.2,No symptoms reported. Vitals are within expected range.,0
PAT-00487,2024-01-19 08:32:06,100.0,52,35.5,117/78,91,66.2,"Observes fatigue, lowered energy.",0
PAT-00487,2024-01-20 10:04:11,95.5,53,36.2,130/85,72,66.2,Indicates slow pulse.,0
PAT-00487,2024-01-21 09:50:38,96.4,74,37.0,142/92,174,66.2,"Notes severe blurred vision, dry mouth, frequent urination. worsening symptoms present.",0
PAT-00487,2024-01-22 10:09:51,96.0,97,36.5,113/80,150,66.2,"Reports severe blurred vision, dry mouth, frequent urination. immediate attention may be needed.",0
PAT-00487,2024-01-23 10:14:14,97.3,68,37.4,127/79,112,66.2,Vitals remain within acceptable limits. No issues noted.,0
PAT-00487,2024-01-24 08:58:43,97.8,91,37.0,138/89,122,66.2,No significant complaints today.,0
PAT-00487,2024-01-25 10:06:51,97.1,78,37.3,127/70,86,66.2,No significant complaints today.,0
PAT-00487,2024-01-26 09:54:19,96.6,53,38.0,148/87,73,66.2,"Reports lightheadedness, severe discomfort, chills. immediate attention may be needed.",0
PAT-00487,2024-01-27 08:39:07,97.9,59,36.5,111/82,115,66.2,No significant complaints today.,0
PAT-00487,2024-01-28 09:32:45,96.4,91,36.5,136/94,70,66.2,No significant complaints today.,0
PAT-00487,2024-01-29 09:58:52,92.8,63,36.6,162/107,86,66.2,Patient describes vision issues.,0
PAT-00487,2024-01-30 10:19:47,94.1,89,35.8,111/83,74,66.2,Indicates lowered energy.,0
PAT-00488,2024-01-01 10:05:28,93.8,68,36.7,182/111,110,59.3,"Notes chest pain, severe headache. immediate attention may be needed.",1
PAT-00488,2024-01-02 08:50:21,93.3,79,35.9,140/92,98,59.3,Observes lowered energy.,0
PAT-00488,2024-01-03 08:22:32,95.3,102,36.8,143/95,82,59.3,Patient describes palpitations.,0
PAT-00488,2024-01-04 10:27:50,98.1,102,36.6,113/71,107,59.3,Patient describes palpitations.,0
PAT-00488,2024-01-05 08:46:03,97.4,72,36.7,119/71,86,59.3,Patient denies any symptoms or discomfort.,0
PAT-00488,2024-01-06 10:47:29,95.0,78,36.9,138/86,124,59.3,Patient denies any symptoms or discomfort.,0
PAT-00488,2024-01-07 08:01:33,100.0,53,35.5,110/74,93,59.3,"Indicates slow pulse, lowered energy.",0
PAT-00488,2024-01-08 09:05:05,94.5,97,35.7,115/76,76,59.3,Observes mild coldness.,0
PAT-00488,2024-01-09 09:28:47,96.6,78,37.3,111/70,98,59.3,No symptoms reported. Vitals are within expected range.,0
PAT-00488,2024-01-10 08:47:55,94.1,57,36.0,124/80,96,59.3,Patient is feeling well with all parameters stable.,0
PAT-00488,2024-01-11 10:06:34,96.2,88,36.4,176/106,78,59.3,Patient describes chest tightness.,0
PAT-00488,2024-01-12 10:00:26,96.7,59,36.7,141/86,76,59.3,Patient denies any symptoms or discomfort.,0
PAT-00488,2024-01-13 10:07:58,98.4,62,37.4,125/82,89,59.3,No symptoms reported. Vitals are within expected range.,0
PAT-00488,2024-01-14 08:02:14,97.2,63,37.2,130/70,70,59.3,Vitals remain within acceptable limits. No issues noted.,0
PAT-00488,2024-01-15 09:38:36,97.0,66,36.4,140/92,71,59.3,Vitals remain within acceptable limits. No issues noted.,0
PAT-00488,2024-01-16 09:44:13,95.6,51,37.0,148/92,113,59.3,"Today, patient states lightheadedness.",0
PAT-00488,2024-01-17 10:36:56,97.5,50,37.0,185/112,70,59.3,"Indicates lightheadedness, chest pain, severe headache. worsening symptoms present.",1
PAT-00488,2024-01-18 09:10:38,98.4,61,36.9,122/74,88,59.3,No significant complaints today.,0
PAT-00488,2024-01-19 09:05:02,95.9,100,36.5,128/82,95,59.3,No significant complaints today.,0
PAT-00488,2024-01-20 09:42:19,96.9,108,38.4,110/85,117,59.3,"Notes palpitations, fever, muscle aches.",0
PAT-00488,2024-01-21 08:55:06,98.2,68,35.6,131/93,100,59.3,"This morning, mild coldness.",0
PAT-00488,2024-01-22 09:00:14,94.2,104,35.5,120/79,80,59.3,"Patient describes palpitations, lowered energy.",0
PAT-00488,2024-01-23 08:06:21,94.7,71,37.2,120/80,90,59.3,No significant complaints today.,0
PAT-00488,2024-01-24 10:03:40,94.2,66,36.7,118/85,99,59.3,Vitals remain within acceptable limits. No issues noted.,0
PAT-00488,2024-01-25 09:24:17,95.2,72,37.5,117/85,156,59.3,"This morning, mild fever, severe blurred vision, dry mouth, frequent urination. immediate attention may be needed.",0
PAT-00488,2024-01-26 09:20:49,94.9,92,36.7,180/114,84,59.3,"Today, patient states headaches.",0
PAT-00488,2024-01-27 09:38:15,95.7,62,37.1,120/76,73,59.3,No significant complaints today.,0
PAT-00488,2024-01-28 08:08:41,98.7,97,36.0,137/86,85,59.3,Patient denies any symptoms or discomfort.,0
PAT-00488,2024-01-29 10:13:25,94.5,80,37.8,119/74,90,59.3,Patient notes that body aches.,0
PAT-00488,2024-01-30 09:50:05,97.9,55,36.0,137/95,172,59.3,"Patient describes severe blurred vision, dry mouth, frequent urination. worsening symptoms present.",0
PAT-00489,2024-01-01 08:12:51,93.2,83,36.5,175/115,107,69.4,Patient describes chest tightness.,1
PAT-00489,2024-01-02 10:12:43,95.5,66,38.4,114/72,120,69.4,"Patient describes chills, muscle aches.",0
PAT-00489,2024-01-03 10:13:57,92.0,56,36.5,119/75,81,69.4,No symptoms reported. Vitals are within expected range.,0
PAT-00489,2024-01-04 09:40:53,95.8,79,36.0,110/84,80,69.4,Vitals remain within acceptable limits. No issues noted.,0
PAT-00489,2024-01-05 09:40:29,93.0,54,36.5,169/112,75,69.4,"Observes slow pulse, chest tightness.",0
PAT-00489,2024-01-06 10:02:58,95.3,92,37.3,110/71,96,69.4,Patient denies any symptoms or discomfort.,0
PAT-00489,2024-01-07 09:00:36,93.5,92,36.5,133/90,97,69.4,Patient is feeling well with all parameters stable.,0
PAT-00489,2024-01-08 10:09:30,94.6,102,36.8,130/71,76,69.4,Notes restlessness.,1
PAT-00489,2024-01-09 10:33:48,96.9,58,36.4,111/70,78,69.4,Patient is feeling well with all parameters stable.,0
PAT-00489,2024-01-10 10:45:16,94.0,101,38.3,125/72,75,69.4,"Indicates anxiety, headache, severe discomfort. immediate attention may be needed.",0
PAT-00489,2024-01-11 08:28:46,93.9,89,37.1,115/71,71,69.4,No symptoms reported. Vitals are within expected range.,0
PAT-00489,2024-01-12 09:17:27,99.3,72,36.4,127/71,85,69.4,Patient denies any symptoms or discomfort.,0
PAT-00489,2024-01-13 09:11:40,96.9,71,36.9,120/76,96,69.4,No symptoms reported. Vitals are within expected range.,0
PAT-00489,2024-01-14 08:25:49,95.2,58,36.8,119/84,99,69.4,No significant complaints today.,0
PAT-00489,2024-01-15 08:22:30,99.2,65,37.7,119/80,159,69.4,"Indicates body aches, severe blurred vision, dry mouth, frequent urination. immediate attention may be needed.",0
PAT-00489,2024-01-16 08:38:25,94.2,80,37.1,138/90,138,69.4,Patient notes that dry mouth.,0
PAT-00489,2024-01-17 10:52:58,98.2,68,36.8,114/82,82,69.4,No symptoms reported. Vitals are within expected range.,0
PAT-00489,2024-01-18 10:38:56,94.1,55,36.1,147/88,91,69.4,No symptoms reported. Vitals are within expected range.,0
PAT-00489,2024-01-19 09:43:15,95.3,78,37.2,147/86,91,69.4,Vitals remain within acceptable limits. No issues noted.,0
PAT-00489,2024-01-20 08:30:22,92.3,109,37.2,148/87,97,69.4,Indicates anxiety.,0
PAT-00489,2024-01-21 10:04:57,95.1,69,38.9,124/76,79,69.4,"Today, patient states muscle aches, chills.",1
PAT-00489,2024-01-22 09:51:23,97.1,108,38.7,119/75,77,69.4,"Reports palpitations, chills, headache.",1
PAT-00489,2024-01-23 09:52:47,92.3,106,37.3,149/91,124,69.4,Reports anxiety.,0
PAT-00489,2024-01-24 10:59:17,97.1,69,37.0,123/83,109,69.4,No significant complaints today.,0
PAT-00489,2024-01-25 08:40:29,95.4,50,36.4,130/85,81,69.4,"This morning, lightheadedness.",0
PAT-00489,2024-01-26 09:02:36,96.4,97,38.7,115/70,176,69.4,"Observes headache, muscle aches, severe blurred vision, dry mouth, frequent urination. immediate attention may be needed.",0
PAT-00489,2024-01-27 10:10:31,95.1,97,37.0,125/82,131,69.4,Reports dry mouth.,0
PAT-00489,2024-01-28 08:30:38,98.1,59,36.9,128/71,97,69.4,Patient denies any symptoms or discomfort.,0
PAT-00489,2024-01-29 08:26:44,96.6,75,36.6,182/120,153,69.4,"Indicates chest pain, severe headache, severe blurred vision, dry mouth, frequent urination. immediate attention may be needed.",1
PAT-00489,2024-01-30 08:58:26,98.1,95,36.3,132/94,117,69.4,No symptoms reported. Vitals are within expected range.,0
PAT-00490,2024-01-01 09:49:52,98.2,62,37.3,111/74,71,66.6,No significant complaints today.,0
PAT-00490,2024-01-02 10:20:40,95.0,89,37.2,110/81,131,66.6,Notes frequent urination.,0
PAT-00490,2024-01-03 10:59:10,95.1,64,36.6,147/94,91,66.6,No symptoms reported. Vitals are within expected range.,0
PAT-00490,2024-01-04 09:05:23,96.7,71,38.0,126/79,99,66.6,"Today, patient states fever, muscle aches.",0
PAT-00490,2024-01-05 09:17:59,97.0,75,35.8,110/81,97,66.6,Patient notes that mild coldness.,0
PAT-00490,2024-01-06 09:04:28,96.5,71,38.3,130/89,95,66.6,"Notes headache, muscle aches.",1
PAT-00490,2024-01-07 08:19:08,95.1,94,37.4,130/87,73,66.6,Patient denies any symptoms or discomfort.,0
PAT-00490,2024-01-08 10:43:03,94.8,85,35.6,125/80,94,66.6,Reports lowered energy.,0
PAT-00490,2024-01-09 09:23:44,96.7,57,36.2,125/72,104,66.6,Patient denies any symptoms or discomfort.,0
PAT-00490,2024-01-10 08:54:46,94.5,105,36.6,130/70,129,66.6,"Patient notes that palpitations, frequent urination.",1
PAT-00490,2024-01-11 10:32:08,93.7,97,37.1,165/107,116,66.6,Reports headaches.,0
PAT-00490,2024-01-12 08:56:07,95.0,78,36.4,189/100,107,66.6,"Today, patient states chest pain, severe headache. immediate attention may be needed.",1
PAT-00490,2024-01-13 09:05:56,94.7,83,37.1,144/91,95,66.6,Vitals remain within acceptable limits. No issues noted.,0
PAT-00490,2024-01-14 09:53:05,98.1,90,36.8,143/88,79,66.6,Patient is feeling well with all parameters stable.,0
PAT-00490,2024-01-15 08:40:38,92.5,57,37.0,126/73,73,66.6,No significant complaints today.,0
PAT-00490,2024-01-16 09:45:17,98.2,76,38.6,127/71,87,66.6,"Observes headache, chills.",0
PAT-00490,2024-01-17 10:26:54,98.3,93,38.0,135/91,95,66.6,"Today, patient states chills, severe discomfort. immediate attention may be needed.",0
PAT-00490,2024-01-18 09:52:45,91.9,79,36.7,137/91,115,66.6,Indicates dizziness.,0
PAT-00490,2024-01-19 10:56:38,95.1,77,36.5,120/85,96,66.6,Vitals remain within acceptable limits. No issues noted.,0
PAT-00490,2024-01-20 08:26:03,98.9,71,36.8,123/72,78,66.6,Patient denies any symptoms or discomfort.,0
PAT-00490,2024-01-21 10:09:14,98.8,69,36.9,112/72,131,66.6,Observes frequent urination.,0
PAT-00490,2024-01-22 08:36:44,92.9,59,36.1,135/93,91,66.6,Patient is feeling well with all parameters stable.,0
PAT-00490,2024-01-23 09:03:33,96.5,85,37.1,145/91,140,66.6,Indicates frequent urination.,0
PAT-00490,2024-01-24 10:06:39,97.4,82,37.3,133/85,77,66.6,Patient denies any symptoms or discomfort.,0
PAT-00490,2024-01-25 10:10:34,97.4,85,36.6,160/115,119,66.6,Notes vision issues.,0
PAT-00490,2024-01-26 10:29:05,96.5,90,38.3,114/79,97,66.6,"Reports muscle aches, fever.",0
PAT-00490,2024-01-27 10:15:04,95.9,73,37.1,128/84,98,66.6,Vitals remain within acceptable limits. No issues noted.,0
PAT-00490,2024-01-28 10:10:29,97.0,83,37.1,178/117,160,66.6,"Indicates headaches, severe blurred vision, dry mouth, frequent urination. worsening symptoms present.",1
PAT-00490,2024-01-29 10:02:55,92.9,108,37.6,112/75,124,66.6,"Patient describes restlessness, body aches.",1
PAT-00490,2024-01-30 09:45:21,95.4,53,36.5,167/112,77,66.6,"Patient describes slow pulse, chest tightness.",1
PAT-00491,2024-01-01 10:39:27,99.0,71,35.7,144/87,79,92.4,Indicates lowered energy.,0
PAT-00491,2024-01-02 09:33:53,95.2,106,36.5,141/85,123,92.4,Observes palpitations.,0
PAT-00491,2024-01-03 09:04:43,94.6,90,37.3,168/116,73,92.4,"This morning, headaches.",1
PAT-00491,2024-01-04 08:54:33,94.6,91,36.0,115/75,80,92.4,Vitals remain within acceptable limits. No issues noted.,0
PAT-00491,2024-01-05 09:48:03,96.8,79,37.2,138/87,74,92.4,No significant complaints today.,0
PAT-00491,2024-01-06 08:21:56,94.9,105,36.5,118/78,80,92.4,Patient describes restlessness.,0
PAT-00491,2024-01-07 10:34:24,97.5,63,35.5,129/72,87,92.4,"This morning, mild coldness.",0
PAT-00491,2024-01-08 09:58:01,94.0,70,35.6,124/84,95,92.4,Patient describes lowered energy.,0
PAT-00491,2024-01-09 09:19:39,94.1,72,37.1,111/73,110,92.4,Patient denies any symptoms or discomfort.,0
PAT-00491,2024-01-10 10:37:42,100.0,84,35.6,115/85,98,92.4,Patient notes that mild coldness.,0
PAT-00491,2024-01-11 10:35:55,93.4,105,37.0,118/77,140,92.4,"Observes palpitations, dry mouth.",0
PAT-00491,2024-01-12 09:36:18,95.3,89,38.6,130/78,85,92.4,"Patient notes that muscle aches, severe discomfort. worsening symptoms present.",0
PAT-00491,2024-01-13 09:06:15,98.0,83,37.1,115/82,100,92.4,Patient denies any symptoms or discomfort.,0
PAT-00491,2024-01-14 09:14:56,96.3,85,36.7,120/74,89,92.4,Patient is feeling well with all parameters stable.,0
PAT-00491,2024-01-15 08:41:20,96.2,56,36.8,162/120,92,92.4,Patient notes that chest tightness.,0
PAT-00491,2024-01-16 08:31:59,98.7,104,35.5,166/116,105,92.4,"Observes palpitations, mild coldness, vision issues.",0
PAT-00491,2024-01-17 08:29:59,96.9,103,36.7,121/81,160,92.4,"Today, patient states palpitations, severe blurred vision, dry mouth, frequent urination. worsening symptoms present.",0
PAT-00491,2024-01-18 10:21:44,97.0,58,37.4,124/75,167,92.4,"Patient describes severe blurred vision, dry mouth, frequent urination. worsening symptoms present.",0
PAT-00491,2024-01-19 08:00:56,94.9,95,37.3,116/79,72,92.4,Patient is feeling well with all parameters stable.,0
PAT-00491,2024-01-20 08:12:22,97.1,53,37.1,121/81,120,92.4,Patient notes that fatigue.,1
PAT-00491,2024-01-21 09:47:08,95.2,82,36.2,130/88,77,92.4,Patient is feeling well with all parameters stable.,0
PAT-00491,2024-01-22 09:38:00,92.0,76,36.6,118/82,100,92.4,Vitals remain within acceptable limits. No issues noted.,0
PAT-00491,2024-01-23 10:45:28,96.8,70,36.9,126/79,80,92.4,Vitals remain within acceptable limits. No issues noted.,0
PAT-00491,2024-01-24 10:19:05,93.2,86,36.0,140/93,83,92.4,Vitals remain within acceptable limits. No issues noted.,0
PAT-00491,2024-01-25 09:06:06,97.5,80,36.6,112/85,130,92.4,Reports blurred vision.,0
PAT-00491,2024-01-26 10:32:31,96.3,92,37.8,172/119,78,92.4,"Patient notes that night sweats, headaches.",0
PAT-00491,2024-01-27 09:34:06,98.4,94,38.3,119/79,77,92.4,"This morning, chills, severe discomfort. worsening symptoms present.",0
PAT-00491,2024-01-28 10:57:59,95.6,90,37.0,182/120,90,92.4,"Indicates chest pain, severe headache. immediate attention may be needed.",0
PAT-00491,2024-01-29 09:18:25,96.5,81,36.2,114/82,89,92.4,No significant complaints today.,0
PAT-00491,2024-01-30 09:11:05,99.4,100,36.7,130/93,108,92.4,No symptoms reported. Vitals are within expected range.,0
PAT-00492,2024-01-01 09:22:04,93.3,91,35.7,131/94,85,63.7,Patient notes that mild coldness.,0
PAT-00492,2024-01-02 08:02:24,97.1,53,36.6,116/77,87,63.7,Indicates slow pulse.,1
PAT-00492,2024-01-03 08:52:59,97.1,61,35.7,125/71,72,63.7,Reports mild coldness.,0
PAT-00492,2024-01-04 10:23:52,94.6,89,36.4,185/101,78,63.7,"Patient notes that chest pain, severe headache. immediate attention may be needed.",0
PAT-00492,2024-01-05 08:51:22,97.1,82,37.3,123/73,160,63.7,"Indicates severe blurred vision, dry mouth, frequent urination. worsening symptoms present.",0
PAT-00492,2024-01-06 09:59:54,98.4,92,36.1,147/90,124,63.7,Patient denies any symptoms or discomfort.,0
PAT-00492,2024-01-07 10:22:18,96.8,105,38.3,119/82,86,63.7,"Today, patient states restlessness, headache, chills.",0
PAT-00492,2024-01-08 09:01:57,100.0,79,36.2,146/92,95,63.7,No symptoms reported. Vitals are within expected range.,0
PAT-00492,2024-01-09 09:08:32,95.0,81,36.9,126/76,74,63.7,Patient is feeling well with all parameters stable.,0
PAT-00492,2024-01-10 10:29:51,97.7,99,37.3,124/84,99,63.7,No symptoms reported. Vitals are within expected range.,0
PAT-00492,2024-01-11 10:14:14,95.6,99,36.9,126/75,116,63.7,No symptoms reported. Vitals are within expected range.,0
PAT-00492,2024-01-12 10:58:43,92.1,77,36.9,185/105,85,63.7,"Observes chest pain, severe headache. worsening symptoms present.",0
PAT-00492,2024-01-13 09:11:10,94.9,86,36.6,118/83,98,63.7,No symptoms reported. Vitals are within expected range.,0
PAT-00492,2024-01-14 10:37:15,98.2,86,37.2,110/78,78,63.7,No symptoms reported. Vitals are within expected range.,0
PAT-00492,2024-01-15 10:19:23,93.8,94,37.0,184/104,110,63.7,"Today, patient states chest pain, severe headache. worsening symptoms present.",0
PAT-00492,2024-01-16 08:42:45,96.2,82,36.4,118/85,83,63.7,Patient is feeling well with all parameters stable.,0
PAT-00492,2024-01-17 10:13:46,98.3,107,36.7,177/117,138,63.7,"Notes palpitations, chest tightness, dry mouth.",0
PAT-00492,2024-01-18 09:29:00,95.7,70,37.4,114/79,77,63.7,No significant complaints today.,0
PAT-00492,2024-01-19 10:10:44,98.0,78,37.9,115/85,117,63.7,"Today, patient states night sweats.",0
PAT-00492,2024-01-20 08:52:49,98.1,106,38.5,120/72,125,63.7,"Today, patient states anxiety, chills, severe discomfort. worsening symptoms present.",1
PAT-00492,2024-01-21 08:16:54,97.0,96,36.0,125/78,96,63.7,Patient is feeling well with all parameters stable.,0
PAT-00492,2024-01-22 09:19:59,95.5,106,36.4,116/79,95,63.7,"Today, patient states restlessness.",0
PAT-00492,2024-01-23 09:45:38,96.1,78,38.2,130/83,73,63.7,"Patient describes severe discomfort, muscle aches. immediate attention may be needed.",0
PAT-00492,2024-01-24 09:47:46,93.2,67,36.7,111/84,99,63.7,No symptoms reported. Vitals are within expected range.,0
PAT-00492,2024-01-25 08:10:27,94.8,79,36.8,146/94,78,63.7,No symptoms reported. Vitals are within expected range.,0
PAT-00492,2024-01-26 09:30:23,93.3,55,37.1,110/80,114,63.7,Patient denies any symptoms or discomfort.,0
PAT-00492,2024-01-27 09:15:49,97.9,98,37.0,139/88,79,63.7,Vitals remain within acceptable limits. No issues noted.,0
PAT-00492,2024-01-28 09:35:33,94.3,80,36.2,161/104,99,63.7,"This morning, chest tightness.",1
PAT-00492,2024-01-29 10:54:24,98.6,110,36.9,115/80,82,63.7,Notes palpitations.,1
PAT-00492,2024-01-30 10:32:24,89.2,94,38.9,118/75,83,63.7,"Today, patient states dizziness, headache, muscle aches.",1
PAT-00493,2024-01-01 10:12:00,97.8,90,37.3,116/79,108,59.5,No significant complaints today.,0
PAT-00493,2024-01-02 09:50:59,94.1,79,37.8,163/120,73,59.5,"This morning, body aches, headaches.",0
PAT-00493,2024-01-03 09:16:29,94.1,60,35.6,168/101,71,59.5,"Observes mild coldness, headaches.",0
PAT-00493,2024-01-04 08:33:18,96.4,56,37.0,139/93,154,59.5,"Patient describes severe blurred vision, dry mouth, frequent urination. worsening symptoms present.",0
PAT-00493,2024-01-05 09:40:03,96.7,57,35.8,147/93,162,59.5,"Patient describes lowered energy, severe blurred vision, dry mouth, frequent urination. worsening symptoms present.",0
PAT-00493,2024-01-06 08:09:14,95.4,94,35.8,149/91,120,59.5,"Today, patient states mild coldness.",0
PAT-00493,2024-01-07 08:43:39,93.4,63,36.4,110/78,112,59.5,Patient is feeling well with all parameters stable.,0
PAT-00493,2024-01-08 10:57:33,92.7,101,36.2,183/100,82,59.5,"Patient describes restlessness, chest pain, severe headache. worsening symptoms present.",0
PAT-00493,2024-01-09 08:04:01,95.3,72,36.2,186/101,78,59.5,"Observes chest pain, severe headache. worsening symptoms present.",1
PAT-00493,2024-01-10 09:30:11,95.7,67,36.5,139/92,88,59.5,No significant complaints today.,0
PAT-00493,2024-01-11 09:59:37,99.0,86,38.1,130/85,95,59.5,"Indicates severe discomfort, muscle aches. worsening symptoms present.",1
PAT-00493,2024-01-12 10:36:07,95.7,63,38.8,116/82,163,59.5,"This morning, headache, severe discomfort, severe blurred vision, dry mouth, frequent urination. immediate attention may be needed.",0
PAT-00493,2024-01-13 08:37:12,98.5,110,35.9,136/88,73,59.5,"Observes restlessness, mild coldness.",1
PAT-00493,2024-01-14 08:13:31,95.1,57,37.2,146/92,78,59.5,No symptoms reported. Vitals are within expected range.,0
PAT-00493,2024-01-15 10:51:33,95.4,57,36.4,134/87,90,59.5,Patient denies any symptoms or discomfort.,0
PAT-00493,2024-01-16 10:28:37,95.6,70,36.8,147/89,105,59.5,Patient denies any symptoms or discomfort.,0
PAT-00493,2024-01-17 10:11:12,93.8,73,37.2,120/82,85,59.5,No significant complaints today.,0
PAT-00493,2024-01-18 08:00:55,96.7,50,37.1,140/95,76,59.5,Patient notes that fatigue.,1
PAT-00493,2024-01-19 09:23:56,96.1,51,37.1,115/85,84,59.5,Notes lightheadedness.,1
PAT-00493,2024-01-20 08:13:56,96.1,75,38.9,120/85,110,59.5,"Notes muscle aches, chills.",1
PAT-00493,2024-01-21 08:12:11,97.4,82,36.5,149/86,78,59.5,Patient is feeling well with all parameters stable.,0
PAT-00493,2024-01-22 09:11:11,97.4,108,36.7,132/89,151,59.5,"Reports restlessness, severe blurred vision, dry mouth, frequent urination. immediate attention may be needed.",0
PAT-00493,2024-01-23 09:32:24,94.1,55,36.6,150/88,143,59.5,"Today, patient states dry mouth.",0
PAT-00493,2024-01-24 10:53:39,95.0,106,36.9,115/73,77,59.5,"Today, patient states restlessness.",0
PAT-00493,2024-01-25 09:53:20,95.8,52,36.1,126/70,116,59.5,Indicates fatigue.,1
PAT-00493,2024-01-26 09:18:59,95.9,110,37.9,160/102,85,59.5,"Indicates palpitations, night sweats, chest tightness.",0
PAT-00493,2024-01-27 08:53:29,97.0,97,38.8,112/73,107,59.5,"Patient notes that headache, muscle aches.",1
PAT-00493,2024-01-28 09:43:09,91.1,85,37.0,119/77,74,59.5,Notes low energy.,0
PAT-00493,2024-01-29 10:36:23,95.3,78,36.6,142/92,84,59.5,No symptoms reported. Vitals are within expected range.,0
PAT-00493,2024-01-30 10:52:51,97.3,56,38.2,112/81,71,59.5,"Patient notes that chills, fever.",1
PAT-00494,2024-01-01 10:06:55,95.7,78,37.2,125/74,78,70.3,Vitals remain within acceptable limits. No issues noted.,0
PAT-00494,2024-01-02 09:40:07,96.2,84,36.0,110/82,91,70.3,No significant complaints today.,0
PAT-00494,2024-01-03 08:49:32,95.3,90,36.6,129/74,92,70.3,Vitals remain within acceptable limits. No issues noted.,0
PAT-00494,2024-01-04 10:50:39,94.4,90,36.6,174/101,90,70.3,Reports vision issues.,1
PAT-00494,2024-01-05 09:44:40,96.8,68,38.8,119/85,142,70.3,"This morning, headache, fever, blurred vision.",1
PAT-00494,2024-01-06 10:53:00,98.8,106,36.9,181/102,100,70.3,"Observes palpitations, chest pain, severe headache. worsening symptoms present.",1
PAT-00494,2024-01-07 10:24:46,95.8,73,36.9,129/74,89,70.3,No symptoms reported. Vitals are within expected range.,0
PAT-00494,2024-01-08 10:50:15,99.3,78,38.1,127/74,100,70.3,"Notes fever, chills.",0
PAT-00494,2024-01-09 08:50:43,95.3,67,36.0,114/71,79,70.3,No symptoms reported. Vitals are within expected range.,0
PAT-00494,2024-01-10 08:48:59,94.4,83,37.2,135/89,99,70.3,Patient denies any symptoms or discomfort.,0
PAT-00494,2024-01-11 08:47:25,96.6,67,37.1,123/79,156,70.3,"Observes severe blurred vision, dry mouth, frequent urination. worsening symptoms present.",1
PAT-00494,2024-01-12 10:09:28,94.7,60,36.8,142/85,125,70.3,Patient is feeling well with all parameters stable.,0
PAT-00494,2024-01-13 10:22:24,95.0,92,37.1,135/85,108,70.3,No symptoms reported. Vitals are within expected range.,0
PAT-00494,2024-01-14 09:27:37,91.8,104,35.8,110/76,77,70.3,"Patient notes that low energy, restlessness, lowered energy.",1
PAT-00494,2024-01-15 08:56:13,96.6,105,36.5,115/76,95,70.3,Indicates anxiety.,1
PAT-00494,2024-01-16 10:34:08,96.9,62,38.1,127/70,73,70.3,"This morning, severe discomfort, muscle aches. worsening symptoms present.",0
PAT-00494,2024-01-17 09:52:34,100.0,65,37.5,173/107,161,70.3,"Patient notes that mild fever, vision issues, severe blurred vision, dry mouth, frequent urination. worsening symptoms present.",0
PAT-00494,2024-01-18 08:51:45,94.5,106,36.0,147/87,96,70.3,Notes palpitations.,1
PAT-00494,2024-01-19 09:30:25,97.7,66,36.1,146/85,73,70.3,Vitals remain within acceptable limits. No issues noted.,0
PAT-00494,2024-01-20 10:16:47,93.3,84,36.9,123/81,91,70.3,No symptoms reported. Vitals are within expected range.,0
PAT-00494,2024-01-21 08:25:39,95.5,94,35.6,115/84,82,70.3,Reports lowered energy.,0
PAT-00494,2024-01-22 10:36:05,92.5,93,36.6,128/71,87,70.3,Patient denies any symptoms or discomfort.,0
PAT-00494,2024-01-23 08:43:14,97.7,74,36.9,113/82,100,70.3,Patient is feeling well with all parameters stable.,0
PAT-00494,2024-01-24 10:02:23,95.2,93,37.1,112/79,88,70.3,No symptoms reported. Vitals are within expected range.,0
PAT-00494,2024-01-25 09:32:13,93.3,73,36.4,112/80,163,70.3,"Patient notes that severe blurred vision, dry mouth, frequent urination. worsening symptoms present.",1
PAT-00494,2024-01-26 09:45:50,94.6,76,35.9,115/73,78,70.3,"This morning, mild coldness.",0
PAT-00494,2024-01-27 10:09:22,97.4,82,37.9,124/73,78,70.3,"Today, patient states body aches.",0
PAT-00494,2024-01-28 09:52:47,93.9,89,36.7,111/78,97,70.3,No significant complaints today.,0
PAT-00494,2024-01-29 10:26:25,96.8,89,36.6,145/88,89,70.3,No symptoms reported. Vitals are within expected range.,0
PAT-00494,2024-01-30 10:39:30,96.9,105,36.6,110/77,102,70.3,Indicates palpitations.,1
PAT-00495,2024-01-01 08:03:53,97.4,73,36.8,125/81,73,76.2,Patient denies any symptoms or discomfort.,0
PAT-00495,2024-01-02 09:07:52,96.5,94,37.4,189/111,86,76.2,"Patient describes chest pain, severe headache. immediate attention may be needed.",1
PAT-00495,2024-01-03 08:29:36,94.9,63,36.7,119/81,150,76.2,"Observes severe blurred vision, dry mouth, frequent urination. immediate attention may be needed.",0
PAT-00495,2024-01-04 09:32:17,99.6,84,36.7,121/77,87,76.2,No symptoms reported. Vitals are within expected range.,0
PAT-00495,2024-01-05 09:37:22,97.0,81,36.3,144/91,98,76.2,Patient is feeling well with all parameters stable.,0
PAT-00495,2024-01-06 08:02:06,95.9,93,37.3,148/91,135,76.2,Observes blurred vision.,0
PAT-00495,2024-01-07 10:34:55,93.8,105,37.0,133/87,91,76.2,Notes anxiety.,0
PAT-00495,2024-01-08 09:02:21,93.7,68,36.4,136/86,81,76.2,Vitals remain within acceptable limits. No issues noted.,0
PAT-00495,2024-01-09 10:38:18,93.8,83,35.8,123/79,171,76.2,"Indicates mild coldness, severe blurred vision, dry mouth, frequent urination. immediate attention may be needed.",1
PAT-00495,2024-01-10 08:42:57,96.4,56,36.6,167/101,83,76.2,Indicates chest tightness.,1
PAT-00495,2024-01-11 08:09:53,95.4,59,36.7,114/74,100,76.2,No significant complaints today.,0
PAT-00495,2024-01-12 09:40:13,88.1,73,35.5,118/80,97,76.2,"This morning, severe shortness of breath, dizziness, mild coldness. worsening symptoms present.",1
PAT-00495,2024-01-13 09:19:13,97.1,72,36.8,119/78,90,76.2,Patient denies any symptoms or discomfort.,0
PAT-00495,2024-01-14 10:38:07,97.3,64,36.6,169/114,117,76.2,"Today, patient states headaches.",0
PAT-00495,2024-01-15 08:00:36,92.1,81,37.1,114/82,145,76.2,Indicates dry mouth.,0
PAT-00495,2024-01-16 08:06:00,94.5,54,36.1,123/78,115,76.2,Patient describes lightheadedness.,1
PAT-00495,2024-01-17 09:38:20,99.0,83,35.7,120/73,142,76.2,"This morning, lowered energy, blurred vision.",0
PAT-00495,2024-01-18 08:55:38,96.8,84,35.6,133/91,80,76.2,Patient describes mild coldness.,0
PAT-00495,2024-01-19 10:02:16,94.0,59,37.1,131/92,166,76.2,"Observes severe blurred vision, dry mouth, frequent urination. worsening symptoms present.",1
PAT-00495,2024-01-20 09:01:16,96.7,64,37.9,142/89,96,76.2,Patient describes night sweats.,0
PAT-00495,2024-01-21 10:00:24,96.9,72,36.5,118/70,101,76.2,No symptoms reported. Vitals are within expected range.,0
PAT-00495,2024-01-22 10:57:50,99.3,107,37.3,172/109,75,76.2,"Notes palpitations, headaches.",0
PAT-00495,2024-01-23 09:24:09,98.0,55,37.2,118/74,105,76.2,No significant complaints today.,0
PAT-00495,2024-01-24 10:51:01,96.4,90,36.5,123/77,101,76.2,No significant complaints today.,0
PAT-00495,2024-01-25 08:59:25,94.7,86,36.6,124/75,116,76.2,Patient denies any symptoms or discomfort.,0
PAT-00495,2024-01-26 09:21:13,96.5,55,37.2,150/87,90,76.2,Vitals remain within acceptable limits. No issues noted.,0
PAT-00495,2024-01-27 10:46:42,97.1,93,36.9,161/107,82,76.2,Reports vision issues.,1
PAT-00495,2024-01-28 09:51:43,96.1,94,36.9,146/93,94,76.2,No significant complaints today.,0
PAT-00495,2024-01-29 08:42:33,96.0,86,35.7,123/81,91,76.2,Observes mild coldness.,0
PAT-00495,2024-01-30 10:32:20,94.8,80,37.1,148/87,106,76.2,Patient denies any symptoms or discomfort.,0
PAT-00496,2024-01-01 09:23:47,97.7,90,36.6,134/94,120,88.1,No symptoms reported. Vitals are within expected range.,0
PAT-00496,2024-01-02 09:38:31,92.2,68,37.1,117/83,98,88.1,Patient denies any symptoms or discomfort.,0
PAT-00496,2024-01-03 09:29:31,96.9,87,36.5,116/72,80,88.1,Patient denies any symptoms or discomfort.,0
PAT-00496,2024-01-04 08:09:19,99.7,61,36.3,127/74,72,88.1,Patient is feeling well with all parameters stable.,0
PAT-00496,2024-01-05 08:20:05,98.1,71,36.2,133/94,108,88.1,No significant complaints today.,0
PAT-00496,2024-01-06 10:55:59,98.0,64,37.1,146/93,125,88.1,No symptoms reported. Vitals are within expected range.,0
PAT-00496,2024-01-07 10:02:56,94.6,103,36.9,117/77,119,88.1,"This morning, anxiety.",0
PAT-00496,2024-01-08 08:41:30,96.9,105,36.4,123/71,74,88.1,Notes palpitations.,0
PAT-00496,2024-01-09 08:43:05,100.0,71,36.9,144/90,94,88.1,No significant complaints today.,0
PAT-00496,2024-01-10 10:04:05,100.0,53,36.3,138/88,82,88.1,Observes lightheadedness.,1
PAT-00496,2024-01-11 09:45:40,97.0,51,36.4,116/72,77,88.1,Notes lightheadedness.,1
PAT-00496,2024-01-12 09:27:13,93.6,94,36.5,140/91,93,88.1,Patient is feeling well with all parameters stable.,0
PAT-00496,2024-01-13 09:47:09,96.3,60,38.8,120/75,121,88.1,"Indicates headache, severe discomfort. immediate attention may be needed.",1
PAT-00496,2024-01-14 08:13:56,97.5,62,36.7,120/72,70,88.1,No symptoms reported. Vitals are within expected range.,0
PAT-00496,2024-01-15 08:47:31,91.6,73,37.8,124/74,129,88.1,"Today, patient states shortness of breath, mild fever, dry mouth.",0
PAT-00496,2024-01-16 08:15:46,98.4,54,36.6,164/100,76,88.1,"Patient notes that lightheadedness, vision issues.",0
PAT-00496,2024-01-17 08:18:29,95.3,98,38.4,112/75,156,88.1,"Today, patient states muscle aches, severe discomfort, severe blurred vision, dry mouth, frequent urination. immediate attention may be needed.",1
PAT-00496,2024-01-18 10:17:11,95.5,87,37.2,122/78,147,88.1,"Today, patient states blurred vision.",0
PAT-00496,2024-01-19 10:40:42,98.0,74,38.5,123/81,99,88.1,"This morning, headache, fever.",0
PAT-00496,2024-01-20 09:55:02,98.5,63,36.8,110/71,108,88.1,Patient is feeling well with all parameters stable.,0
PAT-00496,2024-01-21 08:09:07,98.6,100,35.9,126/81,124,88.1,Observes mild coldness.,0
PAT-00496,2024-01-22 09:16:13,98.2,70,35.7,187/118,105,88.1,"Patient notes that lowered energy, chest pain, severe headache. immediate attention may be needed.",1
PAT-00496,2024-01-23 09:46:26,99.1,54,36.2,164/104,91,88.1,"Reports lightheadedness, headaches.",0
PAT-00496,2024-01-24 09:16:48,94.6,66,35.8,128/84,73,88.1,Observes mild coldness.,0
PAT-00496,2024-01-25 08:46:47,96.0,83,36.1,119/76,76,88.1,No symptoms reported. Vitals are within expected range.,0
PAT-00496,2024-01-26 09:50:42,95.2,87,38.4,136/89,139,88.1,"Patient notes that severe discomfort, chills, frequent urination. immediate attention may be needed.",0
PAT-00496,2024-01-27 09:09:26,97.2,66,36.5,131/86,81,88.1,Vitals remain within acceptable limits. No issues noted.,0
PAT-00496,2024-01-28 10:17:01,98.5,84,37.4,148/85,146,88.1,Observes frequent urination.,0
PAT-00496,2024-01-29 08:50:41,97.7,74,36.9,112/76,93,88.1,Vitals remain within acceptable limits. No issues noted.,0
PAT-00496,2024-01-30 09:32:15,95.6,77,38.8,119/73,134,88.1,"Reports chills, headache, blurred vision.",1
PAT-00497,2024-01-01 08:27:39,97.2,110,37.9,125/76,117,70.2,"Reports palpitations, night sweats.",1
PAT-00497,2024-01-02 08:06:47,95.3,71,36.8,141/87,80,70.2,No significant complaints today.,0
PAT-00497,2024-01-03 10:34:47,98.4,57,36.6,123/85,79,70.2,No significant complaints today.,0
PAT-00497,2024-01-04 09:09:52,96.3,92,36.1,116/72,84,70.2,No significant complaints today.,0
PAT-00497,2024-01-05 10:33:37,98.5,71,36.8,117/82,83,70.2,No significant complaints today.,0
PAT-00497,2024-01-06 09:28:24,96.1,94,36.9,137/85,81,70.2,Patient is feeling well with all parameters stable.,0
PAT-00497,2024-01-07 08:21:52,95.5,51,36.6,131/85,93,70.2,Reports lightheadedness.,0
PAT-00497,2024-01-08 08:20:13,94.5,95,37.0,121/73,77,70.2,Patient is feeling well with all parameters stable.,0
PAT-00497,2024-01-09 10:14:06,97.5,105,38.3,125/83,107,70.2,"Indicates palpitations, fever, severe discomfort. worsening symptoms present.",0
PAT-00497,2024-01-10 08:42:18,96.3,102,37.0,126/76,123,70.2,Reports anxiety.,0
PAT-00497,2024-01-11 08:54:22,95.3,69,37.3,139/93,76,70.2,Vitals remain within acceptable limits. No issues noted.,0
PAT-00497,2024-01-12 08:45:52,92.6,92,36.7,124/77,91,70.2,Patient is feeling well with all parameters stable.,0
PAT-00497,2024-01-13 08:02:27,95.3,101,36.1,112/85,96,70.2,"This morning, restlessness.",0
PAT-00497,2024-01-14 08:05:31,96.3,91,36.9,117/79,87,70.2,Patient denies any symptoms or discomfort.,0
PAT-00497,2024-01-15 08:31:16,96.1,85,37.5,125/72,78,70.2,"This morning, night sweats.",0
PAT-00497,2024-01-16 08:49:03,93.7,97,36.3,188/103,88,70.2,"Today, patient states chest pain, severe headache. worsening symptoms present.",0
PAT-00497,2024-01-17 10:16:45,94.9,92,35.7,186/107,148,70.2,"Patient describes mild coldness, chest pain, severe headache, frequent urination. worsening symptoms present.",0
PAT-00497,2024-01-18 08:29:24,94.3,54,36.9,145/86,90,70.2,Notes fatigue.,0
PAT-00497,2024-01-19 09:36:40,97.6,85,37.6,132/89,123,70.2,Indicates body aches.,0
PAT-00497,2024-01-20 09:41:20,96.7,88,37.3,121/75,104,70.2,Patient is feeling well with all parameters stable.,0
PAT-00497,2024-01-21 09:19:08,95.5,71,36.1,116/75,79,70.2,Patient is feeling well with all parameters stable.,0
PAT-00497,2024-01-22 08:58:50,97.2,94,36.8,111/83,88,70.2,Vitals remain within acceptable limits. No issues noted.,0
PAT-00497,2024-01-23 10:27:51,94.8,60,38.7,111/80,71,70.2,"Today, patient states severe discomfort, fever. worsening symptoms present.",0
PAT-00497,2024-01-24 08:35:55,95.1,102,37.9,130/74,70,70.2,"Notes palpitations, body aches.",1
PAT-00497,2024-01-25 09:52:16,96.7,94,36.8,146/86,131,70.2,Indicates frequent urination.,0
PAT-00497,2024-01-26 10:38:10,95.5,57,37.4,122/84,75,70.2,No significant complaints today.,0
PAT-00497,2024-01-27 10:57:18,95.5,61,35.8,126/76,82,70.2,Observes lowered energy.,0
PAT-00497,2024-01-28 09:41:07,94.2,98,36.0,119/73,72,70.2,Vitals remain within acceptable limits. No issues noted.,0
PAT-00497,2024-01-29 09:39:15,92.8,90,35.6,110/81,105,70.2,"Today, patient states mild coldness.",0
PAT-00497,2024-01-30 10:16:15,96.1,58,35.9,129/82,140,70.2,"Reports mild coldness, dry mouth.",0
PAT-00498,2024-01-01 09:54:05,96.3,102,36.3,125/83,109,49.7,Patient describes restlessness.,1
PAT-00498,2024-01-02 09:34:27,95.5,54,36.5,111/84,85,49.7,Indicates fatigue.,1
PAT-00498,2024-01-03 09:31:07,93.9,99,37.0,115/74,85,49.7,No significant complaints today.,0
PAT-00498,2024-01-04 09:57:37,97.0,63,37.4,132/94,87,49.7,Vitals remain within acceptable limits. No issues noted.,0
PAT-00498,2024-01-05 08:51:13,95.4,60,36.5,146/86,97,49.7,Vitals remain within acceptable limits. No issues noted.,0
PAT-00498,2024-01-06 09:52:39,96.4,54,36.2,123/84,92,49.7,Indicates fatigue.,0
PAT-00498,2024-01-07 10:23:43,99.7,99,38.7,111/74,85,49.7,"Reports fever, muscle aches.",0
PAT-00498,2024-01-08 08:46:28,98.7,84,38.7,112/83,123,49.7,"This morning, fever, chills.",0
PAT-00498,2024-01-09 10:55:43,96.9,50,37.3,142/94,71,49.7,Patient describes fatigue.,0
PAT-00498,2024-01-10 08:17:43,100.0,95,36.8,181/108,80,49.7,"Notes chest pain, severe headache. immediate attention may be needed.",0
PAT-00498,2024-01-11 10:41:20,96.2,90,37.4,182/112,94,49.7,"Today, patient states chest pain, severe headache. immediate attention may be needed.",0
PAT-00498,2024-01-12 09:35:24,97.9,86,37.5,164/116,81,49.7,"This morning, body aches, chest tightness.",1
PAT-00498,2024-01-13 08:56:05,95.3,59,37.7,132/91,144,49.7,"Observes body aches, dry mouth.",0
PAT-00498,2024-01-14 09:25:36,94.7,58,37.3,115/74,108,49.7,Vitals remain within acceptable limits. No issues noted.,0
PAT-00498,2024-01-15 09:55:52,98.7,110,37.0,119/75,73,49.7,Patient describes palpitations.,1
PAT-00498,2024-01-16 09:15:13,96.9,96,39.0,127/70,106,49.7,"Notes severe discomfort, chills. worsening symptoms present.",0
PAT-00498,2024-01-17 10:59:10,96.7,100,37.3,119/83,112,49.7,Patient denies any symptoms or discomfort.,0
PAT-00498,2024-01-18 10:37:30,94.3,76,35.7,127/76,133,49.7,"This morning, lowered energy, dry mouth.",0
PAT-00498,2024-01-19 09:22:52,93.7,58,35.6,143/85,108,49.7,Indicates lowered energy.,0
PAT-00498,2024-01-20 09:55:01,96.7,110,36.8,147/93,79,49.7,Patient notes that palpitations.,1
PAT-00498,2024-01-21 08:52:02,95.5,59,37.0,150/94,99,49.7,Patient denies any symptoms or discomfort.,0
PAT-00498,2024-01-22 09:38:33,94.9,79,38.1,121/82,94,49.7,"This morning, headache, chills.",1
PAT-00498,2024-01-23 10:02:37,97.3,80,38.4,110/83,97,49.7,"Patient describes headache, fever.",0
PAT-00498,2024-01-24 09:59:00,98.3,105,36.6,141/92,153,49.7,"This morning, anxiety, severe blurred vision, dry mouth, frequent urination. immediate attention may be needed.",1
PAT-00498,2024-01-25 10:26:41,95.7,63,37.0,113/75,87,49.7,Patient denies any symptoms or discomfort.,0
PAT-00498,2024-01-26 08:08:11,95.4,52,38.9,110/85,79,49.7,"Patient notes that lightheadedness, severe discomfort, chills. immediate attention may be needed.",1
PAT-00498,2024-01-27 10:37:34,96.3,52,36.5,145/91,120,49.7,Indicates fatigue.,1
PAT-00498,2024-01-28 09:18:57,92.6,50,36.8,123/72,115,49.7,Patient describes fatigue.,0
PAT-00498,2024-01-29 09:14:34,91.9,70,35.8,130/80,74,49.7,"This morning, dizziness, lowered energy.",1
PAT-00498,2024-01-30 08:17:06,96.4,84,35.7,180/102,114,49.7,"Patient describes lowered energy, vision issues.",1
PAT-00499,2024-01-01 10:04:45,95.9,67,37.7,123/73,117,73.7,Observes night sweats.,0
PAT-00499,2024-01-02 08:52:00,97.0,62,36.9,127/83,73,73.7,No significant complaints today.,0
PAT-00499,2024-01-03 10:20:07,94.4,102,37.2,184/115,104,73.7,"This morning, restlessness, chest pain, severe headache. immediate attention may be needed.",1
PAT-00499,2024-01-04 10:24:07,96.1,103,37.1,116/80,71,73.7,"Today, patient states palpitations.",0
PAT-00499,2024-01-05 08:16:10,98.6,52,38.2,136/90,79,73.7,"Notes slow pulse, fever, severe discomfort. worsening symptoms present.",0
PAT-00499,2024-01-06 08:37:51,97.8,63,37.1,119/78,155,73.7,"Patient notes that severe blurred vision, dry mouth, frequent urination. immediate attention may be needed.",0
PAT-00499,2024-01-07 08:48:20,94.1,81,37.6,144/94,97,73.7,Reports night sweats.,0
PAT-00499,2024-01-08 08:14:08,95.1,107,35.9,117/78,87,73.7,"Patient describes restlessness, mild coldness.",1
PAT-00499,2024-01-09 08:55:27,96.3,84,37.3,112/79,86,73.7,No symptoms reported. Vitals are within expected range.,0
PAT-00499,2024-01-10 08:57:34,98.2,88,36.7,121/83,80,73.7,No significant complaints today.,0
PAT-00499,2024-01-11 08:58:19,95.7,65,36.6,143/87,120,73.7,Vitals remain within acceptable limits. No issues noted.,0
PAT-00499,2024-01-12 10:45:00,96.1,53,36.2,130/79,150,73.7,"This morning, lightheadedness, severe blurred vision, dry mouth, frequent urination. worsening symptoms present.",0
PAT-00499,2024-01-13 09:24:24,95.7,77,36.5,116/72,173,73.7,"This morning, severe blurred vision, dry mouth, frequent urination. worsening symptoms present.",1
PAT-00499,2024-01-14 08:42:13,95.4,56,36.2,128/77,73,73.7,Patient is feeling well with all parameters stable.,0
PAT-00499,2024-01-15 09:30:57,94.3,96,36.5,119/73,100,73.7,Patient is feeling well with all parameters stable.,0
PAT-00499,2024-01-16 09:11:05,97.7,66,35.5,135/94,163,73.7,"This morning, lowered energy, severe blurred vision, dry mouth, frequent urination. immediate attention may be needed.",1
PAT-00499,2024-01-17 10:29:37,96.7,53,37.1,119/83,117,73.7,Notes lightheadedness.,0
PAT-00499,2024-01-18 09:39:15,93.5,93,36.5,111/70,104,73.7,Patient denies any symptoms or discomfort.,0
PAT-00499,2024-01-19 10:34:14,93.5,60,36.6,128/82,70,73.7,No significant complaints today.,0
PAT-00499,2024-01-20 10:54:07,93.8,77,38.3,112/77,140,73.7,"This morning, severe discomfort, chills, frequent urination. worsening symptoms present.",1
PAT-00499,2024-01-21 09:38:50,97.5,64,37.1,118/79,173,73.7,"This morning, severe blurred vision, dry mouth, frequent urination. immediate attention may be needed.",0
PAT-00499,2024-01-22 10:05:36,94.7,106,36.7,138/91,107,73.7,"Today, patient states restlessness.",1
PAT-00499,2024-01-23 09:26:10,96.8,86,36.7,123/72,75,73.7,Patient is feeling well with all parameters stable.,0
PAT-00499,2024-01-24 09:09:40,96.1,92,36.6,132/92,87,73.7,No significant complaints today.,0
PAT-00499,2024-01-25 10:13:19,96.0,68,36.9,125/84,74,73.7,Patient denies any symptoms or discomfort.,0
PAT-00499,2024-01-26 10:52:20,93.2,80,36.6,134/87,117,73.7,Patient is feeling well with all parameters stable.,0
PAT-00499,2024-01-27 09:12:45,94.1,86,35.9,124/74,176,73.7,"Patient describes mild coldness, severe blurred vision, dry mouth, frequent urination. worsening symptoms present.",0
PAT-00499,2024-01-28 08:50:28,97.4,73,36.9,127/81,87,73.7,Patient is feeling well with all parameters stable.,0
PAT-00499,2024-01-29 08:22:14,96.1,69,38.6,114/76,112,73.7,"Observes muscle aches, severe discomfort. worsening symptoms present.",1
PAT-00499,2024-01-30 08:41:43,99.1,92,37.0,132/88,120,73.7,Patient is feeling well with all parameters stable.,0
PAT-00500,2024-01-01 09:53:53,96.4,60,37.6,165/102,76,68.3,"This morning, night sweats, chest tightness.",0
PAT-00500,2024-01-02 10:55:22,99.0,109,37.1,129/71,75,68.3,"Today, patient states restlessness.",0
PAT-00500,2024-01-03 09:26:31,96.8,85,35.7,110/83,88,68.3,"This morning, lowered energy.",0
PAT-00500,2024-01-04 10:47:03,98.3,94,37.5,130/74,116,68.3,Reports night sweats.,0
PAT-00500,2024-01-05 08:00:13,98.7,51,36.4,122/80,180,68.3,"Today, patient states lightheadedness, severe blurred vision, dry mouth, frequent urination. worsening symptoms present.",0
PAT-00500,2024-01-06 08:49:11,94.9,62,37.0,123/72,106,68.3,Patient is feeling well with all parameters stable.,0
PAT-00500,2024-01-07 08:48:01,98.3,76,38.8,176/116,108,68.3,"Notes muscle aches, headache, vision issues.",0
PAT-00500,2024-01-08 09:28:00,97.9,71,37.0,110/70,112,68.3,Patient is feeling well with all parameters stable.,0
PAT-00500,2024-01-09 09:14:31,96.3,70,38.0,114/70,99,68.3,"Observes severe discomfort, fever. worsening symptoms present.",0
PAT-00500,2024-01-10 08:15:41,94.4,102,36.8,125/85,80,68.3,Patient describes restlessness.,0
PAT-00500,2024-01-11 08:05:39,94.1,54,37.6,111/82,114,68.3,"Patient notes that slow pulse, night sweats.",0
PAT-00500,2024-01-12 08:25:32,94.8,94,36.4,138/95,77,68.3,Patient is feeling well with all parameters stable.,0
PAT-00500,2024-01-13 08:33:00,98.8,65,35.9,112/76,70,68.3,Patient notes that mild coldness.,0
PAT-00500,2024-01-14 10:24:45,95.7,97,36.1,133/92,91,68.3,No significant complaints today.,0
PAT-00500,2024-01-15 08:35:43,95.1,56,37.8,111/85,97,68.3,Patient describes mild fever.,0
PAT-00500,2024-01-16 09:14:57,96.5,59,36.1,141/94,73,68.3,Patient denies any symptoms or discomfort.,0
PAT-00500,2024-01-17 10:36:57,97.5,72,35.9,112/79,87,68.3,"Today, patient states mild coldness.",0
PAT-00500,2024-01-18 10:13:58,97.1,61,37.5,125/76,101,68.3,Observes mild fever.,0
PAT-00500,2024-01-19 08:14:23,92.8,72,37.6,125/74,75,68.3,"Today, patient states night sweats.",0
PAT-00500,2024-01-20 08:39:32,95.6,90,36.5,127/75,142,68.3,Reports blurred vision.,0
PAT-00500,2024-01-21 10:25:00,95.7,79,36.7,113/79,81,68.3,No symptoms reported. Vitals are within expected range.,0
PAT-00500,2024-01-22 10:37:25,94.5,71,36.2,138/88,73,68.3,No significant complaints today.,0
PAT-00500,2024-01-23 08:44:02,97.3,55,37.3,150/92,85,68.3,Patient denies any symptoms or discomfort.,0
PAT-00500,2024-01-24 10:23:59,97.0,50,37.1,187/120,71,68.3,"Patient describes slow pulse, chest pain, severe headache. immediate attention may be needed.",1
PAT-00500,2024-01-25 09:47:56,96.4,84,36.7,149/85,70,68.3,No significant complaints today.,0
PAT-00500,2024-01-26 08:49:07,94.1,80,37.0,115/77,113,68.3,Vitals remain within acceptable limits. No issues noted.,0
PAT-00500,2024-01-27 09:54:48,96.0,108,37.1,164/114,80,68.3,"Patient describes anxiety, chest tightness.",0
PAT-00500,2024-01-28 09:15:24,95.4,73,37.0,112/85,130,68.3,Indicates frequent urination.,0
PAT-00500,2024-01-29 10:16:24,91.8,71,38.7,115/70,109,68.3,"This morning, shortness of breath, headache, severe discomfort. immediate attention may be needed.",0
PAT-00500,2024-01-30 08:28:53,94.6,70,37.2,122/84,86,68.3,Patient is feeling well with all parameters stable.,0
